<<<<<<< Updated upstream
Trading Day,Date,Open,High,Low,Close,Volume,Dividends,Stock Splits,date_only,Close_ema_12,Close_ema_26,rsi,ADX,Close_ema_20,sma_20,Close_ema_5,macd,macd_ema_9,RollingMean,RollingStd,UpperBand1,LowerBand1,UpperBand2,LowerBand2,symbol,created_on
1,2023-08-21 00:00:00+05:30,234.89999389648438,257.3999938964844,234.6999969482422,250.10000610351562,189283,0.0,0.0,2023-08-21,225.06599783124616,207.7838803201475,68.43431235820897,46.8101928765072,213.99781404751332,207.39749908447266,237.00269051463633,17.282117511098676,14.276214526133966,207.39749908447266,28.172325064975585,235.56982414944824,179.22517401949708,263.7421492144238,151.0528489545215,BIRLACABLE.BO,2023-08-21 12:13:24.498214
2,2023-08-18 00:00:00+05:30,234.9499969482422,241.89999389648438,230.0500030517578,231.6999969482422,38460,0.0,0.0,2023-08-18,220.51435996356082,204.39859025747802,63.05008290723049,45.9442038263681,210.19758330477623,203.3749984741211,230.45403272019666,16.1157697060828,13.524738779892788,203.3749984741211,27.489402657413287,230.86440113153438,175.88559581670782,258.3538037889477,148.3961931592945,BIRLACABLE.BO,2023-08-21 12:13:24.498214
3,2023-08-17 00:00:00+05:30,235.0500030517578,237.9499969482422,228.5,230.60000610351562,64758,0.0,0.0,2023-08-17,218.48060778452785,202.21447772221688,62.6968640949345,45.59394646850741,207.93417134230614,200.2624984741211,229.8310506061739,16.266130062310964,12.876981048345282,200.2624984741211,27.637241251366596,227.89973972548768,172.6252572227545,255.5369809768543,144.98801597138788,BIRLACABLE.BO,2023-08-21 12:13:24.498214
4,2023-08-16 00:00:00+05:30,228.9499969482422,246.89999389648438,222.64999389648438,236.9499969482422,48865,0.0,0.0,2023-08-16,216.27708081743918,199.943635451713,66.08309927560116,45.38669014080268,205.54829399902093,197.17999801635742,229.446572857503,16.33344536572619,12.029693794853861,197.17999801635742,27.513247696089298,224.69324571244672,169.6667503202681,252.206493408536,142.15350262417883,BIRLACABLE.BO,2023-08-21 12:13:24.498214
5,2023-08-14 00:00:00+05:30,225.0500030517578,231.14999389648438,214.5500030517578,221.0500030517578,90521,0.0,0.0,2023-08-14,212.5183687936568,196.98312653199068,61.21225114585262,45.16349101865912,202.24285158331344,193.75249786376952,225.6948608121334,15.535242261666127,10.953755902135777,193.75249786376952,26.551120358083125,220.30361822185264,167.2013775056864,246.85473857993577,140.65025714760327,BIRLACABLE.BO,2023-08-21 12:13:24.498214
6,2023-08-11 00:00:00+05:30,233.0500030517578,251.0,230.0,231.64999389648438,45990,0.0,0.0,2023-08-11,210.96716256491118,195.0577764104093,67.18515931063108,45.644104407485294,200.26315142874034,191.19499740600585,228.01728969232119,15.909386154501874,9.808384312253189,191.19499740600585,26.245049495406892,217.44004690141276,164.94994791059895,243.68509639681963,138.70489841519208,BIRLACABLE.BO,2023-08-21 12:13:24.498214
7,2023-08-10 00:00:00+05:30,257.1499938964844,257.25,233.14999389648438,238.39999389648438,276005,0.0,0.0,2023-08-10,207.2066477773524,192.1303990115233,71.29896662058769,44.04861928145594,196.95927327424099,188.06499786376952,226.20093759023956,15.076248765829092,8.283133851691018,188.06499786376952,24.86289343424291,212.92789129801244,163.2021044295266,237.79078473225533,138.3392109952837,BIRLACABLE.BO,2023-08-21 12:13:24.498214
8,2023-08-09 00:00:00+05:30,218.0,257.70001220703125,217.3000030517578,252.0500030517578,566920,0.0,0.0,2023-08-09,201.53513030114658,188.42883142072642,80.5618023752307,41.83261511839022,192.59709215611008,184.5849983215332,220.10140943711713,13.106298880420155,6.5848551231564985,184.5849983215332,22.17208556975948,206.75708389129267,162.41291275177372,228.92916946105214,140.24082718201424,BIRLACABLE.BO,2023-08-21 12:13:24.498214
9,2023-08-08 00:00:00+05:30,235.5,236.35000610351562,212.3000030517578,214.75,255981,0.0,0.0,2023-08-08,192.35060798285363,183.33913769024392,71.00294054627219,39.446149096627146,186.33889100919978,180.4674980163574,204.12711262979673,9.011470292609715,4.954494183840584,180.4674980163574,15.680001374720012,196.14749939107742,164.7874966416374,211.82750076579742,149.1074952669174,BIRLACABLE.BO,2023-08-21 12:13:24.498214
10,2023-08-07 00:00:00+05:30,198.3000030517578,225.39999389648438,198.3000030517578,225.39999389648438,569987,0.0,0.0,2023-08-07,188.27799125246338,180.8262687054634,81.64810550195867,37.49029419662354,183.34824795753659,178.42999801635742,198.81566894469506,7.451722546999974,3.940250156648301,178.42999801635742,13.48468308947199,191.9146811058294,164.94531492688543,205.3993641953014,151.46063183741344,BIRLACABLE.BO,2023-08-21 12:13:24.498214
11,2023-08-04 00:00:00+05:30,186.0500030517578,196.8000030517578,186.0500030517578,187.85000610351562,67303,0.0,0.0,2023-08-04,181.52853622627774,177.26037069018173,63.955586246769165,35.824205377590495,178.92174838501575,175.92999801635742,185.5235064688004,4.2681655360960065,3.0623820590603823,175.92999801635742,7.721798585254938,183.65179660161235,168.20819943110249,191.3735951868673,160.48640084584753,BIRLACABLE.BO,2023-08-21 12:13:24.498214
12,2023-08-03 00:00:00+05:30,176.0500030517578,191.5,176.0500030517578,185.85000610351562,54431,0.0,0.0,2023-08-03,180.37917806677993,176.41319985711502,62.150908760244725,36.08258021530758,177.9819317830684,175.23499755859376,184.3602566514428,3.965978209664911,2.760936189801476,175.23499755859376,7.2004042033458315,182.4354017619396,168.03459335524792,189.6358059652854,160.8341891519021,BIRLACABLE.BO,2023-08-21 12:13:24.498214
13,2023-07-28 00:00:00+05:30,189.60000610351562,189.60000610351562,184.75,186.6999969482422,8678,0.0,0.0,2023-07-28,179.38448206010074,175.65825535740296,63.40370522468716,37.01871257658237,177.15371343354764,174.9124969482422,183.61538192540638,3.7262267026977725,2.459675684835617,174.9124969482422,6.83512310115912,181.74762004940132,168.07737384708307,188.58274315056042,161.24225074592397,BIRLACABLE.BO,2023-08-21 12:13:24.498214
14,2023-07-26 00:00:00+05:30,187.4499969482422,187.4499969482422,182.5,182.89999389648438,15594,0.0,0.0,2023-07-26,178.05438844407504,174.7749160301358,60.06173801078334,35.74683592443023,176.14884148463244,174.71749725341797,182.07307441398845,3.2794724139392315,2.143037930370078,174.71749725341797,6.529956665510068,181.24745391892804,168.1875405879079,187.77741058443812,161.65758392239783,BIRLACABLE.BO,2023-08-21 12:13:24.498214
15,2023-07-24 00:00:00+05:30,178.85000610351562,193.8000030517578,178.85000610351562,189.39999389648438,91727,0.0,0.0,2023-07-24,177.17336927090972,174.12490980082794,70.25154682566301,34.58462994001558,175.43819386233224,174.53249740600586,181.65961467274047,3.048459470081781,1.8589293094777894,174.53249740600586,6.335453293900938,180.8679506999068,168.19704411210492,187.20340399380774,161.86159081820398,BIRLACABLE.BO,2023-08-21 12:13:24.498214
16,2023-07-21 00:00:00+05:30,182.25,186.5,177.9499969482422,180.6999969482422,60053,0.0,0.0,2023-07-21,174.95034661171434,172.90290307317542,62.30280505167665,33.333023495261344,173.96853070084256,174.06249771118163,177.7894250608685,2.0474435385389143,1.5615467693267913,174.06249771118163,5.463055530239129,179.52555324142077,168.5994421809425,184.9886087716599,163.13638665070337,BIRLACABLE.BO,2023-08-21 12:13:24.498214
17,2023-07-20 00:00:00+05:30,181.3000030517578,187.64999389648438,180.10000610351562,182.25,56056,0.0,0.0,2023-07-20,173.90495564143654,172.2791355631701,65.18420910327703,32.759608924193934,173.25995530637942,174.11499786376953,176.33413911718162,1.6258200782664574,1.4400725770237603,174.11499786376953,5.534773845050389,179.6497717088199,168.58022401871915,185.18454555387032,163.04545017366874,BIRLACABLE.BO,2023-08-21 12:13:24.498214
18,2023-07-19 00:00:00+05:30,165.0500030517578,182.5,164.0,181.25,135548,0.0,0.0,2023-07-19,172.38767484897045,171.4814664082237,64.19210094430878,31.49929908523199,172.3136348123141,173.97249755859374,173.37620867577243,0.9062084407467523,1.393635701713086,173.97249755859374,5.347835299254305,179.32033285784806,168.62466225933943,184.66816815710234,163.27682696008515,BIRLACABLE.BO,2023-08-21 12:13:24.498214
19,2023-07-17 00:00:00+05:30,169.1999969482422,172.39999389648438,168.5500030517578,169.75,19961,0.0,0.0,2023-07-17,170.77634300332872,170.6999837208816,48.52999676462875,30.737044302596775,171.37296479255767,173.79749755859376,169.43931301365865,0.07635928244712886,1.5154925169546691,173.79749755859376,5.1507919078486,178.94828946644236,168.64670565074516,184.09908137429096,163.49591374289656,BIRLACABLE.BO,2023-08-21 12:13:24.498214
20,2023-07-14 00:00:00+05:30,168.5500030517578,170.0500030517578,166.9499969482422,168.64999389648438,11174,0.0,0.0,2023-07-14,170.96295082211577,170.7759824185521,46.44961007343239,31.642732378078286,171.54380319177426,174.37749786376952,169.28396952048797,0.18696840356366806,1.875275825581554,174.37749786376952,5.321320720684946,179.69881858445447,169.05617714308457,185.02013930513942,163.73485642239962,BIRLACABLE.BO,2023-08-21 12:13:24.498214
21,2023-07-10 00:00:00+05:30,169.75,172.5500030517578,168.5,169.64999389648438,7904,0.0,0.0,2023-07-10,171.38348844495783,170.9460615003175,48.09047006095644,33.18057931024032,171.84841469654162,175.25249786376952,169.60095733248974,0.43742694464032184,2.2973526810860254,175.25249786376952,5.751372793472631,181.00387065724215,169.5011250702969,186.75524345071477,163.74975227682427,BIRLACABLE.BO,2023-08-21 12:13:24.498214
22,2023-07-07 00:00:00+05:30,172.6999969482422,173.35000610351562,167.6999969482422,169.4499969482422,29127,0.0,0.0,2023-07-07,171.698669271953,171.04974690862414,47.74767036944065,34.33430315456559,172.07982741233712,176.15249786376953,169.5764390504924,0.6489223633288645,2.762334115197451,176.15249786376953,6.217959338451884,182.37045720222142,169.93453852531763,188.58841654067328,163.71657918686577,BIRLACABLE.BO,2023-08-21 12:13:24.498214
23,2023-06-30 00:00:00+05:30,169.10000610351562,171.8000030517578,168.1999969482422,168.9499969482422,16494,0.0,0.0,2023-06-30,172.10751878535496,171.1777269054547,46.93415885532459,35.57677498691587,172.35665167171553,176.74749832153321,169.63966010161752,0.9297918799002503,3.2906870531645973,176.74749832153321,6.111281245812541,182.85877956734575,170.63621707572068,188.97006081315828,164.52493582990815,BIRLACABLE.BO,2023-08-21 12:13:24.498214
24,2023-06-28 00:00:00+05:30,170.85000610351562,171.6999969482422,168.0,168.39999389648438,13162,0.0,0.0,2023-06-28,172.68161366483,171.35594530203173,46.076641373622856,37.24914044305809,172.71524690576533,177.3249984741211,169.98449167830518,1.3256683627982682,3.880910846480684,177.3249984741211,5.876883901751353,183.20188237587243,171.44811457236975,189.0787662776238,165.57123067061838,BIRLACABLE.BO,2023-08-21 12:13:24.498214
25,2023-06-27 00:00:00+05:30,170.0,173.4499969482422,169.0,169.89999389648438,23167,0.0,0.0,2023-06-27,173.46008998634738,171.59242141447552,48.0427130222792,39.071310204681474,173.169484064637,177.61749877929688,170.77674056921558,1.8676685718718602,4.519721467401287,177.61749877929688,5.545535443907588,183.16303422320448,172.07196333538928,188.70856966711204,166.52642789148172,BIRLACABLE.BO,2023-08-21 12:13:24.498214
26,2023-06-26 00:00:00+05:30,168.8000030517578,170.6999969482422,166.60000610351562,169.0500030517578,18910,0.0,0.0,2023-06-26,174.1073801845043,171.72781561591484,46.8493569924247,40.766780862588,173.51364092444254,177.91499938964844,171.21511390558118,2.3795645685894726,5.182734691283644,177.91499938964844,5.262080438644739,183.1770798282932,172.6529189510037,188.43916026693793,167.39083851235895,BIRLACABLE.BO,2023-08-21 12:13:24.498214
27,2023-06-23 00:00:00+05:30,171.89999389648438,171.89999389648438,166.60000610351562,168.8000030517578,24454,0.0,0.0,2023-06-23,175.02690329954913,171.9420406210474,46.513850211583645,43.132688366499536,173.98349754261986,178.24249954223632,172.29766933249283,3.084862678501736,5.883527221957186,178.24249954223632,4.870568037539399,183.1130675797757,173.37193150469693,187.98363561731512,168.50136346715752,BIRLACABLE.BO,2023-08-21 12:13:24.498214
28,2023-06-22 00:00:00+05:30,174.4499969482422,174.4499969482422,167.8000030517578,169.6999969482422,63736,0.0,0.0,2023-06-22,176.15906698096575,172.19340362659057,47.51651361686752,45.68058875532734,174.52912854165797,178.84249954223634,174.04650247286034,3.965663354375181,6.583193357821049,178.84249954223634,4.3583332846774585,183.2008328269138,174.48416625755888,187.55916611159125,170.12583297288143,BIRLACABLE.BO,2023-08-21 12:13:24.498214
29,2023-06-21 00:00:00+05:30,176.25,177.60000610351562,173.1999969482422,174.0,12037,0.0,0.0,2023-06-21,177.33344335055185,172.39287616085844,52.54126607114228,48.14622360536618,175.03745818307016,179.02749938964843,176.2197552351694,4.940567189693411,7.237575858682515,179.02749938964843,4.0148233659659835,183.0423227556144,175.01267602368245,187.0571461215804,170.99785265771646,BIRLACABLE.BO,2023-08-21 12:13:24.498214
30,2023-06-20 00:00:00+05:30,177.75,178.0,172.39999389648438,175.39999389648438,22277,0.0,0.0,2023-06-20,177.9395239597431,172.2643062537271,54.27649506110127,49.409272599407515,175.14666430760383,179.00999908447267,177.3296328527541,5.675217706015985,7.811828025929791,179.00999908447267,4.038583757370838,183.0485828418435,174.97141532710182,187.08716659921436,170.93283156973098,BIRLACABLE.BO,2023-08-21 12:13:24.498214
31,2023-06-19 00:00:00+05:30,183.75,183.75,173.0,173.9499969482422,25782,0.0,0.0,2023-06-19,178.40125669851741,172.01345124230653,52.776571744438904,50.7694792083751,175.11999803509008,179.18749923706054,178.29445233088893,6.387805456210884,8.345980605908242,179.18749923706054,3.9485797130531717,183.1360789501137,175.23891952400737,187.0846586631669,171.29033981095418,BIRLACABLE.BO,2023-08-21 12:13:24.498214
32,2023-06-16 00:00:00+05:30,183.3000030517578,183.64999389648438,179.0,179.39999389648438,36807,0.0,0.0,2023-06-16,179.2105766531129,171.85852758583167,59.600301447264485,52.07728820146485,175.24315604423194,178.86499938964843,180.46668002221227,7.352049067281229,8.83552439333258,178.86499938964843,4.607319339438203,183.47231872908662,174.25768005021024,188.07963806852484,169.65036071077202,BIRLACABLE.BO,2023-08-21 12:13:24.498214
33,2023-06-15 00:00:00+05:30,179.0,189.5500030517578,179.0,182.8000030517578,51397,0.0,0.0,2023-06-15,179.1761371543181,171.25521028097944,64.42575197316066,51.75610226922441,174.80559416504747,177.5449996948242,181.0000230850762,7.920926873338658,9.206393224845417,177.5449996948242,7.388413506911449,184.93341320173568,170.15658618791275,192.3218267086471,162.76817268100132,BIRLACABLE.BO,2023-08-21 12:13:24.498214
34,2023-06-14 00:00:00+05:30,178.5500030517578,182.75,178.0,179.1999969482422,30310,0.0,0.0,2023-06-14,178.5172524456927,170.33162685931717,61.34902649200358,51.410209726811615,173.9640774401306,175.97499923706056,180.1000331017354,8.185625586375522,9.527759812722106,175.97499923706056,9.301478852423084,185.27647808948365,166.67352038463747,194.57795694190673,157.37204153221438,BIRLACABLE.BO,2023-08-21 12:13:24.498214
35,2023-06-13 00:00:00+05:30,181.9499969482422,183.10000610351562,178.64999389648438,180.0,43260,0.0,0.0,2023-06-13,178.39311708159278,169.62215725220318,62.46379368638432,51.69910290962003,173.4129280182241,174.49999923706054,180.55005117848197,8.770959829389597,9.863293369308753,174.49999923706054,10.955160531240379,185.45515976830092,163.54483870582015,196.4103202995413,152.58967817457977,BIRLACABLE.BO,2023-08-21 12:13:24.498214
36,2023-06-12 00:00:00+05:30,179.85000610351562,183.75,178.5500030517578,181.75,36618,0.0,0.0,2023-06-12,178.10095655097328,168.79192983237942,64.85766723863125,51.80856140628661,172.71955202014243,172.99499893188477,180.82507676772292,9.309026718593856,10.136376754288541,172.99499893188477,12.160992512802123,185.1559914446869,160.83400641908264,197.31698395748901,148.67301390628052,BIRLACABLE.BO,2023-08-21 12:13:24.498214
37,2023-06-09 00:00:00+05:30,179.6999969482422,182.0500030517578,178.14999389648438,179.39999389648438,14836,0.0,0.0,2023-06-09,177.43749410569572,167.75528421896976,63.09400721009496,51.92643978731215,171.76897854857845,171.50999908447267,180.36261515158438,9.682209886725957,10.343214263212213,171.50999908447267,12.830562519587279,184.34056160405996,158.67943656488538,197.17112412364722,145.84887404529812,BIRLACABLE.BO,2023-08-21 12:13:24.498214
38,2023-06-08 00:00:00+05:30,181.35000610351562,187.14999389648438,177.1999969482422,177.75,43962,0.0,0.0,2023-06-08,177.08067596191597,166.8237074447686,61.84558798139564,52.21291759017892,170.96571377511464,170.2699996948242,180.84392577913437,10.256968517147385,10.508465357333776,170.2699996948242,13.220373494938146,183.49037318976235,157.04962619988606,196.7107466847005,143.82925270494792,BIRLACABLE.BO,2023-08-21 12:13:24.498214
39,2023-06-07 00:00:00+05:30,186.5,188.0,181.0,181.35000610351562,58333,0.0,0.0,2023-06-07,176.95898068226435,165.9496040403501,66.39587204135327,52.52143214711236,170.25157838302144,168.875,182.39088866870154,11.009376641914258,10.571339567380374,168.875,13.846702975038887,182.72170297503888,155.02829702496112,196.56840595007776,141.18159404992224,BIRLACABLE.BO,2023-08-21 12:13:24.498214
40,2023-06-06 00:00:00+05:30,187.6999969482422,189.5,184.35000610351562,186.14999389648438,51952,0.0,0.0,2023-06-06,176.160612423855,164.71757187529687,73.0502176600964,51.85712825310735,169.08332283349574,167.5474998474121,182.91132995129448,11.443040548558145,10.4618302987469,167.5474998474121,13.860445635366261,181.40794548277836,153.68705421204584,195.26839111814462,139.82660857667958,BIRLACABLE.BO,2023-08-21 12:13:24.498214
41,2023-06-05 00:00:00+05:30,181.64999389648438,190.89999389648438,180.8000030517578,187.64999389648438,139561,0.0,0.0,2023-06-05,174.34436124701332,163.00297811360184,75.23832556243744,50.18625326608692,167.28683114265482,166.1099998474121,181.29199797869953,11.341383133411483,10.21652773629409,166.1099998474121,13.309510011516066,179.41950985892817,152.80048983589603,192.72901987044423,139.49097982437996,BIRLACABLE.BO,2023-08-21 12:13:24.498214
42,2023-06-02 00:00:00+05:30,181.89999389648438,184.0500030517578,180.64999389648438,181.35000610351562,38626,0.0,0.0,2023-06-02,171.92515531074585,161.03121685097125,71.96309483354798,48.386849433911074,165.14334032646224,164.1400001525879,178.1130000198071,10.893938459774603,9.93531388701474,164.1400001525879,12.861833284136754,177.00183343672467,151.27816686845114,189.8636667208614,138.4163335843144,BIRLACABLE.BO,2023-08-21 12:13:24.498214
43,2023-06-01 00:00:00+05:30,174.39999389648438,186.5500030517578,173.9499969482422,180.5,147070,0.0,0.0,2023-06-01,170.2115460756968,159.4057137107677,71.49065907584352,46.768647255932024,163.43737550782504,162.52249984741212,176.49449697795282,10.805832364929074,9.695657743824773,162.52249984741212,12.615398919770861,175.13789876718297,149.90710092764127,187.75329768695383,137.2917020078704,BIRLACABLE.BO,2023-08-21 12:13:24.498214
44,2023-05-31 00:00:00+05:30,176.60000610351562,178.14999389648438,172.85000610351562,174.25,30528,0.0,0.0,2023-05-31,168.34091808945985,157.71817080762912,67.78421149754558,45.0259679873392,161.64130977180665,160.6125,174.49174546692922,10.622747281830726,9.418114088548696,160.6125,12.642065089395704,173.25456508939573,147.9704349106043,185.8966301787914,135.3283698212086,BIRLACABLE.BO,2023-08-21 12:13:24.498214
45,2023-05-30 00:00:00+05:30,176.0,183.89999389648438,175.1999969482422,175.85000610351562,41405,0.0,0.0,2023-05-30,167.26653956027073,156.39562447223943,69.94587491800323,43.618331144384186,160.3140792214705,158.53249969482422,174.6126182003938,10.870915088031296,9.116955790228188,158.53249969482422,13.661329789465798,172.19382948429003,144.8711699053584,185.85515927375582,131.20984011589263,BIRLACABLE.BO,2023-08-21 12:13:24.498214
46,2023-05-26 00:00:00+05:30,182.14999389648438,182.14999389648438,174.5,175.60000610351562,23883,0.0,0.0,2023-05-26,165.70590927968072,154.83927394173733,69.80616955451707,41.41592755444259,158.6787184970447,156.37249908447265,173.99392424883285,10.866635337943393,8.678465965777411,156.37249908447265,14.1843181127796,170.55681719725226,142.18818097169304,184.74113531003184,128.00386285891346,BIRLACABLE.BO,2023-08-21 12:13:24.498214
47,2023-05-25 00:00:00+05:30,172.6999969482422,182.9499969482422,172.10000610351562,180.8000030517578,32664,0.0,0.0,2023-05-25,163.90698258443803,153.17841536879507,76.69167567438944,39.127931316451644,156.89753032794252,154.19749908447267,173.19088332149147,10.728567215642954,8.131423622735914,154.19749908447267,14.414077759551038,168.61157684402372,139.78342132492162,183.02565460357474,125.3693435653706,BIRLACABLE.BO,2023-08-21 12:13:24.498214
48,2023-05-24 00:00:00+05:30,177.0,177.0,172.25,173.39999389648438,22350,0.0,0.0,2023-05-24,160.83552431765258,150.96868835415805,73.19827406957705,36.66393536784601,154.3814805675409,151.61999893188477,169.3863234563583,9.866835963494538,7.482137724509155,151.61999893188477,14.010074322688462,165.63007325457323,137.6099246091963,179.6401475772617,123.59985028650784,BIRLACABLE.BO,2023-08-21 12:13:24.498214
49,2023-05-23 00:00:00+05:30,180.8000030517578,183.85000610351562,172.3000030517578,173.64999389648438,123797,0.0,0.0,2023-05-23,158.55107530331952,149.17418391077194,73.54406108115278,34.29901376257948,152.37953179607317,149.40749893188476,167.37948823629523,9.376891392547577,6.885963164762809,149.40749893188476,13.882952986061689,163.29045191794646,135.52454594582306,177.17340490400812,121.64159295976138,BIRLACABLE.BO,2023-08-21 12:13:24.498214
50,2023-05-22 00:00:00+05:30,168.0,181.0,166.9499969482422,178.9499969482422,247292,0.0,0.0,2023-05-22,155.80581737728957,147.21611911191496,81.08450439438707,31.73908840785783,150.14053578550357,147.17749938964843,164.24423540620066,8.589698265374608,6.263231107816616,147.17749938964843,13.35598112789303,160.53348051754145,133.82151826175541,173.8894616454345,120.46553713386237,BIRLACABLE.BO,2023-08-21 12:13:24.498214
51,2023-05-19 00:00:00+05:30,164.60000610351562,170.9499969482422,159.64999389648438,167.5,140066,0.0,0.0,2023-05-19,151.59778472802546,144.6774088850088,76.18652462575514,29.124010481921644,147.10796092626794,144.73999938964843,156.89135463517988,6.9203758430166715,5.681614318427118,144.73999938964843,11.58305992869074,156.32305931833918,133.1569394609577,167.90611924702992,121.57387953226694,BIRLACABLE.BO,2023-08-21 12:13:24.498214
52,2023-05-17 00:00:00+05:30,151.0500030517578,153.5500030517578,151.0500030517578,153.0,15294,0.0,0.0,2023-05-17,148.70647286039372,142.85160159580948,65.76099144382545,26.91055062353859,144.96143049745402,142.83749923706054,151.5870319527698,5.854871264584233,5.37192393727973,142.83749923706054,10.742328178468036,153.57982741552857,132.0951710585925,164.32215559399663,121.35284288012447,BIRLACABLE.BO,2023-08-21 12:13:24.498214
53,2023-05-16 00:00:00+05:30,152.9499969482422,156.89999389648438,151.10000610351562,151.39999389648438,16089,0.0,0.0,2023-05-16,147.9258315622835,142.03972972347424,64.15295397598318,26.40982215631225,144.11526528665968,141.71749954223634,150.8805479291547,5.886101838809253,5.251187105453604,141.71749954223634,10.794605156702248,152.5121046989386,130.92289438553408,163.30670985564083,120.12828922883185,BIRLACABLE.BO,2023-08-21 12:13:24.498214
54,2023-05-15 00:00:00+05:30,150.64999389648438,153.60000610351562,148.5,149.6999969482422,12722,0.0,0.0,2023-05-15,147.29416568333787,141.29090858963343,62.41123831358049,25.854627781255235,143.3484517487834,140.66749954223633,150.62082494548983,6.003257093704434,5.092458422114691,140.66749954223633,10.824513472510194,151.49201301474653,129.84298606972612,162.3165264872567,119.01847259721595,BIRLACABLE.BO,2023-08-21 12:13:24.498214
55,2023-05-12 00:00:00+05:30,152.0,155.3000030517578,148.9499969482422,149.89999389648438,24640,0.0,0.0,2023-05-12,146.85674181699164,140.61818152094474,62.744276775742,25.79409920524591,142.6798680435772,139.77249984741212,151.08123894411364,6.238560296046899,4.864758754217255,139.77249984741212,10.778286510531451,150.55078635794357,128.99421333688068,161.329072868475,118.21592682634922,BIRLACABLE.BO,2023-08-21 12:13:24.498214
56,2023-05-11 00:00:00+05:30,155.35000610351562,157.1999969482422,151.35000610351562,152.0500030517578,23969,0.0,0.0,2023-05-11,146.30342325708386,139.87563653090157,66.2744971322975,25.597330848470815,141.91985479590275,138.825,151.67186146792827,6.4277867261822905,4.521308368759844,138.825,10.673560655913763,149.49856065591376,128.1514393440862,160.1721213118275,117.47787868817247,BIRLACABLE.BO,2023-08-21 12:13:24.498214
57,2023-05-10 00:00:00+05:30,151.0,156.14999389648438,150.5500030517578,154.60000610351562,31276,0.0,0.0,2023-05-10,145.25859056714316,138.90168720923307,70.65245944598472,24.67761621807235,140.8535234005496,137.81749954223633,151.48279067601348,6.356903357910085,4.0446887794042325,137.81749954223633,10.304130252120887,148.12162979435723,127.51336929011545,158.4257600464781,117.20923903799456,BIRLACABLE.BO,2023-08-21 12:13:24.498214
58,2023-05-09 00:00:00+05:30,156.0,156.0,148.89999389648438,149.85000610351562,15082,0.0,0.0,2023-05-09,143.5601513787118,137.64582169769045,66.86664093515733,23.831249788540262,139.40652522129,136.75249938964845,149.9241829622624,5.914329681021343,3.4666351347777695,136.75249938964845,9.55151585203722,146.30401524168568,127.20098353761122,155.8555310937229,117.64946768557401,BIRLACABLE.BO,2023-08-21 12:13:24.498214
59,2023-05-08 00:00:00+05:30,156.1999969482422,160.0,154.0,154.8000030517578,45307,0.0,0.0,2023-05-08,142.41654142874745,136.66948694522443,76.40407396022144,22.93954414296146,138.3072114442136,135.91999893188478,149.96127139163576,5.747054483523016,2.8547114982168758,135.91999893188478,9.062972957082945,144.9829718889677,126.85702597480183,154.04594484605067,117.79405301771888,BIRLACABLE.BO,2023-08-21 12:13:24.498214
60,2023-05-05 00:00:00+05:30,147.14999389648438,159.6999969482422,147.14999389648438,157.39999389648438,38660,0.0,0.0,2023-05-05,140.16500295183647,135.21904565670175,82.11671630093517,20.47564038452505,136.5711281171037,134.67999877929688,147.5419055615747,4.945957295134718,2.1316257518903408,134.67999877929688,7.975132144802759,142.65513092409964,126.70486663449412,150.6302630689024,118.72973448969137,BIRLACABLE.BO,2023-08-21 12:13:24.498214
61,2023-05-04 00:00:00+05:30,151.4499969482422,151.4499969482422,144.89999389648438,148.25,41050,0.0,0.0,2023-05-04,137.03136823462776,133.44456979751914,76.3344131076868,17.84973182080271,134.3786159298005,133.1149990081787,142.61286139411988,3.5867984371086266,1.4280428660792466,133.1149990081787,6.142542175825306,139.257541184004,126.97245683235339,145.40008335982932,120.82991465652809,BIRLACABLE.BO,2023-08-21 12:13:24.498214
62,2023-05-03 00:00:00+05:30,149.85000610351562,153.89999389648438,147.0,149.0,74015,0.0,0.0,2023-05-03,134.99161700456008,132.26013538132068,78.2603900699394,15.910681248407865,132.91847023820057,131.9299991607666,139.79429209117978,2.7314816232394037,0.8883539733219015,131.9299991607666,5.2969309445624795,137.2269301053291,126.63306821620414,142.52386104989156,121.33613727164166,BIRLACABLE.BO,2023-08-21 12:13:24.498214
63,2023-05-02 00:00:00+05:30,133.0,147.14999389648438,133.0,142.3000030517578,27604,0.0,0.0,2023-05-02,132.44463827811646,130.92094621182633,72.5060301044066,13.117881216677002,131.22567763169536,130.4949993133545,135.19143813676965,1.523692066290124,0.4275720608425258,130.4949993133545,4.203879541569407,134.69887885492392,126.29111977178509,138.9027583964933,122.08724023021568,BIRLACABLE.BO,2023-08-21 12:13:24.498214
64,2023-04-28 00:00:00+05:30,133.75,134.14999389648438,131.39999389648438,132.64999389648438,12273,0.0,0.0,2023-04-28,130.65275377381803,130.0106216646318,57.43914644386254,10.978621997795106,130.05995916642564,129.41249923706056,131.63715567927557,0.6421321091862353,0.1535420594806262,129.41249923706056,3.7690512604119966,133.18155049747256,125.64344797664856,136.95060175788456,121.87439671623656,BIRLACABLE.BO,2023-08-21 12:13:24.498214
65,2023-04-27 00:00:00+05:30,130.0,134.0,130.0,132.64999389648438,12001,0.0,0.0,2023-04-27,130.2896192060605,129.79947188608358,57.43914644386254,11.647015022787386,129.78732393168264,129.01499938964844,131.13073657067116,0.49014731997692706,0.03139454705422391,129.01499938964844,3.8283938108430204,132.84339320049145,125.18660557880541,136.6717870113345,121.3582117679624,BIRLACABLE.BO,2023-08-21 12:13:24.498214
66,2023-04-26 00:00:00+05:30,133.0,135.64999389648438,126.75,132.10000610351562,31408,0.0,0.0,2023-04-26,129.86046017143798,129.5714301252515,56.261218648046395,12.304659696128606,129.4859902511772,128.5724998474121,130.37110790776453,0.2890300461864683,-0.08329364617645188,128.5724998474121,3.896977702683413,132.46947755009552,124.67552214472869,136.36645525277893,120.77854444204527,BIRLACABLE.BO,2023-08-21 12:13:24.498214
67,2023-04-25 00:00:00+05:30,128.0500030517578,134.5,128.0500030517578,129.25,8278,0.0,0.0,2023-04-25,129.45327000196932,129.36914404699039,49.541695019094156,13.012892421265304,129.21083068777318,128.28249969482422,129.50665880988896,0.08412595497892994,-0.17637456926718192,128.28249969482422,3.835987546069552,132.11848724089378,124.44651214875468,135.95447478696332,120.61052460268512,BIRLACABLE.BO,2023-08-21 12:13:24.498214
68,2023-04-24 00:00:00+05:30,134.3000030517578,134.3000030517578,127.0,129.14999389648438,5344,0.0,0.0,2023-04-24,129.49022818414556,129.3786755707496,49.28785843509833,13.784464179848728,129.20670760227563,127.97749977111816,129.6349882148334,0.11155261339595768,-0.24149970032870988,127.97749977111816,3.994253702527334,131.9717534736455,123.98324606859083,135.96600717617284,119.9889923660635,BIRLACABLE.BO,2023-08-21 12:13:24.498214
69,2023-04-21 00:00:00+05:30,134.9499969482422,134.9499969482422,128.5,129.0500030517578,3122,0.0,0.0,2023-04-21,129.5520889637203,129.39697010469084,49.0498555104619,14.682885068460564,129.21267746604312,127.62750015258788,129.8774853740079,0.15511885902947142,-0.32976277875987675,127.62750015258788,4.188092071750552,131.81559222433845,123.43940808083734,136.00368429608898,119.25131600908678,BIRLACABLE.BO,2023-08-21 12:13:24.498214
70,2023-04-20 00:00:00+05:30,129.0,131.5500030517578,128.9499969482422,130.1999969482422,3267,0.0,0.0,2023-04-20,129.64337731134987,129.42472746892548,51.63777662644152,15.122429053061134,129.22980108859946,127.27750015258789,130.29122653513295,0.21864984242438368,-0.4509831882072137,127.27750015258789,4.352235651994574,131.62973580458245,122.92526450059331,135.98197145657704,118.57302884859874,BIRLACABLE.BO,2023-08-21 12:13:24.498214
71,2023-04-19 00:00:00+05:30,129.85000610351562,131.85000610351562,129.0,129.4499969482422,6222,0.0,0.0,2023-04-19,129.5421737410058,129.36270591058016,50.04152552542978,15.821558838962828,129.12767520863707,127.05750045776367,130.33684132857832,0.17946783042563652,-0.6183914458651131,127.05750045776367,4.307711329619171,131.36521178738283,122.7497891281445,135.672923117002,118.44207779852532,BIRLACABLE.BO,2023-08-21 12:13:24.498214
72,2023-04-18 00:00:00+05:30,130.0500030517578,133.64999389648438,130.0500030517578,130.60000610351562,5273,0.0,0.0,2023-04-18,129.5589331578719,129.3557226275672,52.509166478618205,16.590772653023645,129.0937466044681,126.85250053405761,130.78026351874638,0.20321053030471603,-0.8178562649378004,126.85250053405761,4.285361774816198,131.13786230887382,122.56713875924142,135.42322408369,118.28177698442522,BIRLACABLE.BO,2023-08-21 12:13:24.498214
73,2023-04-17 00:00:00+05:30,127.0,133.0,127.0,130.39999389648438,8386,0.0,0.0,2023-04-17,129.36964716775486,129.25617994949133,52.127941805971105,17.752459349795277,128.93519297298943,126.63500022888184,130.87039222636173,0.113467218263537,-1.0731229637484294,126.63500022888184,4.194578371167463,130.8295786000493,122.44042185771437,135.02415697121677,118.2458434865469,BIRLACABLE.BO,2023-08-21 12:13:24.498214
74,2023-04-13 00:00:00+05:30,131.4499969482422,134.0500030517578,129.75,131.8000030517578,1796,0.0,0.0,2023-04-13,129.18231139889494,129.16467483373188,54.99758697729316,18.791435866857608,128.78100340209522,126.36750068664551,131.1055913913004,0.017636565163059004,-1.3697705092514207,126.36750068664551,4.111608631013852,130.47910931765938,122.25589205563166,134.59071794867322,118.14428342461781,BIRLACABLE.BO,2023-08-21 12:13:24.498214
75,2023-04-12 00:00:00+05:30,132.1999969482422,133.4499969482422,130.89999389648438,130.9499969482422,1675,0.0,0.0,2023-04-12,128.70636746201077,128.9538485762898,53.556162386845095,19.683551265050514,128.46321396528865,126.11000061035156,130.7583855610717,-0.24748111427902586,-1.7166222778550406,126.11000061035156,3.9097905728629696,130.01979118321452,122.20021003748859,133.9295817560775,118.29041946462563,BIRLACABLE.BO,2023-08-21 12:13:24.498214
76,2023-04-11 00:00:00+05:30,133.25,134.5,131.39999389648438,131.89999389648438,4940,0.0,0.0,2023-04-11,128.29843482815053,128.7941567065336,55.39764413143953,20.243155156390667,128.20144733550407,126.11750106811523,130.66257986748644,-0.4957218783830797,-2.0839075687490443,126.11750106811523,3.9196955392169937,130.03719660733222,122.19780552889824,133.95689214654922,118.27810998968124,BIRLACABLE.BO,2023-08-21 12:13:24.498214
77,2023-04-10 00:00:00+05:30,132.64999389648438,136.14999389648438,130.89999389648438,133.3000030517578,7589,0.0,0.0,2023-04-10,127.6436059066353,128.54568973133755,58.132911534642574,20.67257452209029,127.81212664487457,126.17250137329101,130.04387285298748,-0.9020838247022454,-2.480953991340535,126.17250137329101,4.011741430829601,130.1842428041206,122.16075994246141,134.1959842349502,118.14901851163181,BIRLACABLE.BO,2023-08-21 12:13:24.498214
78,2023-04-06 00:00:00+05:30,131.25,133.64999389648438,130.3000030517578,133.1999969482422,4996,0.0,0.0,2023-04-06,126.61517006206756,128.1653446657039,57.995351228900525,21.13502614668988,127.23445544415002,126.21000137329102,128.41580775360228,-1.55017460363635,-2.8756715330001072,126.21000137329102,4.084714409694552,130.29471578298558,122.12528696359647,134.37943019268013,118.04057255390191,BIRLACABLE.BO,2023-08-21 12:13:24.498214
79,2023-04-05 00:00:00+05:30,128.10000610351562,131.64999389648438,127.5,130.0,1744,0.0,0.0,2023-04-05,125.41792881003582,127.76257248310084,53.45072015365144,22.253642168699315,126.60650370687715,126.27750167846679,126.0237131562823,-2.344643673065022,-3.2070457653410465,126.27750167846679,4.215369175326573,130.49287085379336,122.06213250314022,134.70824002911993,117.84676332781365,BIRLACABLE.BO,2023-08-21 12:13:24.498214
80,2023-04-03 00:00:00+05:30,126.3499984741211,127.05000305175781,125.44999694824219,126.0999984741211,4894,0.0,0.0,2023-04-03,124.58482495731506,127.5835782817489,46.95587994295713,23.929910361628078,126.24929357075895,126.4275016784668,124.03556973442343,-2.998753324433835,-3.4226462884100526,126.4275016784668,4.403959930567117,130.8314616090339,122.02354174789969,135.23542153960102,117.61958181733256,BIRLACABLE.BO,2023-08-21 12:13:24.498214
81,2023-03-31 00:00:00+05:30,125.19999694824219,127.0,120.44999694824219,124.55000305175781,2966,0.0,0.0,2023-03-31,124.30933886335032,127.70226466635911,44.07626735832547,24.248741340197217,126.26500884408925,126.64750175476074,123.00335536457459,-3.3929258030087937,-3.5286195294041063,126.64750175476074,4.495684374395071,131.14318612915582,122.15181738036567,135.6388705035509,117.6561330059706,BIRLACABLE.BO,2023-08-21 12:13:24.498214
82,2023-03-29 00:00:00+05:30,122.0,123.5,119.75,120.30000305175781,4212,0.0,0.0,2023-03-29,124.26558173818532,127.95444559552722,35.10675449333142,24.574174011357726,126.44553576959783,126.98000144958496,122.23003152098298,-3.6888638573419,-3.5625429610029338,126.98000144958496,4.577559523461494,131.55756097304646,122.40244192612347,136.13512049650794,117.82488240266197,BIRLACABLE.BO,2023-08-21 12:13:24.498214
83,2023-03-28 00:00:00+05:30,120.25,124.9000015258789,119.94999694824219,120.6500015258789,5654,0.0,0.0,2023-03-28,124.9865960448085,128.56680099902877,35.54268510934887,23.58846490432835,127.0924339504231,127.33250122070312,123.19504575559554,-3.580204954220278,-3.530962736918192,127.33250122070312,4.299059689453833,131.63156091015696,123.0334415312493,135.9306205996108,118.73438184179545,BIRLACABLE.BO,2023-08-21 12:13:24.498214
84,2023-03-27 00:00:00+05:30,124.94999694824219,125.4000015258789,123.25,124.69999694824219,1324,0.0,0.0,2023-03-27,125.77506777552297,129.20014495688076,41.015009023371846,22.564204652401564,127.77058473195406,127.66500129699708,124.46756787045385,-3.4250771813577927,-3.51865218259267,127.66500129699708,4.001910714706683,131.66691201170377,123.6630905822904,135.66882272641044,119.66117986758371,BIRLACABLE.BO,2023-08-21 12:13:24.498214
85,2023-03-24 00:00:00+05:30,123.5,126.3499984741211,123.5,123.80000305175781,2047,0.0,0.0,2023-03-24,125.97053519866493,129.56015679757184,39.079533952562485,22.114072031573528,128.09380449866057,128.01000175476074,124.35135333155966,-3.589621598906902,-3.54204593290139,128.01000175476074,4.030169147052629,132.04017090181335,123.9798326077081,136.070340048866,119.94966346065547,BIRLACABLE.BO,2023-08-21 12:13:24.498214
86,2023-03-23 00:00:00+05:30,123.44999694824219,127.6500015258789,123.19999694824219,126.30000305175781,2559,0.0,0.0,2023-03-23,126.36517740719351,130.02096909723696,42.69292342465775,21.6819206143757,128.54578359833454,128.43250160217286,124.62702847146059,-3.6557916900434435,-3.5301520164000113,128.43250160217286,4.008454074908245,132.44095567708112,124.42404752726462,136.44940975198935,120.41559345235638,BIRLACABLE.BO,2023-08-21 12:13:24.498214
87,2023-03-22 00:00:00+05:30,122.55000305175781,125.25,122.05000305175781,123.1500015258789,4813,0.0,0.0,2023-03-22,126.37702729,130.3186463808753,35.741354598703566,21.216526780470346,128.78218155060577,128.81750144958497,123.79054118131198,-3.9416190908752924,-3.498742097989153,128.81750144958497,4.159778385003211,132.9772798345882,124.65772306458176,137.13705821959138,120.49794467957855,BIRLACABLE.BO,2023-08-21 12:13:24.498214
88,2023-03-21 00:00:00+05:30,124.0,124.0,118.8499984741211,122.1500015258789,8910,0.0,0.0,2023-03-21,126.96375924711293,130.892137969275,33.3583488817675,19.87159882301298,129.37504260584018,129.55500106811525,124.11081100902851,-3.92837872216208,-3.388022849767618,129.55500106811525,4.402537354219039,133.9575384223343,125.15246371389621,138.36007577655332,120.74992635967718,BIRLACABLE.BO,2023-08-21 12:13:24.498214
89,2023-03-20 00:00:00+05:30,120.19999694824219,126.1500015258789,120.19999694824219,122.05000305175781,9557,0.0,0.0,2023-03-20,127.83898792370093,131.5915088847467,33.12807075531386,17.96091937648776,130.1355732458361,130.3175006866455,125.0912157506033,-3.752520961045775,-3.252933881669002,130.3175006866455,4.373040306011661,134.69054099265716,125.94446038063384,139.06358129866882,121.57142007462218,BIRLACABLE.BO,2023-08-21 12:13:24.498214
90,2023-03-17 00:00:00+05:30,126.05000305175781,127.0999984741211,125.25,125.80000305175781,2009,0.0,0.0,2023-03-17,128.8915306276906,132.3548293513858,37.65941542540176,16.09646897169933,130.98668589784435,131.24750022888185,126.61182210002603,-3.4632987236952033,-3.128037111824808,131.24750022888185,4.498286601639749,135.7457868305216,126.7492136272421,140.24407343216134,122.25092702560235,BIRLACABLE.BO,2023-08-21 12:13:24.498214
91,2023-03-16 00:00:00+05:30,125.25,126.0,121.4000015258789,125.3499984741211,2681,0.0,0.0,2023-03-16,129.45362655058747,132.87921545535605,36.69454577901552,14.921640025738482,131.53265251322188,131.77749977111816,127.01773162416013,-3.425588904768574,-3.044221708857209,131.77749977111816,4.446832343092137,136.22433211421028,127.33066742802602,140.67116445730244,122.88383508493388,BIRLACABLE.BO,2023-08-21 12:13:24.498214
92,2023-03-15 00:00:00+05:30,126.94999694824219,127.5,125.0,126.25,3741,0.0,0.0,2023-03-15,130.19974074630863,133.48155281385485,37.78049811975826,13.258409051753175,132.18345820154826,132.5099998474121,127.85159819917965,-3.2818120675462126,-2.9488799098793677,132.5099998474121,4.538012837305749,137.04801268471786,127.97198701010636,141.5860255220236,123.4339741728006,BIRLACABLE.BO,2023-08-21 12:13:24.498214
93,2023-03-14 00:00:00+05:30,127.19999694824219,127.19999694824219,123.69999694824219,125.05000305175781,4061,0.0,0.0,2023-03-14,130.91787542745567,134.06007703896324,35.41402529877105,12.130968639976663,132.80803274907964,132.81999969482422,128.65239729876947,-3.1422016115075735,-2.865646870462656,132.81999969482422,4.29302772478623,137.11302741961046,128.52697197003798,141.40605514439667,124.23394424525176,BIRLACABLE.BO,2023-08-21 12:13:24.498214
94,2023-03-13 00:00:00+05:30,130.75,131.5500030517578,125.44999694824219,126.6500015258789,4941,0.0,0.0,2023-03-13,131.9847613139462,134.78088295793967,37.16408341256077,10.812168314059518,133.6246674540609,133.41749954223633,130.45359442227527,-2.796121643993473,-2.796508185201427,133.41749954223633,3.9744651228001127,137.39196466503645,129.4430344194362,141.36642978783655,125.4685692966361,BIRLACABLE.BO,2023-08-21 12:13:24.498214
95,2023-03-10 00:00:00+05:30,131.85000610351562,132.0,130.10000610351562,131.10000610351562,5176,0.0,0.0,2023-03-10,132.95471763904933,135.43135347250453,42.60099491612481,9.724437964210393,134.35884281492216,134.14999961853027,132.35539087047343,-2.476635833455191,-2.796604820503415,134.14999961853027,4.011396870336326,138.1613964888666,130.13860274819396,142.17279335920293,126.12720587785762,BIRLACABLE.BO,2023-08-21 12:13:24.498214
96,2023-03-09 00:00:00+05:30,134.0500030517578,135.5,131.14999389648438,133.0,16023,0.0,0.0,2023-03-09,133.2919379182373,135.77786126202363,45.22404862979722,9.578218480046363,134.7018782582281,134.7824993133545,132.98308325395232,-2.4859233437863395,-2.8765970672654704,134.7824993133545,4.475613582039944,139.25811289539445,130.30688573131454,143.73372647743437,125.83127214927461,BIRLACABLE.BO,2023-08-21 12:13:24.498214
97,2023-03-08 00:00:00+05:30,134.89999389648438,134.89999389648438,132.5,134.0500030517578,1858,0.0,0.0,2023-03-08,133.34501753973498,136.00009016298552,46.69959047040015,9.683668827724622,134.8810233380416,135.19749946594237,132.97462488092847,-2.6550726232505326,-2.974265498135253,135.19749946594237,4.681695995122074,139.87919546106446,130.5158034708203,144.5608914561865,125.83410747569822,BIRLACABLE.BO,2023-08-21 12:13:24.498214
98,2023-03-06 00:00:00+05:30,134.3000030517578,137.60000610351562,134.0,134.5500030517578,4087,0.0,0.0,2023-03-06,133.21683835573083,136.15609713188374,47.38319104085773,10.139050493959152,134.9684991576504,135.38749961853028,132.4369357955138,-2.9392587761529114,-3.0540637168564326,135.38749961853028,4.709700586674018,140.0972002052043,130.67779903185627,144.80690079187832,125.96809844518225,BIRLACABLE.BO,2023-08-21 12:13:24.498214
99,2023-03-03 00:00:00+05:30,132.3000030517578,137.8000030517578,132.25,133.0,11498,0.0,0.0,2023-03-03,132.97444477463503,136.28458465829382,45.06852903106716,10.819313045141039,135.0125513793233,135.6174991607666,131.38040216739176,-3.310139883658792,-3.082764952032313,135.6174991607666,4.77846749056826,140.39596665133487,130.83903167019835,145.17443414190313,126.06056417963009,BIRLACABLE.BO,2023-08-21 12:13:24.498214
100,2023-03-02 00:00:00+05:30,138.60000610351562,138.60000610351562,130.0500030517578,130.5,5138,0.0,0.0,2023-03-02,132.96979837002323,136.54735143095732,41.19410099626902,11.551903484875378,135.22439889293628,135.9949993133545,130.57060325108765,-3.5775530609340933,-3.0259212191256935,135.9949993133545,4.858359291408483,140.85335860476297,131.13664002194602,145.71171789617148,126.27828073053753,BIRLACABLE.BO,2023-08-21 12:13:24.498214
101,2023-03-01 00:00:00+05:30,127.80000305175781,132.0,126.55000305175781,131.1999969482422,16996,0.0,0.0,2023-03-01,133.41885261911835,137.03113954543392,41.96364403166927,12.340847035358511,135.72170403956116,136.49999961853027,130.60590487663146,-3.612286926315562,-2.888013258673593,136.49999961853027,4.781433439565992,141.28143305809627,131.71856617896427,146.06286649766224,126.93713273939828,BIRLACABLE.BO,2023-08-21 12:13:24.498214
102,2023-02-28 00:00:00+05:30,131.6999969482422,131.6999969482422,126.05000305175781,127.3499984741211,10302,0.0,0.0,2023-02-28,133.82228092291402,137.49763095320924,35.84264454774268,11.663971785464833,136.19767320706842,136.95750007629394,130.30885884082608,-3.6753500302952204,-2.7069448417631006,136.95750007629394,4.684388390428729,141.64188846672266,132.27311168586522,146.32627685715138,127.58872329543648,BIRLACABLE.BO,2023-08-21 12:13:24.498214
103,2023-02-27 00:00:00+05:30,133.8000030517578,133.8000030517578,126.19999694824219,127.30000305175781,17943,0.0,0.0,2023-02-27,134.99905954996728,138.3094415515363,35.760940047941375,10.844760990492722,137.12900738948392,137.88250045776368,131.78828902417854,-3.3103820015690246,-2.4648435446300705,137.88250045776368,4.510726744744546,142.39322720250823,133.37177371301914,146.90395394725277,128.8610469682746,BIRLACABLE.BO,2023-08-21 12:13:24.498214
104,2023-02-24 00:00:00+05:30,132.1999969482422,133.6999969482422,130.0500030517578,131.60000610351562,16360,0.0,0.0,2023-02-24,136.3988880041872,139.1901966315186,39.809494162109544,9.98953074123965,138.16363942503403,138.42000045776368,134.03243201038887,-2.7913086273314036,-2.2534589303953316,138.42000045776368,3.76162856892284,142.18162902668652,134.65837188884083,145.94325759560937,130.896743319918,BIRLACABLE.BO,2023-08-21 12:13:24.498214
105,2023-02-23 00:00:00+05:30,134.10000610351562,135.14999389648438,131.0,132.25,39311,0.0,0.0,2023-02-23,137.2714119861275,139.79741187375885,40.45232202927034,9.792864735362688,138.85454819572018,138.65,135.24864496382548,-2.525999887631343,-2.118996506161314,138.65,3.450440377095493,142.1004403770955,135.1995596229045,145.55088075419098,131.74911924580903,BIRLACABLE.BO,2023-08-21 12:13:24.498214
106,2023-02-22 00:00:00+05:30,137.4499969482422,137.4499969482422,133.14999389648438,134.0,9679,0.0,0.0,2023-02-22,138.18439598360524,140.40120482365955,42.15403862422888,9.77235458383513,139.54976379526968,139.1425003051758,136.7479674457382,-2.2168088400543127,-2.0172456607938063,139.1425003051758,3.181332460201111,142.3238327653769,135.96116784497468,145.505165225578,132.77983538477358,BIRLACABLE.BO,2023-08-21 12:13:24.498214
107,2023-02-21 00:00:00+05:30,137.8000030517578,140.89999389648438,137.39999389648438,137.89999389648438,10372,0.0,0.0,2023-02-21,138.94519525335164,140.91330120955232,46.17360735105908,10.189954611536196,140.13394945792965,139.68250045776367,138.1219511686073,-1.9681059562006737,-1.9673548659786793,139.68250045776367,3.1790984560108924,142.86159891377457,136.50340200175276,146.04069736978545,133.32430354574188,BIRLACABLE.BO,2023-08-21 12:13:24.498214
108,2023-02-20 00:00:00+05:30,141.6999969482422,141.6999969482422,135.25,137.39999389648438,20903,0.0,0.0,2023-02-20,139.13523186369116,141.15436579459774,45.555570408230686,10.336200308479357,140.36910267492388,140.13000106811523,138.23292980466874,-2.019133930906577,-1.9671670934231804,140.13000106811523,3.525973881764232,143.65597494987946,136.604027186351,147.1819488316437,133.07805330458677,BIRLACABLE.BO,2023-08-21 12:13:24.498214
109,2023-02-17 00:00:00+05:30,136.0500030517578,146.6999969482422,135.6999969482422,140.64999389648438,35091,0.0,0.0,2023-02-17,139.45072967591057,141.4547155464468,48.947764518426936,10.493695674418149,140.68164044107542,140.65500106811524,138.6493977587609,-2.0039858705362406,-1.954175384052331,140.65500106811524,3.8636272422804274,144.51862831039566,136.79137382583482,148.3822555526761,132.92774658355438,BIRLACABLE.BO,2023-08-21 12:13:24.498214
110,2023-02-16 00:00:00+05:30,141.9499969482422,141.9499969482422,134.6999969482422,136.39999389648438,18491,0.0,0.0,2023-02-16,139.23268163580624,141.5190932784438,43.87279409541625,10.561651271525395,140.68497165629552,140.9875015258789,137.64909968989915,-2.286411642637546,-1.9417227624313538,140.9875015258789,4.139473581336806,145.1269751072157,136.8480279445421,149.26644868855252,132.7085543632053,BIRLACABLE.BO,2023-08-21 12:13:24.498214
111,2023-02-15 00:00:00+05:30,136.39999389648438,141.1999969482422,131.39999389648438,140.0,27162,0.0,0.0,2023-02-15,139.7477157702284,141.92862122900053,47.59415006371656,11.168645165936436,141.13602194680195,141.58250198364257,138.27365258660652,-2.1809054587721164,-1.8555505423798055,141.58250198364257,4.297591311314115,145.88009329495668,137.28491067232846,150.17768460627082,132.98731936101433,BIRLACABLE.BO,2023-08-21 12:13:24.498214
112,2023-02-14 00:00:00+05:30,138.0500030517578,138.0500030517578,131.5,132.4499969482422,6510,0.0,0.0,2023-02-14,139.70184591026992,142.08291092732057,37.22473544689987,11.661807000452368,141.25560320436006,141.95000228881835,137.41047887990976,-2.381065017050645,-1.7742118132817277,141.95000228881835,4.466101515928521,146.41610380474688,137.48390077288983,150.88220532067538,133.01779925696133,BIRLACABLE.BO,2023-08-21 12:13:24.498214
113,2023-02-13 00:00:00+05:30,141.8000030517578,142.3000030517578,136.5500030517578,137.0,9171,0.0,0.0,2023-02-13,141.02036390336588,142.85354404564686,41.85974712960293,11.499144667504384,142.18250912605666,142.69000244140625,139.89071984574352,-1.8331801422809804,-1.6224985123394982,142.69000244140625,4.0122382650293735,146.70224070643562,138.67776417637688,150.71447897146498,134.66552591134752,BIRLACABLE.BO,2023-08-21 12:13:24.498214
114,2023-02-10 00:00:00+05:30,145.60000610351562,147.8000030517578,140.6999969482422,141.3000030517578,21460,0.0,0.0,2023-02-10,141.7513391585233,143.3218275692986,46.994753207807,12.298986493046051,142.7280364024837,143.32250213623047,141.33607976861526,-1.5704884107752832,-1.5698281048541276,143.32250213623047,4.064786509603567,147.38728864583405,139.2577156266269,151.4520751554376,135.19292911702334,BIRLACABLE.BO,2023-08-21 12:13:24.498214
115,2023-02-09 00:00:00+05:30,142.0,146.10000610351562,139.25,143.75,11676,0.0,0.0,2023-02-09,141.8334002688443,143.48357353070185,50.256494400613356,12.368553457008506,142.8783557025601,143.71250228881837,141.35411812704396,-1.6501732618575602,-1.5696630283738384,143.71250228881837,4.231301561417182,147.94380385023555,139.4812007274012,152.17510541165274,135.249899165984,BIRLACABLE.BO,2023-08-21 12:13:24.498214
116,2023-02-08 00:00:00+05:30,139.9499969482422,143.89999389648438,137.1999969482422,141.3000030517578,5814,0.0,0.0,2023-02-08,141.48492759045234,143.462259413158,46.8297294861653,12.787581584743466,142.78660367125062,144.02500228881837,140.15617719056593,-1.9773318227056507,-1.5495354700029078,144.02500228881837,4.45889083186407,148.48389312068244,139.5661114569543,152.9427839525465,135.10722062509024,BIRLACABLE.BO,2023-08-21 12:13:24.498214
117,2023-02-07 00:00:00+05:30,139.0,140.35000610351562,137.0,137.85000610351562,13239,0.0,0.0,2023-02-07,141.51855023385136,143.63523992207,41.566155775012184,13.701289488967307,142.94308794698668,144.34750213623047,139.58426425996998,-2.1166896882186563,-1.4425863818272222,144.34750213623047,4.484607039253144,148.83210917548362,139.86289509697733,153.31671621473677,135.37828805772418,BIRLACABLE.BO,2023-08-21 12:13:24.498214
118,2023-02-06 00:00:00+05:30,140.0,141.5,138.0,139.14999389648438,8002,0.0,0.0,2023-02-06,142.18555825754876,144.09805862755437,43.05757942136471,14.008481407140321,143.47920182524678,145.04500198364258,140.45139333819714,-1.9125003700056027,-1.2740605552293638,145.04500198364258,4.505636820997549,149.55063880464013,140.53936516264503,154.05627562563768,136.03372834164747,BIRLACABLE.BO,2023-08-21 12:13:24.498214
119,2023-02-03 00:00:00+05:30,141.3000030517578,141.3000030517578,136.10000610351562,140.5500030517578,10022,0.0,0.0,2023-02-03,142.73747905046957,144.49390380603998,44.66001289234979,14.539574065620878,143.93490792301125,145.60750198364258,141.10209305905352,-1.7564247555704071,-1.114450601535304,145.60750198364258,4.432601666425644,150.04010365006823,141.17490031721692,154.47270531649386,136.7422986507913,BIRLACABLE.BO,2023-08-21 12:13:24.498214
120,2023-02-02 00:00:00+05:30,140.39999389648438,142.8000030517578,138.9499969482422,140.60000610351562,11339,0.0,0.0,2023-02-02,143.13520195932625,144.80941586638255,44.715200664901424,15.06716483426511,144.29121369893267,146.03000183105468,141.37813806270137,-1.6742139070562985,-0.9539570630265279,146.03000183105468,4.326611765722603,150.35661359677727,141.7033900653321,154.68322536249988,137.37677829960947,BIRLACABLE.BO,2023-08-21 12:13:24.498214
121,2023-02-01 00:00:00+05:30,146.9499969482422,148.0500030517578,138.3000030517578,140.35000610351562,14466,0.0,0.0,2023-02-01,143.59614666038274,145.14616864741188,44.39618357913253,16.18004324714367,144.6797618668713,146.61000137329103,141.76720404229422,-1.5500219870291403,-0.7738928520190851,146.61000137329103,4.337885822789673,150.9478871960807,142.27211555050135,155.28577301887037,137.93422972771168,BIRLACABLE.BO,2023-08-21 12:13:24.498214
122,2023-01-31 00:00:00+05:30,138.89999389648438,147.60000610351562,138.10000610351562,145.85000610351562,27271,0.0,0.0,2023-01-31,144.18635403435857,145.52986165092358,50.32905566573843,17.378527691782114,145.13552563143506,147.52750091552736,142.4758030116835,-1.343507616565006,-0.5798605682665713,147.52750091552736,4.854038789580458,152.38153970510783,142.67346212594688,157.23557849468827,137.81942333636644,BIRLACABLE.BO,2023-08-21 12:13:24.498214
123,2023-01-30 00:00:00+05:30,130.1999969482422,139.9499969482422,130.1999969482422,138.0500030517578,10139,0.0,0.0,2023-01-30,143.8838718399664,145.5042500947162,39.721094108013396,18.58754098720015,145.06031716068975,148.35250091552734,140.78870146576742,-1.6203782547498236,-0.3889488061919626,148.35250091552734,5.853259685840802,154.20576060136815,142.49924122968653,160.05902028720894,136.64598154384575,BIRLACABLE.BO,2023-08-21 12:13:24.498214
124,2023-01-27 00:00:00+05:30,140.3000030517578,143.39999389648438,133.5500030517578,136.1999969482422,21940,0.0,0.0,2023-01-27,144.9445752560043,146.1005898581529,36.745933511604605,18.326455410750572,145.79824496162996,148.34750061035157,142.15805067277222,-1.1560146021485878,-0.08109144405249735,148.34750061035157,5.86255942195568,154.21006003230724,142.4849411883959,160.07261945426293,136.6223817664402,BIRLACABLE.BO,2023-08-21 12:13:24.498214
125,2023-01-25 00:00:00+05:30,142.25,144.3000030517578,139.1999969482422,142.10000610351562,17867,0.0,0.0,2023-01-25,146.53449858468832,146.89263729094574,43.03629371864724,18.57622265279334,146.80858685777602,148.29500045776368,145.13707753503724,-0.35813870625742084,0.18763934547152528,148.29500045776368,5.98058116109498,154.27558161885867,142.3144192966687,160.25616277995363,136.33383813557373,BIRLACABLE.BO,2023-08-21 12:13:24.498214
126,2023-01-24 00:00:00+05:30,146.5500030517578,147.85000610351562,143.25,144.8000030517578,5985,0.0,0.0,2023-01-24,147.34076994490152,147.27604778594014,46.412494032971516,19.895823552935976,147.30422693717185,147.98250045776368,146.655613250798,0.06472215896138778,0.3240838584037618,147.98250045776368,6.464992668585989,154.44749312634966,141.5175077891777,160.91248579493566,135.0525151205917,BIRLACABLE.BO,2023-08-21 12:13:24.498214
127,2023-01-23 00:00:00+05:30,146.1999969482422,151.5500030517578,146.10000610351562,146.85000610351562,13504,0.0,0.0,2023-01-23,147.80272756183675,147.47413136467472,49.12983450911,20.626507963814014,147.56782945142595,147.44000015258788,147.5834183503181,0.32859619716202815,0.3889242832643553,147.44000015258788,7.163589247664101,154.603589400252,140.27641090492378,161.7671786479161,133.11282165725967,BIRLACABLE.BO,2023-08-21 12:13:24.498214
128,2023-01-20 00:00:00+05:30,147.35000610351562,149.6999969482422,147.0,147.89999389648438,21678,0.0,0.0,2023-01-20,147.97594964516787,147.52406138556745,50.53708061795985,20.691590219995106,147.64338980383755,146.6,147.95012447371934,0.4518882596004232,0.40400630478993704,146.6,8.15305918800039,154.75305918800038,138.4469408119996,162.90611837600076,130.29388162399923,BIRLACABLE.BO,2023-08-21 12:13:24.498214
129,2023-01-19 00:00:00+05:30,148.5500030517578,149.1999969482422,147.0,147.3000030517578,5555,0.0,0.0,2023-01-19,147.98975978129215,147.4939867846941,49.77371413538818,21.09489689502582,147.61637884671683,145.29750022888183,147.9751897623368,0.4957729965980491,0.3920358160873155,145.29750022888183,9.840618258985703,155.13811848786753,135.45688196989613,164.97873674685323,125.61626371091043,BIRLACABLE.BO,2023-08-21 12:13:24.498214
130,2023-01-18 00:00:00+05:30,150.5,150.5,147.4499969482422,148.3000030517578,14791,0.0,0.0,2023-01-18,148.11517009575294,147.50950548332898,50.991627170722325,21.618579729471996,147.64968156197568,144.40499992370604,148.3127831176263,0.6056646124239649,0.36610152095963217,144.40499992370604,10.440608455353695,154.84560837905974,133.96439146835235,165.28621683441344,123.52378301299865,BIRLACABLE.BO,2023-08-21 12:13:24.498214
131,2023-01-17 00:00:00+05:30,147.5500030517578,152.3000030517578,147.0,147.35000610351562,14750,0.0,0.0,2023-01-17,148.08156410375204,147.44626567785465,49.91043622282241,22.080439431134867,147.5812266683144,143.92499961853028,148.31917315056054,0.635298425897389,0.306210748093549,143.92499961853028,10.472741050649443,154.3977406691797,133.45225856788085,164.87048171982917,122.97951751723139,BIRLACABLE.BO,2023-08-21 12:13:24.498214
132,2023-01-16 00:00:00+05:30,149.5500030517578,150.6999969482422,146.25,147.25,17706,0.0,0.0,2023-01-16,148.21457464924956,147.45396644380176,49.80219103697575,22.577826802156423,147.60556567513532,143.88749961853028,148.803756674083,0.7606082054477952,0.2239388286425889,143.88749961853028,10.461167949380384,154.34866756791067,133.4263316691499,164.80983551729105,122.96516371976952,BIRLACABLE.BO,2023-08-21 12:13:24.498214
133,2023-01-13 00:00:00+05:30,149.6999969482422,150.64999389648438,148.6999969482422,149.64999389648438,19064,0.0,0.0,2023-01-13,148.38995185820403,147.4702837593059,52.322028157925125,23.35314459067361,147.64299364093904,143.88499946594237,149.58063501112449,0.9196680988981427,0.08977148444128732,143.88499946594237,10.460327979074656,154.34532744501703,133.4246714868677,164.8056554240917,122.96434350779306,BIRLACABLE.BO,2023-08-21 12:13:24.498214
134,2023-01-12 00:00:00+05:30,153.14999389648438,153.14999389648438,147.3000030517578,149.10000610351562,9901,0.0,0.0,2023-01-12,148.16085330578943,147.2959069483316,51.80309679592707,23.70862063305841,147.43173045614478,143.74500007629393,149.54595556844453,0.8649463574578249,-0.11770266917292652,143.74500007629393,10.397658831024021,154.14265890731795,133.34734124526992,164.54031773834197,122.9496824142459,BIRLACABLE.BO,2023-08-21 12:13:24.498214
135,2023-01-11 00:00:00+05:30,147.9499969482422,151.6999969482422,147.0,150.0,12207,0.0,0.0,2023-01-11,147.9900982516574,147.1515790159169,52.67423185663173,24.091440986395884,147.25612249326363,143.76749992370605,149.76893030090895,0.838519235740506,-0.36336492583061436,143.76749992370605,10.41033575294526,154.1778356766513,133.3571641707608,164.58817142959657,122.94682841781554,BIRLACABLE.BO,2023-08-21 12:13:24.498214
136,2023-01-10 00:00:00+05:30,152.35000610351562,153.39999389648438,146.5,147.75,14313,0.0,0.0,2023-01-10,147.62466157014057,146.92370533719023,50.75168712605776,24.68560917235233,146.96729328202824,143.77999992370604,149.6533954513634,0.7009562329503467,-0.6638359662233945,143.77999992370604,10.418360170821165,154.1983600945272,133.36163975288488,164.61672026534836,122.94327958206371,BIRLACABLE.BO,2023-08-21 12:13:24.498214
137,2023-01-09 00:00:00+05:30,152.10000610351562,160.64999389648438,149.10000610351562,151.8000030517578,76050,0.0,0.0,2023-01-09,147.60187276471157,146.85760176416542,54.44872881670051,25.325482603382348,146.88490310118908,143.88749961853028,150.6050931770451,0.7442710005461493,-1.0050340160168296,143.88749961853028,10.472431593834774,154.35993121236507,133.4150680246955,164.83236280619982,122.94263643086074,BIRLACABLE.BO,2023-08-21 12:13:24.498214
138,2023-01-06 00:00:00+05:30,149.35000610351562,157.5,147.25,150.39999389648438,63481,0.0,0.0,2023-01-06,146.83857634888497,146.46220966115803,53.35812196416837,25.592906850023947,146.36752415902393,143.89999961853027,150.00763823968873,0.37636668772694293,-1.4423602701575744,143.89999961853027,10.482517458230507,154.3825170767608,133.41748216029976,164.86503453499128,122.93496470206927,BIRLACABLE.BO,2023-08-21 12:13:24.498214
139,2023-01-05 00:00:00+05:30,154.1999969482422,154.9499969482422,147.35000610351562,149.0,13515,0.0,0.0,2023-01-05,146.19104588568507,146.1471869223319,52.29759100941349,26.217317168137527,145.94305366034388,143.91249961853026,149.81146041129088,0.0438589633531592,-1.8970420096287037,143.91249961853026,10.49082216716622,154.40332178569648,133.42167745136405,164.8941439528627,122.93085528419782,BIRLACABLE.BO,2023-08-21 12:13:24.498214
140,2023-01-04 00:00:00+05:30,157.9499969482422,159.35000610351562,151.1999969482422,152.1999969482422,49967,0.0,0.0,2023-01-04,145.68032695580962,145.91896187611846,54.949433974080314,27.16852119117386,145.62126983511695,144.3699993133545,150.2171906169363,-0.23863492030884004,-2.3822672528741693,144.3699993133545,10.915288912653065,155.28528822600757,133.45471040070143,166.20057713866063,122.53942148804836,BIRLACABLE.BO,2023-08-21 12:13:24.498214
141,2023-01-03 00:00:00+05:30,163.0,168.0,156.8000030517578,158.6999969482422,167272,0.0,0.0,2023-01-03,144.49493241173096,145.41647907034857,60.760653022266936,27.618354514297863,144.92877224426167,144.6674991607666,149.22578745128334,-0.9215466586176149,-2.9181753360155014,144.6674991607666,11.216849105959886,155.88434826672648,133.45065005480672,167.10119737268636,122.23380094884682,BIRLACABLE.BO,2023-08-21 12:13:24.498214
142,2023-01-02 00:00:00+05:30,142.9499969482422,165.5,135.75,162.35000610351562,238692,0.0,0.0,2023-01-02,141.91219340509255,144.35379764011708,64.30679148256056,27.195483088403023,143.47916964384265,144.63499946594237,144.48868270280389,-2.4416042350245277,-3.4173325053649726,144.63499946594237,11.174914729652782,155.80991419559516,133.4600847362896,166.98482892524794,122.2851700066368,BIRLACABLE.BO,2023-08-21 12:13:24.498214
143,2022-12-30 00:00:00+05:30,140.8000030517578,140.8000030517578,136.0,137.9499969482422,10541,0.0,0.0,2022-12-30,138.19622745992473,142.91410096304517,44.02988239616606,26.956144005437373,141.49276580598232,144.4549991607666,135.55802100244802,-4.717873503120444,-3.6612645729500835,144.4549991607666,10.90016765393788,155.35516681470446,133.55483150682872,166.25533446864236,122.65466385289083,BIRLACABLE.BO,2023-08-21 12:13:24.498214
144,2022-12-29 00:00:00+05:30,132.1999969482422,137.35000610351562,132.1999969482422,135.14999389648438,7320,0.0,0.0,2022-12-29,138.24099664386702,143.3112292842294,40.423474386648216,28.00105706466626,141.86568884363916,145.46499900817872,134.3620330295509,-5.070232640362377,-3.397112340407493,145.46499900817872,11.197498019379283,156.662497027558,134.26750098879944,167.85999504693729,123.07000296942016,BIRLACABLE.BO,2023-08-21 12:13:24.498214
145,2022-12-28 00:00:00+05:30,136.0,138.3000030517578,133.14999389648438,135.85000610351562,18768,0.0,0.0,2022-12-28,138.80299714339114,143.96412811524903,41.03731110217458,28.354724787702626,142.5726041012344,146.54499931335448,133.96805259608414,-5.161130971857887,-2.978832265418772,146.54499931335448,11.191912445891655,157.73691175924614,135.35308686746282,168.9288242051378,124.16117442157118,BIRLACABLE.BO,2023-08-21 12:13:24.498214
146,2022-12-27 00:00:00+05:30,133.5,135.4499969482422,131.5,133.9499969482422,38764,0.0,0.0,2022-12-27,139.3399046051867,144.61325787618767,38.69083855887408,28.87198222191273,143.28024599573112,147.60999870300293,133.0270758423684,-5.273353271000985,-2.433257588808993,147.60999870300293,11.133916263959241,158.74391496696217,136.4760824390437,169.8778312309214,125.34216617508444,BIRLACABLE.BO,2023-08-21 12:13:24.498214
147,2022-12-26 00:00:00+05:30,120.05000305175781,131.39999389648438,120.05000305175781,130.0500030517578,48077,0.0,0.0,2022-12-26,140.31988781554023,145.4663187504233,33.658751334868825,28.78414091601337,144.26237747441417,149.0399990081787,132.5656152894315,-5.146430934883085,-1.723233668260995,149.0399990081787,11.123772080380856,160.16377108855957,137.91622692779785,171.28754316894043,126.79245484741699,BIRLACABLE.BO,2023-08-21 12:13:24.498214
148,2022-12-23 00:00:00+05:30,130.0,130.0,121.30000305175781,121.8499984741211,17143,0.0,0.0,2022-12-23,142.1871395907734,146.69962400631655,20.999181905625335,27.68892114747057,145.75841688732535,150.53249855041503,133.8234214082683,-4.512484415543156,-0.8674343516054726,150.53249855041503,10.422132940365996,160.95463149078103,140.11036561004903,171.37676443114702,129.68823266968303,BIRLACABLE.BO,2023-08-21 12:13:24.498214
149,2022-12-22 00:00:00+05:30,138.0,139.14999389648438,128.10000610351562,129.4499969482422,84516,0.0,0.0,2022-12-22,145.8848016119829,148.68759404889218,25.125526813849106,26.14440972283762,148.27509250976792,152.42999877929688,139.81013287534188,-2.8027924369092716,0.04382816437894843,152.42999877929688,8.12723469573055,160.55723347502743,144.30276408356633,168.68446817075798,136.17552938783578,BIRLACABLE.BO,2023-08-21 12:13:24.498214
150,2022-12-21 00:00:00+05:30,147.35000610351562,148.75,137.0,138.6999969482422,30442,0.0,0.0,2022-12-21,148.87294791448122,150.2266018169442,32.29828246380535,25.188195577271355,150.2566815162443,153.61249923706055,144.9902008388917,-1.3536539024629803,0.7554833147010034,153.61249923706055,6.067121103461285,159.67962034052184,147.54537813359926,165.74674144398313,141.47825703013797,BIRLACABLE.BO,2023-08-21 12:13:24.498214
151,2022-12-20 00:00:00+05:30,149.75,149.75,144.60000610351562,146.60000610351562,56768,0.0,0.0,2022-12-20,150.7225753628883,151.14873020644038,41.750486151801745,25.444005236765314,151.47317462866556,154.36999969482423,148.13530278421644,-0.42615484355206945,1.2827676189919992,154.36999969482423,4.950208700143721,159.32020839496795,149.4197909946805,164.27041709511167,144.4695822945368,BIRLACABLE.BO,2023-08-21 12:13:24.498214
152,2022-12-19 00:00:00+05:30,145.25,149.5,145.1999969482422,147.1999969482422,70888,0.0,0.0,2022-12-19,151.47213341004698,151.51262813467437,42.630342850031106,27.372957129411663,151.98613973657606,154.67249908447266,148.9029511245668,-0.04049472462739345,1.7099982346280163,154.67249908447266,4.624546972106587,159.29704605657926,150.04795211236606,163.92159302868583,145.4234051402595,BIRLACABLE.BO,2023-08-21 12:13:24.498214
153,2022-12-16 00:00:00+05:30,149.8000030517578,154.0,145.1999969482422,146.85000610351562,26949,0.0,0.0,2022-12-16,152.2488854940115,151.85763862958893,41.9678963154809,29.349112649647576,152.4899442406112,155.05249938964843,149.75442821272912,0.3912468644225555,2.1476214744418685,155.05249938964843,4.27743297153926,159.3299323611877,150.77506641810916,163.60736533272694,146.49763344656992,BIRLACABLE.BO,2023-08-21 12:13:24.498214
154,2022-12-15 00:00:00+05:30,151.85000610351562,152.8000030517578,148.35000610351562,149.5500030517578,38185,0.0,0.0,2022-12-15,153.2304999286471,152.2582492316748,45.752253348045876,31.477280132978557,153.08362193925285,155.31499938964845,151.20663926733587,0.9722506969723099,2.5867151269466966,155.31499938964845,3.8912210178799067,159.20622040752835,151.42377837176855,163.09744142540825,147.53255735388865,BIRLACABLE.BO,2023-08-21 12:13:24.498214
155,2022-12-14 00:00:00+05:30,150.8000030517578,153.85000610351562,149.6999969482422,150.25,47143,0.0,0.0,2022-12-14,153.89968117899062,152.47490892606817,46.767493032099445,32.96553518567637,153.45558182214705,155.19999923706055,152.0349573751249,1.4247722529224518,2.9903312344402933,155.19999923706055,4.099004698621168,159.29900393568172,151.10099453843938,163.3980086343029,147.0019898398182,BIRLACABLE.BO,2023-08-21 12:13:24.498214
156,2022-12-13 00:00:00+05:30,153.0,154.1999969482422,149.10000610351562,149.89999389648438,67990,0.0,0.0,2022-12-13,154.56325957517075,152.65290164015363,46.21335768764733,34.20057671891573,153.79301148763622,154.86499938964843,152.92743606268732,1.9103579350171174,3.3817209798197534,154.86499938964843,4.747355893339038,159.61235528298747,150.1176434963094,164.3597111763265,145.37028760297036,BIRLACABLE.BO,2023-08-21 12:13:24.498214
157,2022-12-12 00:00:00+05:30,150.0,154.0,148.60000610351562,152.0500030517578,75038,0.0,0.0,2022-12-12,155.41112606220463,152.87313425964717,49.13063019424094,35.53062144701964,154.20280281302064,154.7074996948242,154.4411571457888,2.537991802557457,3.749561741020412,154.7074996948242,4.967876725586456,159.67537642041066,149.73962296923776,164.6432531459971,144.7717462436513,BIRLACABLE.BO,2023-08-21 12:13:24.498214
158,2022-12-09 00:00:00+05:30,159.25,160.1999969482422,148.14999389648438,150.64999389648438,31632,0.0,0.0,2022-12-09,156.02223933683132,152.9389847562783,47.11192873494177,36.997972550293895,154.4294133142062,154.37499923706054,155.63673419280425,3.0832545805530174,4.052454225636151,154.37499923706054,5.362012724723362,159.7370119617839,149.01298651233716,165.09902468650725,143.65097378761382,BIRLACABLE.BO,2023-08-21 12:13:24.498214
159,2022-12-08 00:00:00+05:30,158.10000610351562,161.89999389648438,157.5,158.14999389648438,56729,0.0,0.0,2022-12-08,156.9990112350762,153.12210402506182,58.69970836581755,38.578196815358474,154.82724693712427,154.60249938964844,158.13010434096418,3.8769072100143944,4.294754136906934,154.60249938964844,5.291712780075097,159.89421216972355,149.31078660957334,165.18592494979865,144.01907382949824,BIRLACABLE.BO,2023-08-21 12:13:24.498214
160,2022-12-07 00:00:00+05:30,159.10000610351562,161.14999389648438,157.0,158.14999389648438,126501,0.0,0.0,2022-12-07,156.78974166027473,152.719872835348,58.69970836581756,37.742869506686155,154.4774840992969,154.55249938964843,158.12015956320406,4.069868824926715,4.399215868630069,154.55249938964843,5.26106488007954,159.81356426972798,149.2914345095689,165.07462914980752,144.03036962948934,BIRLACABLE.BO,2023-08-21 12:13:24.498214
161,2022-12-06 00:00:00+05:30,158.0,165.64999389648438,157.0500030517578,158.0500030517578,131155,0.0,0.0,2022-12-06,156.54242307187297,152.2854631504571,58.58259090698858,36.927103570174204,154.0909041206456,154.78249969482422,158.10524239656388,4.25695992141587,4.481552629555908,154.78249969482422,5.520756605747076,160.3032563005713,149.26174308907716,165.8240129063184,143.74098648333006,BIRLACABLE.BO,2023-08-21 12:13:24.498214
162,2022-12-05 00:00:00+05:30,156.3000030517578,161.5500030517578,156.3000030517578,158.75,82058,0.0,0.0,2022-12-05,156.26831762098482,151.82429995835307,59.682686029994386,36.033341796399924,153.67415686473907,154.50249938964845,158.1328620689669,4.444017662631751,4.537700806590917,154.50249938964845,5.488228090795651,159.9907274804441,149.0142712988528,165.47895557123974,143.52604320805716,BIRLACABLE.BO,2023-08-21 12:13:24.498214
163,2022-12-02 00:00:00+05:30,157.5,161.8000030517578,155.89999389648438,158.14999389648438,76310,0.0,0.0,2022-12-02,155.81710264298204,151.2702439550213,59.07095315257129,35.51899754476233,153.1398575873432,154.05499954223632,157.82429310345032,4.546858687960736,4.561121592580708,154.05499954223632,5.488549765598781,159.5435493078351,148.56644977663754,165.03209907343387,143.07790001103876,BIRLACABLE.BO,2023-08-21 12:13:24.498214
164,2022-12-01 00:00:00+05:30,158.64999389648438,161.10000610351562,156.1999969482422,156.75,13796,0.0,0.0,2022-12-01,155.39294059689072,150.71986395970424,57.67968373757047,34.965088350691076,152.6124748179599,153.4849998474121,157.6614427069333,4.673076637186483,4.564687318735701,153.4849998474121,5.631001773866159,159.11600162127826,147.85399807354594,164.74700339514442,142.22299629967978,BIRLACABLE.BO,2023-08-21 12:13:24.498214
165,2022-11-30 00:00:00+05:30,163.8000030517578,165.14999389648438,156.60000610351562,157.14999389648438,25209,0.0,0.0,2022-11-30,155.14620252359813,150.2374530764806,58.20459287765969,34.44326217921403,152.1769458514294,152.88249969482422,158.11716406039992,4.908749447117543,4.537589989123005,152.88249969482422,5.901433188253832,158.78393288307805,146.9810665065704,164.68536607133188,141.07963331831655,BIRLACABLE.BO,2023-08-21 12:13:24.498214
166,2022-11-29 00:00:00+05:30,160.85000610351562,171.5500030517578,160.85000610351562,162.5500030517578,75375,0.0,0.0,2022-11-29,154.78187681943697,149.68444981088027,65.69961997335987,33.78232656426139,151.65346710984466,152.47750015258788,158.60074914235767,5.097427008556707,4.44480012462437,152.47750015258788,5.8710143972729245,158.3485145498608,146.60648575531496,164.21952894713374,140.73547135804202,BIRLACABLE.BO,2023-08-21 12:13:24.498214
167,2022-11-28 00:00:00+05:30,163.0,164.8000030517578,158.0500030517578,159.89999389648438,28650,0.0,0.0,2022-11-28,153.36949023174228,148.65520555161007,63.56143827116427,31.98836708840171,150.50646332648537,151.6699996948242,156.6261221876576,4.714284680132209,4.281643403641286,151.6699996948242,5.512411922486032,157.18241161731024,146.1575877723382,162.6948235397963,140.64517584985214,BIRLACABLE.BO,2023-08-21 12:13:24.498214
168,2022-11-25 00:00:00+05:30,154.0,164.64999389648438,154.0,159.8000030517578,51633,0.0,0.0,2022-11-25,152.1821259290619,147.75562248402014,63.481670764122526,30.61625519304466,149.51767063490652,150.8849998474121,154.98918633324416,4.42650344504176,4.173483084518555,150.8849998474121,5.395371603835442,156.28037145124753,145.48962824357668,161.675743055083,140.09425663974122,BIRLACABLE.BO,2023-08-21 12:13:24.498214
169,2022-11-24 00:00:00+05:30,154.6999969482422,156.60000610351562,152.89999389648438,153.10000610351562,16570,0.0,0.0,2022-11-24,150.797057361299,146.7920720386011,57.72396970359674,29.15215690596,148.43531985418534,149.5375,152.5837779739873,4.004985322697905,4.1102279943877535,149.5375,6.335195176486533,155.87269517648653,143.20230482351346,162.20789035297307,136.86710964702692,BIRLACABLE.BO,2023-08-21 12:13:24.498214
170,2022-11-23 00:00:00+05:30,153.6999969482422,161.0,152.0,153.85000610351562,77418,0.0,0.0,2022-11-23,150.37833940816873,146.28743731340793,58.685742736200716,28.39746194757678,147.94430024899268,148.4474998474121,152.32566390922312,4.090902094760793,4.136538662310215,148.4474998474121,7.464696204577763,155.91219605198987,140.98280364283434,163.37689225656763,133.51810743825658,BIRLACABLE.BO,2023-08-21 12:13:24.498214
171,2022-11-22 00:00:00+05:30,153.0500030517578,155.0,150.64999389648438,152.64999389648438,7185,0.0,0.0,2022-11-22,149.74712728174202,145.68243181019932,57.63707565071437,27.584713530856384,147.32264700114817,147.4224998474121,151.56349281207684,4.064695471542706,4.147947804197571,147.4224998474121,8.066978964323358,155.48947881173547,139.35552088308873,163.5564577760588,131.2885419187654,BIRLACABLE.BO,2023-08-21 12:13:24.498214
172,2022-11-21 00:00:00+05:30,155.0,156.39999389648438,149.9499969482422,154.8000030517578,34809,0.0,0.0,2022-11-21,149.21933335178886,145.12502684329652,60.178343529874645,27.4510084030708,146.76187364374437,146.3224998474121,151.02024226987305,4.094306508492338,4.168760887361287,146.3224998474121,8.784666978221052,155.10716682563316,137.53783286919105,163.8918338038542,128.75316589097,BIRLACABLE.BO,2023-08-21 12:13:24.498214
173,2022-11-18 00:00:00+05:30,149.85000610351562,157.75,147.85000610351562,152.10000610351562,78021,0.0,0.0,2022-11-18,148.20466613361268,144.35102874661962,58.019942396290425,27.307018265455557,145.91575475869033,145.0875,149.13036187893067,3.853637386993057,4.187374482078524,145.0875,9.253829519307173,154.34132951930718,135.83367048069283,163.59515903861436,126.57984096138566,BIRLACABLE.BO,2023-08-21 12:13:24.498214
174,2022-11-17 00:00:00+05:30,144.0,150.25,143.0,147.25,32052,0.0,0.0,2022-11-17,147.49642250272123,143.73111055806794,53.847383693440506,27.151951963408372,145.26478093291925,144.05,147.64553976663817,3.765311944653291,4.27080875584989,144.05,9.58356385303758,153.6335638530376,134.46643614696242,163.21712770607516,124.88287229392485,BIRLACABLE.BO,2023-08-21 12:13:24.498214
175,2022-11-16 00:00:00+05:30,147.89999389648438,150.5,142.14999389648438,143.5500030517578,12795,0.0,0.0,2022-11-16,147.54122659412508,143.44959940271335,50.35163955143661,28.00569900678493,145.0558105048055,143.2074996948242,147.84330964995723,4.091627191411732,4.39718295864904,143.2074996948242,10.018235367571931,153.22573506239613,133.1892643272523,163.24397042996807,123.17102895968034,BIRLACABLE.BO,2023-08-21 12:13:24.498214
176,2022-11-15 00:00:00+05:30,144.0500030517578,150.0,144.0500030517578,146.75,22950,0.0,0.0,2022-11-15,148.2669036018282,143.4415671107898,53.61282564072267,28.92511889965199,145.21431655249472,142.50249938964845,149.98996294905692,4.825336491038399,4.473571900458367,142.50249938964845,10.478415967040002,152.98091535668846,132.02408342260844,163.45933132372846,121.54566745556845,BIRLACABLE.BO,2023-08-21 12:13:24.498214
177,2022-11-14 00:00:00+05:30,154.9499969482422,154.9499969482422,144.60000610351562,145.39999389648438,34573,0.0,0.0,2022-11-14,148.54270425670606,143.17689247965296,52.40523351720944,29.533489827777263,145.05266566328365,141.79249954223633,151.60994442358538,5.365811777053096,4.385630752813359,141.79249954223633,10.655059951033754,152.4475594932701,131.13743959120256,163.10261944430383,120.48237964016882,BIRLACABLE.BO,2023-08-21 12:13:24.498214
178,2022-11-11 00:00:00+05:30,159.9499969482422,161.0500030517578,154.4499969482422,155.1999969482422,12193,0.0,0.0,2022-11-11,149.11410614038272,142.99904436630646,63.558547881071284,30.080405906022044,145.01610479663094,141.1625,154.71491968713585,6.115061774076253,4.140585496753425,141.1625,10.802019152852676,151.96451915285266,130.36048084714733,162.76653830570535,119.55846169429464,BIRLACABLE.BO,2023-08-21 12:13:24.498214
179,2022-11-10 00:00:00+05:30,161.0500030517578,165.75,151.8000030517578,157.14999389648438,113629,0.0,0.0,2022-11-10,148.00758053895373,142.0229681597516,66.16020449098747,28.41162278594218,143.94411614909293,140.1349998474121,154.47238105658266,5.984612379202133,3.6469664274227176,140.1349998474121,10.365009512521048,150.50000935993316,129.76999033489105,160.8650188724542,119.40498082237,BIRLACABLE.BO,2023-08-21 12:13:24.498214
180,2022-11-09 00:00:00+05:30,152.0500030517578,164.0,151.75,162.75,82449,0.0,0.0,2022-11-09,146.34532356485724,140.81280610081296,74.26681985432106,26.61447173354848,142.55402375463066,139.05999984741212,153.1335746366318,5.532517464044275,3.0625549394778635,139.05999984741212,9.593659577220453,148.65365942463256,129.46634027019167,158.24731900185301,119.87268069297122,BIRLACABLE.BO,2023-08-21 12:13:24.498214
181,2022-11-07 00:00:00+05:30,151.0,154.75,148.39999389648438,152.4499969482422,79250,0.0,0.0,2022-11-07,143.362655122104,139.057830588878,67.45642083001937,24.820518923813726,140.428131518276,137.9,148.32536195494768,4.304824533225997,2.4450643083362604,137.9,7.816446159015638,145.71644615901565,130.08355384098437,153.5328923180313,122.26710768196872,BIRLACABLE.BO,2023-08-21 12:13:24.498214
182,2022-11-04 00:00:00+05:30,147.0,151.0,143.8000030517578,149.8000030517578,17826,0.0,0.0,2022-11-04,141.71041115371526,137.98645728012886,65.25990646888866,23.7751679677086,139.1626719993322,137.5974998474121,146.2630444583004,3.723953873586396,1.9801242521138263,137.5974998474121,7.32536019872103,144.92286004613314,130.27213964869108,152.24822024485417,122.94677944997005,BIRLACABLE.BO,2023-08-21 12:13:24.498214
183,2022-11-03 00:00:00+05:30,145.39999389648438,149.5,145.39999389648438,146.75,5868,0.0,0.0,2022-11-03,140.23957626316206,137.04137361839855,62.55916147022149,23.098962533820433,138.0429529411821,136.9574996948242,144.4945651615717,3.198202644763512,1.5441668467456835,136.9574996948242,6.7388155155059835,143.6963152103302,130.21868417931822,150.4351307258362,123.47986866381224,BIRLACABLE.BO,2023-08-21 12:13:24.498214
184,2022-11-02 00:00:00+05:30,149.6999969482422,150.85000610351562,144.0,144.6999969482422,6316,0.0,0.0,2022-11-02,139.05586285646427,136.26468350787044,60.649889061246,21.97240473117208,137.12642167183284,136.20999984741212,143.36684774235755,2.791179348593829,1.130657897241226,136.20999984741212,6.416888266405884,142.626888113818,129.79311158100623,149.0437763802239,123.37622331460035,BIRLACABLE.BO,2023-08-21 12:13:24.498214
185,2022-11-01 00:00:00+05:30,155.0,157.3000030517578,147.1999969482422,149.0500030517578,45103,0.0,0.0,2022-11-01,138.0296566579592,135.5898584326407,67.42461129783985,20.75918863601231,136.32920322168448,135.4099998474121,142.7002731394152,2.4397982253184978,0.715527534403075,135.4099998474121,6.299008853615711,141.7090087010278,129.1109909937964,148.00801755464354,122.81198214018069,BIRLACABLE.BO,2023-08-21 12:13:24.498214
186,2022-10-31 00:00:00+05:30,146.0,151.0,145.0,146.39999389648438,72545,0.0,0.0,2022-10-31,136.02595731363218,134.51304686311136,65.22740670766711,18.687329736483683,134.99017166062413,134.36749954223632,139.52540818324388,1.5129104505208204,0.28445986167421927,134.36749954223632,5.610474484514151,139.97797402675047,128.75702505772216,145.58844851126463,123.14655057320802,BIRLACABLE.BO,2023-08-21 12:13:24.498214
187,2022-10-28 00:00:00+05:30,133.75,147.9499969482422,133.60000610351562,144.1999969482422,16311,0.0,0.0,2022-10-28,134.13976884402268,133.5620911004415,63.320189771445236,17.068214184656593,133.78913774105987,133.39749984741212,136.0881153266236,0.5776777435811766,-0.022652785537430997,133.39749984741212,5.071863541285315,138.46936338869745,128.3256363061268,143.54122692998274,123.25377276484149,BIRLACABLE.BO,2023-08-21 12:13:24.498214
188,2022-10-27 00:00:00+05:30,127.3499984741211,133.75,127.3499984741211,132.85000610351562,4823,0.0,0.0,2022-10-27,132.3106364614373,132.71105863261747,50.2474402124888,15.664863656114816,132.69325782451438,132.51749992370605,132.0321745158143,-0.40042217118016765,-0.1727354178170829,132.51749992370605,4.60421020050908,137.12171012421513,127.91328972319698,141.7259203247242,123.3090795226879,BIRLACABLE.BO,2023-08-21 12:13:24.498214
189,2022-10-25 00:00:00+05:30,133.14999389648438,133.6999969482422,130.10000610351562,131.3000030517578,6707,0.0,0.0,2022-10-25,132.2125692537867,132.6999428349456,47.89243545045042,16.46702021317376,132.67675800567213,132.25749969482422,131.62325872196362,-0.4873735811588915,-0.11581372947631169,132.25749969482422,4.729561333569019,136.98706102839324,127.5279383612552,141.71662236196227,122.79837702768619,BIRLACABLE.BO,2023-08-21 12:13:24.498214
190,2022-10-24 00:00:00+05:30,131.39999389648438,134.1999969482422,131.39999389648438,133.35000610351562,2360,0.0,0.0,2022-10-24,132.37849038142832,132.81193801760062,50.848341534978154,16.59232593430389,132.82167957976836,132.00499954223633,131.7848865570665,-0.4334476361723034,-0.022923766555666733,132.00499954223633,4.914556166567166,136.9195557088035,127.09044337566917,141.83411187537067,122.175887209102,BIRLACABLE.BO,2023-08-21 12:13:24.498214
191,2022-10-21 00:00:00+05:30,131.6999969482422,132.0500030517578,130.0,130.64999389648438,2044,0.0,0.0,2022-10-21,132.20185115923064,132.76889257072742,46.835313577928936,16.358741188408896,132.76606626147918,131.98249893188478,131.0023267838419,-0.5670414114967741,0.07970720084849243,131.98249893188478,4.909101271952629,136.8916002038374,127.07339765993214,141.80070147579005,122.16429638797952,BIRLACABLE.BO,2023-08-21 12:13:24.498214
192,2022-10-20 00:00:00+05:30,129.3000030517578,131.9499969482422,129.3000030517578,130.10000610351562,2119,0.0,0.0,2022-10-20,132.48400702518452,132.93840446466686,46.001381070409,16.530397649763273,132.98881072095233,132.18499908447265,131.17849322752068,-0.45439743948233513,0.24139435393480907,132.18499908447265,4.9347069994128425,137.1197060838855,127.25029208505981,142.05441308329833,122.31558508564697,BIRLACABLE.BO,2023-08-21 12:13:24.498214
193,2022-10-19 00:00:00+05:30,127.5,136.9499969482422,127.5,131.35000610351562,10581,0.0,0.0,2022-10-19,132.91746173821525,133.16547633355896,47.576310306195616,16.73484697121216,133.29289541752462,132.40999908447264,131.71773678952317,-0.2480145953437045,0.41534230228909513,132.40999908447264,4.9372264396031635,137.3472255240758,127.47277264486948,142.28445196367898,122.53554620526631,BIRLACABLE.BO,2023-08-21 12:13:24.498214
194,2022-10-18 00:00:00+05:30,128.0,132.4499969482422,128.0,130.39999389648438,9658,0.0,0.0,2022-10-18,133.202453671797,133.3107139519624,46.27832851426952,16.955023163541732,133.49741008215713,132.75999908447267,131.90160213252693,-0.10826028016541045,0.5811815266972951,132.75999908447267,5.10344564546973,137.8634447299424,127.65655343900293,142.96689037541213,122.5531077935332,BIRLACABLE.BO,2023-08-21 12:13:24.498214
195,2022-10-17 00:00:00+05:30,126.05000305175781,134.0500030517578,126.05000305175781,129.4499969482422,8183,0.0,0.0,2022-10-17,133.71199181276293,133.54357155640065,45.01415336460759,18.053502424128553,133.82345389117532,133.29749908447266,132.6524062505482,0.16842025636228186,0.7535419784129713,133.29749908447266,5.399328686962493,138.69682777143515,127.89817039751017,144.09615645839764,122.49884171054768,BIRLACABLE.BO,2023-08-21 12:13:24.498214
196,2022-10-14 00:00:00+05:30,134.89999389648438,136.64999389648438,131.0,132.5500030517578,2248,0.0,0.0,2022-10-14,134.48689996994852,133.87105752505335,48.470254455199196,19.236480089375895,134.28381777990512,133.82749938964844,134.2536109017012,0.6158424448951791,0.8998224089256437,133.82749938964844,5.520665891364539,139.34816528101297,128.3068334982839,144.86883117237753,122.78616760691936,BIRLACABLE.BO,2023-08-21 12:13:24.498214
197,2022-10-13 00:00:00+05:30,133.35000610351562,135.14999389648438,132.0500030517578,132.8000030517578,817,0.0,0.0,2022-10-13,134.8390630459832,133.976741882917,48.750546304587964,19.39951947145459,134.4663245933943,134.69749908447267,135.10541482667287,0.8623211630662126,0.9708173999332598,134.69749908447267,6.578442573048697,141.27594165752137,128.11905651142396,147.85438423057008,121.54061393837527,BIRLACABLE.BO,2023-08-21 12:13:24.498214
198,2022-10-12 00:00:00+05:30,133.0500030517578,137.6999969482422,131.25,134.64999389648438,9171,0.0,0.0,2022-10-12,135.20980122675147,134.07088098940974,50.76784851635485,19.837843422603036,134.64172686093497,135.41249923706056,136.25812071413037,1.138920237341722,0.9979414591500215,135.41249923706056,7.11647241061675,142.5289716476773,128.2960268264438,149.64544405829406,121.17955441582706,BIRLACABLE.BO,2023-08-21 12:13:24.498214
199,2022-10-11 00:00:00+05:30,136.89999389648438,140.39999389648438,133.8000030517578,135.64999389648438,683,0.0,0.0,2022-10-11,135.31158437770912,134.02455195684377,51.84465852724743,20.309884600762903,134.6408566466666,136.2305061340332,137.06218412295334,1.2870324208653585,0.9626967646020963,136.2305061340332,7.919201961639828,144.14970809567302,128.31130417239336,152.06891005731285,120.39210221075354,BIRLACABLE.BO,2023-08-21 12:13:24.498214
200,2022-10-10 00:00:00+05:30,142.9499969482422,143.39999389648438,137.60000610351562,139.5500030517578,17353,0.0,0.0,2022-10-10,135.25005537429544,133.8945166016725,56.15830167594965,20.255932171542575,134.53463167300157,136.66936874389648,137.76827923618782,1.3555387726229355,0.8816128505362807,136.66936874389648,8.125848872832384,144.79521761672888,128.5435198710641,152.92106648956124,120.41767099823171,BIRLACABLE.BO,2023-08-21 12:13:24.498214
201,2022-10-07 00:00:00+05:30,137.14999389648438,147.5,137.14999389648438,146.39999389648438,11250,0.0,0.0,2022-10-07,134.46824670566593,133.44207768566568,64.9755117026755,19.288849646267266,134.0066978436588,136.83403854370118,136.87741732840283,1.0261690200002533,0.7631313700146168,136.83403854370118,8.220120537908919,145.0541590816101,128.61391800579227,153.274279619519,120.39379746788335,BIRLACABLE.BO,2023-08-21 12:13:24.498214
202,2022-10-06 00:00:00+05:30,130.5500030517578,140.0,130.5500030517578,137.0,3515,0.0,0.0,2022-10-06,132.29883812551714,132.4054443888002,56.21586492725785,18.24737615750924,132.702140364414,136.68343200683594,132.11612904436203,-0.10660626328305511,0.6973719575182077,136.68343200683594,8.061698659311554,144.7451306661475,128.62173334752438,152.80682932545906,120.56003468821284,BIRLACABLE.BO,2023-08-21 12:13:24.498214
203,2022-10-04 00:00:00+05:30,130.5,133.0,128.25,131.8000030517578,5058,0.0,0.0,2022-10-04,131.4440814210657,132.0378799399042,49.761691855268786,18.15558858106493,132.2497340869839,137.18348236083983,129.674193566543,-0.5937985188384971,0.8983665127185233,137.18348236083983,8.386015468009735,145.56949782884956,128.7974668928301,153.9555132968593,120.41145142482037,BIRLACABLE.BO,2023-08-21 12:13:24.498214
204,2022-10-03 00:00:00+05:30,127.0999984741211,133.10000610351562,127.0999984741211,128.6999969482422,10719,0.0,0.0,2022-10-03,131.3793683973035,132.0569100909559,45.29792727765954,19.350589494455836,132.29707419595505,138.03509902954102,128.6112888239356,-0.6775416936524152,1.2714077706077782,138.03509902954102,8.670545377465459,146.70564440700647,129.36455365207556,155.37618978447193,120.6940082746101,BIRLACABLE.BO,2023-08-21 12:13:24.498214
205,2022-09-30 00:00:00+05:30,126.05000305175781,131.6999969482422,126.05000305175781,128.1999969482422,4020,0.0,0.0,2022-09-30,131.86652684258738,132.32546314237302,44.56017294267031,20.637513555030658,132.67571390624062,138.71504669189454,128.5669347617823,-0.4589362997856483,1.7586451366728264,138.71504669189454,8.429829570406339,147.14487626230087,130.28521712148822,155.57470583270722,121.85538755108186,BIRLACABLE.BO,2023-08-21 12:13:24.498214
206,2022-09-29 00:00:00+05:30,126.0999984741211,131.0,126.0999984741211,127.0,2531,0.0,0.0,2022-09-29,132.53316864155923,132.6555004379035,42.842225568145686,22.14681283207472,133.14684200708257,138.23458251953124,128.75040366855237,-0.1223317963442696,2.313040495787445,138.23458251953124,9.290584095809756,147.525166615341,128.9439984237215,156.81575071115077,119.65341432791173,BIRLACABLE.BO,2023-08-21 12:13:24.498214
207,2022-09-28 00:00:00+05:30,126.0,129.6999969482422,124.5,126.5999984741211,8764,0.0,0.0,2022-09-28,133.53919930366092,133.10794047293578,42.28869327977822,23.63508368743952,133.7938780078281,137.81659278869628,129.62560550282853,0.4312588307251417,2.9218835688203737,137.81659278869628,9.98476093236181,147.8013537210581,127.83183185633447,157.7861146534199,117.84707092397267,BIRLACABLE.BO,2023-08-21 12:13:24.498214
208,2022-09-27 00:00:00+05:30,127.8499984741211,134.89999389648438,125.05000305175781,127.6500015258789,7690,0.0,0.0,2022-09-27,134.80087218175908,133.62857583284097,43.31107056501203,24.989632110000223,134.55112848506045,137.46809844970704,131.13840901718225,1.1722963489181097,3.5445397533441816,137.46809844970704,10.504937954533998,147.97303640424104,126.96316049517304,158.47797435877504,116.45822254063904,BIRLACABLE.BO,2023-08-21 12:13:24.498214
209,2022-09-26 00:00:00+05:30,132.0,132.0,122.44999694824219,126.25,21822,0.0,0.0,2022-09-26,136.1010304828282,134.10686177739794,41.56187962930248,26.53862769025833,135.2775629018164,137.04978065490724,132.88261276283393,1.994168705430269,4.137600604450699,137.04978065490724,11.067972306913257,148.11775296182049,125.98180834799398,159.18572526873376,114.91383604108073,BIRLACABLE.BO,2023-08-21 12:13:24.498214
210,2022-09-23 00:00:00+05:30,132.60000610351562,136.14999389648438,132.35000610351562,132.89999389648438,4769,0.0,0.0,2022-09-23,137.8921269342515,134.73541071958977,48.10941695017312,27.68164914048201,136.22783268095498,136.75343322753906,136.19891914425088,3.156716214661742,4.673458579205807,136.75343322753906,11.445274778617739,148.1987080061568,125.30815844892132,159.64398278477455,113.86288367030359,BIRLACABLE.BO,2023-08-21 12:13:24.498214
211,2022-09-22 00:00:00+05:30,132.0,137.9499969482422,132.0,134.6999969482422,19519,0.0,0.0,2022-09-22,138.79978748657282,134.8822440654382,50.092884117237965,28.942596799073026,136.57813150037293,136.0627170562744,137.84838176813412,3.9175434211346385,5.052644170341823,136.0627170562744,12.088818343617637,148.15153539989205,123.97389871265678,160.24035374350967,111.88508036903913,BIRLACABLE.BO,2023-08-21 12:13:24.498214
212,2022-09-21 00:00:00+05:30,136.5,139.35000610351562,133.10000610351562,134.60000610351562,10776,0.0,0.0,2022-09-21,139.54520394808748,134.89682383481386,49.986512718184144,30.300540431401814,136.77582987428144,135.31664695739747,139.42257417808008,4.6483801132736176,5.336419357643619,135.31664695739747,12.625859562423818,147.94250651982128,122.69078739497365,160.5683660822451,110.06492783254983,BIRLACABLE.BO,2023-08-21 12:13:24.498214
213,2022-09-20 00:00:00+05:30,145.0,145.0,136.5500030517578,138.35000610351562,14577,0.0,0.0,2022-09-20,140.44433082891874,134.92056925331772,53.993823903848664,31.544199531774915,137.0048639554147,134.39244422912597,141.8338582153623,5.523761575601014,5.508429168736118,134.39244422912597,13.33752991596065,147.72997414508663,121.05491431316533,161.06750406104726,107.71738439720467,BIRLACABLE.BO,2023-08-21 12:13:24.498214
214,2022-09-19 00:00:00+05:30,144.75,144.75,138.64999389648438,141.14999389648438,11287,0.0,0.0,2022-09-19,140.8251171426284,134.6462143053019,57.17159505735939,32.17767560793245,136.86327004508829,133.2832160949707,143.57578427128564,6.17890283732649,5.504596067019893,133.2832160949707,13.901643034932455,147.18485912990315,119.38157306003825,161.08650216483562,105.47993002510579,BIRLACABLE.BO,2023-08-21 12:13:24.498214
215,2022-09-16 00:00:00+05:30,148.25,150.0500030517578,138.0,140.0500030517578,47797,0.0,0.0,2022-09-16,140.7660486419273,134.1259119380073,56.23190164840235,32.408329129091385,136.41203595546764,132.22207069396973,144.78867945868626,6.640136703920007,5.336019374443244,132.22207069396973,14.07842195952265,146.30049265349237,118.14364873444708,160.378914613015,104.06522677492443,BIRLACABLE.BO,2023-08-21 12:13:24.498214
216,2022-09-15 00:00:00+05:30,148.3000030517578,153.1999969482422,145.0,149.9499969482422,27804,1.5,0.0,2022-09-15,140.89623874923086,133.65198464890727,68.85790540565532,32.65672522880101,136.02909205059498,131.13920707702636,147.15801766215048,7.244254100323587,5.009990042074053,131.13920707702636,14.276147902216401,145.41535497924275,116.86305917480996,159.69150288145914,102.58691127259355,BIRLACABLE.BO,2023-08-21 12:13:24.498214
217,2022-09-14 00:00:00+05:30,147.49596237671545,149.77274870952354,145.51615080118907,147.10000610351562,7086,0.0,0.0,2022-09-14,139.25010089486517,132.34814366496047,66.86934811896307,31.34909416109642,134.56373364031631,129.51679801940918,145.7620280191046,6.901957229904696,4.451424027511669,129.51679801940918,13.863712539090146,143.38051055849934,115.65308548031904,157.24422309758947,101.78937294122889,BIRLACABLE.BO,2023-08-21 12:13:24.498214
218,2022-09-13 00:00:00+05:30,144.03129297004446,152.44549221571717,140.913095762083,151.0101318359375,73134,0.0,0.0,2022-09-13,137.82284540238328,131.16799466987607,72.79058908723442,30.241635543259317,133.24412601261113,128.0591613769531,145.0930389768991,6.654850732507214,3.8387907269134125,128.0591613769531,13.443915835982565,141.5030772129357,114.61524554097055,154.94699304891824,101.17132970498798,BIRLACABLE.BO,2023-08-21 12:13:24.498214
219,2022-09-12 00:00:00+05:30,143.53633694085008,148.68384393432788,142.84340592139864,144.42724609375,6349,0.0,0.0,2022-09-12,135.42515695991887,129.58062369659115,68.42090805608132,29.048987800973205,131.3740201364715,126.38374557495118,142.1344925473799,5.844533263327719,3.134775725514962,126.38374557495118,12.48706430800197,138.87080988295315,113.8966812669492,151.35787419095513,101.40961695894724,BIRLACABLE.BO,2023-08-21 12:13:24.498214
220,2022-09-09 00:00:00+05:30,143.73430815788143,145.66462129945455,141.80399501630828,142.84339904785156,17482,0.0,0.0,2022-09-09,133.78841348104046,128.39289390481844,67.24813734549514,28.095667545097005,129.99999635149481,125.04242362976075,140.98811577419482,5.3955195762220285,2.457336341061773,125.04242362976075,11.872564415273061,136.9149880450338,113.16985921448769,148.78755246030687,101.29729479921463,BIRLACABLE.BO,2023-08-21 12:13:24.498214
221,2022-09-08 00:00:00+05:30,152.34649868953025,152.34649868953025,140.56662554817342,143.3878631591797,13157,0.0,0.0,2022-09-08,132.14205246889298,127.23685349337579,68.05017490847919,27.35207137573784,128.64805922556252,124.2554485321045,140.06047413736644,4.9051989755171945,1.7227905322717088,124.2554485321045,11.128877280646291,135.38432581275077,113.1265712514582,146.51320309339707,101.99769397081191,BIRLACABLE.BO,2023-08-21 12:13:24.498214
222,2022-09-07 00:00:00+05:30,146.60505081335026,151.55457967126534,144.0807880748609,147.00100708007812,42455,0.0,0.0,2022-09-07,130.09735961611358,125.94477272011147,73.49117047583843,26.551275501043353,127.0965009167607,123.56498832702637,138.39677962645982,4.152586896002106,0.9271884214603373,123.56498832702637,10.275005073546442,133.8399934005728,113.28998325347993,144.11499847411926,103.01497817993348,BIRLACABLE.BO,2023-08-21 12:13:24.498214
223,2022-09-06 00:00:00+05:30,147.89191387396488,156.10813466802142,145.12018984154756,148.83233642578125,96302,0.0,0.0,2022-09-06,127.02396916812002,124.26027397131415,76.36528663862453,24.97558929761937,125.00128974167467,122.52806205749512,134.09466589965064,2.7636951968058696,0.12083880282489512,122.52806205749512,8.713160130227575,131.24122218772268,113.81490192726754,139.95438231795026,105.10174179703998,BIRLACABLE.BO,2023-08-21 12:13:24.498214
224,2022-09-05 00:00:00+05:30,118.88767792226827,142.2989501953125,118.88767792226827,142.2989501953125,68746,0.0,0.0,2022-09-05,123.05881148490889,122.29450897495678,72.84669134801416,23.065667943217747,122.49275851176873,121.49608497619629,126.7258306365853,0.7643025099521026,-0.5398752956703485,121.49608497619629,6.3301236485718375,127.82620862476813,115.16596132762444,134.15633227333996,108.83583767905262,BIRLACABLE.BO,2023-08-21 12:13:24.498214
225,2022-09-02 00:00:00+05:30,118.49171688271065,120.07557214638588,118.1452513759248,118.59071350097656,6633,0.0,0.0,2022-09-02,119.56060444665368,120.69415367732833,45.481743423022664,22.17758176986629,120.40789622929044,120.96401100158691,118.93927085722169,-1.133549230674646,-0.8659197470759613,120.96401100158691,4.736039579068391,125.7000505806553,116.22797142251852,130.4360901597237,111.49193184345013,BIRLACABLE.BO,2023-08-21 12:13:24.498214
226,2022-09-01 00:00:00+05:30,118.98667089337366,120.57052617207536,118.44222724965393,118.64020538330078,7880,0.0,0.0,2022-09-01,119.7369482549586,120.86242889143648,45.57167674688497,22.39154300377276,120.59917862174453,121.8103801727295,119.11354953534422,-1.1254806364778744,-0.7990123761762902,121.8103801727295,5.703338853707159,127.51371902643666,116.10704131902233,133.2170578801438,110.40370246531518,BIRLACABLE.BO,2023-08-21 12:13:24.498214
227,2022-08-30 00:00:00+05:30,122.5008399594168,122.5008399594168,118.44222778234882,119.63011169433594,7787,0.0,0.0,2022-08-30,119.93635604980548,121.04020677208734,47.290938412724,22.68616590233139,120.8053863310544,122.62705307006836,119.35022161136592,-1.1038507222818623,-0.717395311100894,122.62705307006836,6.357408982248726,128.98446205231707,116.26964408781963,135.3418710345658,109.9122351055709,BIRLACABLE.BO,2023-08-21 12:13:24.498214
228,2022-08-29 00:00:00+05:30,111.4138977565818,119.63011113990821,111.4138977565818,119.28364562988281,9142,0.0,0.0,2022-08-29,119.99203684170904,121.15301437830746,46.62995169283343,23.003452208823646,120.92909945070897,123.07498550415039,119.2102765698809,-1.1609775365984234,-0.6207814583056519,123.07498550415039,6.450066329588148,129.52505183373853,116.62491917456224,135.9751181633267,110.1748528449741,BIRLACABLE.BO,2023-08-21 12:13:24.498214
229,2022-08-26 00:00:00+05:30,116.8088828871963,121.90689920164776,116.8088828871963,120.32305145263672,7958,0.0,0.0,2022-08-26,120.12083524385926,121.30256387818143,48.30121993668038,22.48366626381575,121.1023051160591,123.4857967376709,119.17359203987994,-1.1817286343221696,-0.4857324387324589,123.4857967376709,6.457528399150369,129.94332513682127,117.02826833852053,136.40085353597163,110.57073993937016,BIRLACABLE.BO,2023-08-21 12:13:24.498214
230,2022-08-25 00:00:00+05:30,118.83819402179357,122.40185338264604,118.78869571096125,119.0856704711914,12622,0.0,0.0,2022-08-25,120.08406866044518,121.38092487222501,46.1649815011046,22.990307035235222,121.18433181747199,123.87185974121094,118.59886233350153,-1.2968562117798257,-0.31173338983503124,123.87185974121094,6.4892218086318305,130.36108154984277,117.38263793257912,136.8503033584746,110.89341612394728,BIRLACABLE.BO,2023-08-21 12:13:24.498214
231,2022-08-24 00:00:00+05:30,119.67960590682347,121.75840645782219,116.06644843235489,119.77859497070312,35229,0.0,0.0,2022-08-24,120.26559560394585,121.56454522430771,47.17213978355958,24.002408549590438,121.40524353813309,124.22575073242187,118.35545826465656,-1.298949620361853,-0.06545268434883258,124.22575073242187,6.406941877231044,130.6326926096529,117.81880885519082,137.03963448688395,111.41186697795979,BIRLACABLE.BO,2023-08-21 12:13:24.498214
232,2022-08-23 00:00:00+05:30,116.16544229587987,118.59071599923541,114.38361641528131,116.11595153808594,11517,0.0,0.0,2022-08-23,120.35414117362635,121.70742124459606,40.8120101993387,24.904422478414116,121.57646970312572,124.68853225708008,117.64388991163327,-1.353280070969717,0.24292154965442253,124.68853225708008,6.403083468671786,131.09161572575186,118.2854487884083,137.49469919442365,111.88236531973651,BIRLACABLE.BO,2023-08-21 12:13:24.498214
233,2022-08-22 00:00:00+05:30,117.00686183486991,119.43213556170312,115.81897790297165,116.16544342041016,16129,0.0,0.0,2022-08-22,121.12472110736095,122.15473882111687,40.87443525597734,24.898141592777474,122.1512610889194,125.29484939575195,118.40785909840693,-1.0300177137559103,0.6419719548104574,125.29484939575195,6.1163187902346285,131.41116818598658,119.17853060551732,137.5274869762212,113.0622118152827,BIRLACABLE.BO,2023-08-21 12:13:24.498214
234,2022-08-19 00:00:00+05:30,115.37352083239271,121.26345715917121,115.37352083239271,119.92708587646484,20501,0.0,0.0,2022-08-19,122.02640795953383,122.6338824531734,45.762209023675176,25.17996637390262,122.7813471592888,125.90364112854004,119.5290669374053,-0.6074744936395717,1.0599693719520493,125.90364112854004,5.755088741808932,131.65872987034896,120.14855238673111,137.4138186121579,114.39346364492218,BIRLACABLE.BO,2023-08-21 12:13:24.498214
235,2022-08-18 00:00:00+05:30,118.83819284883907,120.32305153057025,117.7987887506745,118.39273071289062,4853,0.0,0.0,2022-08-18,122.40810288372819,122.85042617931008,43.19559694481647,25.48346998434508,123.08179571537553,126.29465408325196,119.33005746787552,-0.4423232955818861,1.4768303383499544,126.29465408325196,5.590980003810983,131.88563408706293,120.70367407944097,137.4766140908739,115.11269407562999,BIRLACABLE.BO,2023-08-21 12:13:24.498214
236,2022-08-17 00:00:00+05:30,119.77860216376575,120.323053376372,115.81897895174045,117.50181579589844,29103,0.0,0.0,2022-08-17,123.1381705511532,123.20704181662364,41.70555214425655,26.28648720640923,123.57538150511078,126.79703140258789,119.79872084536795,-0.06887126547044886,1.9566187468329144,126.79703140258789,5.286714910807177,132.08374631339507,121.51031649178071,137.37046122420224,116.22360158097354,BIRLACABLE.BO,2023-08-21 12:13:24.498214
237,2022-08-16 00:00:00+05:30,122.74831469782507,122.74831469782507,117.35333130665558,117.94727325439453,20127,0.0,0.0,2022-08-16,124.16296232483587,123.66345989828166,42.22558505044566,27.151274984016776,124.21470421134367,127.44047012329102,120.9471733701027,0.4995024265542156,2.462991249908755,127.44047012329102,4.8619183892118825,132.30238851250292,122.57855173407914,137.16430690171478,117.71663334486726,BIRLACABLE.BO,2023-08-21 12:13:24.498214
238,2022-08-12 00:00:00+05:30,113.88866565683087,120.76850796677209,113.88866565683087,117.50181579589844,5215,0.0,0.0,2022-08-12,125.29308761037066,124.12075482979263,41.54880797530113,28.375297393514806,124.87443378575936,127.40087394714355,122.44712342795677,1.1723327805780315,2.95386345574739,127.40087394714355,4.945802662671071,132.34667660981464,122.45507128447248,137.2924792724857,117.50926862180141,BIRLACABLE.BO,2023-08-21 12:13:24.498214
239,2022-08-11 00:00:00+05:30,119.28364395928575,122.20386292737787,112.40380195520073,117.6008071899414,88043,0.0,0.0,2022-08-11,126.70968248572925,124.65026995250416,41.649483175610975,29.208215524332765,125.65049883732368,127.37117652893066,124.91977724398593,2.0594125332250854,3.3992461245397294,127.37117652893066,5.009740566364507,132.38091709529516,122.36143596256615,137.39065766165967,117.35169539620165,BIRLACABLE.BO,2023-08-21 12:13:24.498214
240,2022-08-10 00:00:00+05:30,128.78674901757387,130.51908414599367,122.40185215568312,127.10389709472656,18075,0.0,0.0,2022-08-10,128.36584163041795,125.21422697350917,52.97220729266267,30.105204280598258,126.49783480020604,127.54193534851075,128.5792622710082,3.1516146569087766,3.7342045223683904,127.54193534851075,4.708322414351794,132.25025776286253,122.83361293415895,136.95858017721434,118.12529051980717,BIRLACABLE.BO,2023-08-21 12:13:24.498214
241,2022-08-08 00:00:00+05:30,126.41096361929964,129.87563380912644,125.47055616015645,129.5786590576172,12808,0.0,0.0,2022-08-08,128.59528609145272,125.06305336381178,56.69321949332953,31.691027423621712,126.43403876920388,127.19299354553223,129.316944859149,3.5322327276409453,3.879851988733294,127.19299354553223,4.992524088038583,132.1855176335708,122.20046945749365,137.1780417216094,117.20794536945506,BIRLACABLE.BO,2023-08-21 12:13:24.498214
242,2022-08-05 00:00:00+05:30,128.1432965763613,132.15241789294254,125.42105575834191,126.26248168945312,23920,0.0,0.0,2022-08-05,128.41649100669554,124.70180490830734,52.531477156990405,32.53058257746556,126.10302610726565,126.50748443603516,129.1860877599149,3.7146860983881993,3.9667568040063808,126.50748443603516,5.557050817090004,132.06453525312517,120.95043361894515,137.62158607021516,115.39338280185515,BIRLACABLE.BO,2023-08-21 12:13:24.498214
243,2022-08-04 00:00:00+05:30,132.39989424304153,133.34030168587125,125.32206661041384,128.1927947998047,9804,0.0,0.0,2022-08-04,128.80812906437598,124.57695076581568,55.40561512932235,33.4347188969897,126.08624130914066,125.97293548583984,130.64789079514577,4.231178298560295,4.029774480410926,125.97293548583984,6.072181090795071,132.0451165766349,119.90075439504477,138.11729766743,113.8285733042497,BIRLACABLE.BO,2023-08-21 12:13:24.498214
244,2022-08-03 00:00:00+05:30,132.15242360050516,135.71609050354786,129.8261389409129,131.657470703125,25725,0.0,0.0,2022-08-03,128.92000802157074,124.28768324309655,60.95762379259535,34.40840416416954,125.8644988364392,125.46065940856934,131.87543879281628,4.632324778474185,3.9794235258735835,125.46065940856934,6.302844905201034,131.76350431377037,119.15781450336831,138.0663492189714,112.85496959816727,BIRLACABLE.BO,2023-08-21 12:13:24.498214
245,2022-08-02 00:00:00+05:30,136.35952288918776,139.92318978336965,132.89485261614124,135.51809692382812,36673,0.0,0.0,2022-08-02,128.42228753401542,123.69810024629427,68.01834270730109,34.176315079323444,125.25471232415649,124.62418899536132,131.9844228376619,4.724187287721151,3.8161982127234326,124.62418899536132,6.542704646525643,131.16689364188696,118.08148434883567,137.70959828841262,111.53877970231004,BIRLACABLE.BO,2023-08-21 12:13:24.498214
246,2022-08-01 00:00:00+05:30,128.6877553902635,138.58681349720686,128.6877553902635,134.97366333007812,52147,0.0,0.0,2022-08-01,127.13214037223128,122.75250051209157,67.5297713393168,32.91638182374922,124.17435605050684,123.90155792236328,130.21758579457878,4.379639860139704,3.589200943974003,123.90155792236328,6.056210368112265,129.95776829047554,117.84534755425102,136.0139786585878,111.78913718613875,BIRLACABLE.BO,2023-08-21 12:13:24.498214
247,2022-07-29 00:00:00+05:30,127.94532763288126,131.162521557886,127.15339995346572,128.58876037597656,18502,0.0,0.0,2022-07-29,125.70640892535003,121.77480748665265,60.99212225997993,31.71238149467819,123.03758686318355,122.50084075927734,127.83954702682911,3.9316014386973848,3.391591214932577,122.50084075927734,6.577808507064556,129.0786492663419,115.92303225221278,135.65645777340646,109.34522374514823,BIRLACABLE.BO,2023-08-21 12:13:24.498214
248,2022-07-28 00:00:00+05:30,128.58875761947874,129.82613987180153,126.70794263785362,127.49987030029297,16797,0.0,0.0,2022-07-28,125.18234502523612,121.22969125550674,59.705034432180376,31.45048263652209,122.45325280920534,121.37482299804688,127.46494035225538,3.9526537697293804,3.256588658991375,121.37482299804688,7.361663088464671,128.73648608651155,114.01315990958221,136.09814917497621,106.65149682111753,BIRLACABLE.BO,2023-08-21 12:13:24.498214
249,2022-07-27 00:00:00+05:30,123.78771388655463,129.67764992718014,123.78771388655463,128.0443115234375,11153,0.0,0.0,2022-07-27,124.76097679340761,120.72807693192384,60.62525517487197,31.396590131908773,121.92202991540664,120.32304801940919,127.44747537823659,4.03289986148377,3.082572381306874,120.32304801940919,7.921882934982514,128.2449309543917,112.40116508442667,136.16681388937423,104.47928214944416,BIRLACABLE.BO,2023-08-21 12:13:24.498214
250,2022-07-26 00:00:00+05:30,132.3504015015872,132.3504015015872,125.12409374420152,126.16349029541016,4180,0.0,0.0,2022-07-26,124.16400684249308,120.14277816460275,58.560467902699116,31.36328480815986,121.27757921982443,119.33561706542969,127.14905730563613,4.021228677890335,2.84499051126265,119.33561706542969,8.13668537757946,127.47230244300914,111.19893168785023,135.6089878205886,103.06224631027077,BIRLACABLE.BO,2023-08-21 12:13:24.498214
251,2022-07-25 00:00:00+05:30,128.63825408594354,131.65746975927053,125.07459476083064,129.0342254638672,17401,0.0,0.0,2022-07-25,123.80046439650815,119.66112119413815,63.26317477011567,30.909260356126268,120.76327279081542,118.53131866455078,127.6418408107491,4.13934320237,2.5509309696057283,118.53131866455078,8.220839621733248,126.75215828628403,110.31047904281753,134.97299790801728,102.08963942108429,BIRLACABLE.BO,2023-08-21 12:13:24.498214
252,2022-07-22 00:00:00+05:30,129.1332034541918,129.92513108365432,127.69784312222025,128.24229431152344,8260,0.0,0.0,2022-07-22,122.84887147517013,118.91127285255982,62.4933133036925,30.518061117399846,119.89264619365208,117.50924034118653,126.94564848419003,3.9375986226103095,2.15382791141466,117.50924034118653,8.116373640648584,125.62561398183512,109.39286670053794,133.7419876224837,101.27649305988936,BIRLACABLE.BO,2023-08-21 12:13:24.498214
253,2022-07-21 00:00:00+05:30,127.89582349702326,132.69687256224276,127.69784536237536,128.34127807617188,25288,0.0,0.0,2022-07-21,121.8682491412877,118.16479113584273,62.64762676378386,29.294760436296034,119.0137358654551,116.3757984161377,126.29732557052333,3.703458005444972,1.7078852336157473,116.3757984161377,8.121464715250807,124.49726313138851,108.25433370088689,132.6187278466393,100.13286898563608,BIRLACABLE.BO,2023-08-21 12:13:24.498214
254,2022-07-20 00:00:00+05:30,129.82613806278084,133.73627800944732,126.80693749299438,127.74734497070312,14339,0.0,0.0,2022-07-20,120.69133478949058,117.3506721806164,62.13538960585627,27.977359018077774,118.0318893169586,115.10624465942382,125.27534931769904,3.340662608874183,1.208992040658441,115.10624465942382,8.13712793253963,123.24337259196345,106.9691167268842,131.38050052450308,98.83198879434457,BIRLACABLE.BO,2023-08-21 12:13:24.498214
255,2022-07-19 00:00:00+05:30,129.18270644700596,131.5089911107541,127.6978477522128,128.44027709960938,9247,0.0,0.0,2022-07-19,119.40842384745194,116.51893835740947,63.07472489732609,26.55861902922734,117.00920977445918,113.8342155456543,124.03935149119698,2.8894854900424747,0.6760743986045055,113.8342155456543,8.044979895837164,121.87919544149146,105.78923564981714,129.92417533732862,97.74425575397997,BIRLACABLE.BO,2023-08-21 12:13:24.498214
256,2022-07-18 00:00:00+05:30,119.38263739345825,135.6170939455974,119.38263739345825,130.37059020996094,21087,0.0,0.0,2022-07-18,117.76626871069604,115.56523125803348,65.65257038255595,25.25735560020189,115.80593952970652,112.57703514099121,121.83888868699076,2.201037452662561,0.12272162574501316,112.57703514099121,7.594336984735859,120.17137212572707,104.98269815625535,127.76570911046294,97.38836117151949,BIRLACABLE.BO,2023-08-21 12:13:24.498214
257,2022-07-15 00:00:00+05:30,119.13516132826697,119.8775906770751,116.31393131327249,117.15534973144531,5351,0.0,0.0,2022-07-15,115.47457389264788,114.38080254187929,53.58764705305794,23.85599498432833,114.27281840546921,110.87439727783203,117.57303792550564,1.0937713507685913,-0.3968573309843738,110.87439727783203,7.202253560538205,118.07665083837024,103.67214371729382,125.27890439890844,96.46989015675562,BIRLACABLE.BO,2023-08-21 12:13:24.498214
258,2022-07-14 00:00:00+05:30,120.86749042713993,120.86749042713993,114.87856517787613,116.90786743164062,8988,0.0,0.0,2022-07-14,115.1689782855938,114.15883876671401,53.299592419747974,24.537441120107616,113.96939405536646,110.17403869628906,117.7818820225358,1.0101395188797824,-0.7695145014226151,110.17403869628906,7.2402774258089595,117.41431612209801,102.9337612704801,124.65459354790698,95.69348384467114,BIRLACABLE.BO,2023-08-21 12:13:24.498214
259,2022-07-13 00:00:00+05:30,122.9462968631179,123.68872621024393,118.73919722940373,121.01598358154297,8254,0.0,0.0,2022-07-13,114.85281662267619,113.93891647351988,58.87801724938217,25.271306189408385,113.66008106839024,109.45140762329102,118.21888931798337,0.913900149156305,-1.2144280064982145,109.45140762329102,7.254044698199641,116.70545232149065,102.19736292509138,123.9594970196903,94.94331822689173,BIRLACABLE.BO,2023-08-21 12:13:24.498214
260,2022-07-12 00:00:00+05:30,116.01695066959651,122.74831277839667,116.01695066959651,120.12506103515625,19400,0.0,0.0,2022-07-12,113.73224081197314,113.37275110487803,57.99399628344765,25.006652744260194,112.88577554068995,108.84014091491699,116.82034218620356,0.35948970709510775,-1.7465100454118443,108.84014091491699,6.723980532109815,115.5641214470268,102.11616038280717,122.28810197913661,95.39217985069736,BIRLACABLE.BO,2023-08-21 12:13:24.498214
261,2022-07-11 00:00:00+05:30,115.71998948725486,117.74929184506779,115.17553827650546,115.86847686767578,10407,0.0,0.0,2022-07-11,112.56990986230349,112.83256631045577,53.55638289033766,24.873668923429722,112.12374548864086,108.28331909179687,115.1679827617272,-0.26265644815228484,-2.273009983538582,108.28331909179687,6.179328800844806,114.46264789264167,102.10399029095207,120.64197669348648,95.92466149010725,BIRLACABLE.BO,2023-08-21 12:13:24.498214
262,2022-07-08 00:00:00+05:30,118.88768562043737,118.88768562043737,114.58159688095975,115.57150268554688,11950,0.0,0.0,2022-07-08,111.97017040678126,112.58969346587817,53.23330911210199,25.623949145057765,111.72956323821613,107.87250785827636,114.81773570875289,-0.6195230590969061,-2.7755983673851565,107.87250785827636,5.91601881468627,113.78852667296263,101.9564890435901,119.7045454876489,96.04047022890383,BIRLACABLE.BO,2023-08-21 12:13:24.498214
263,2022-07-07 00:00:00+05:30,116.51190536561195,119.87758647264155,115.86847266111737,117.94727325439453,4253,0.0,0.0,2022-07-07,111.31538271973297,112.35114872830468,56.10856049023167,26.43194322988796,111.32514855954975,107.81063842773438,114.44085222035588,-1.0357660085717129,-3.3146171944572185,107.81063842773438,5.837210809768482,113.64784923750285,101.9734276179659,119.48506004727133,96.13621680819742,BIRLACABLE.BO,2023-08-21 12:13:24.498214
264,2022-07-06 00:00:00+05:30,122.55034166816056,122.74831980818874,114.03714570407418,114.92806243896484,20447,0.0,0.0,2022-07-06,110.1095844407036,111.9034587662175,53.12541015823737,26.979100741416932,110.62808280219765,107.7240219116211,112.68764170333654,-1.7938743255138974,-3.884329990928595,107.7240219116211,5.6898732336824205,113.41389514530351,102.03414867793867,119.10376837898593,96.34427544425625,BIRLACABLE.BO,2023-08-21 12:13:24.498214
265,2022-07-05 00:00:00+05:30,107.75123868094852,122.74831220704343,103.54413927062646,121.06547546386719,26399,0.0,0.0,2022-07-05,109.23349753192883,111.6614904723977,60.94554052147471,27.568347292294288,110.17545336674848,107.7363956451416,111.56743133552237,-2.4279929404688687,-4.406943907282269,107.7363956451416,5.706608853496364,113.44300449863796,102.02978679164524,119.14961335213432,96.32317793814887,BIRLACABLE.BO,2023-08-21 12:13:24.498214
266,2022-07-04 00:00:00+05:30,111.26540860097626,111.26540860097626,104.73203211503531,106.95932006835938,1381,0.0,0.0,2022-07-04,107.08222881703095,110.90917167308015,43.05993699491801,28.202921653808787,109.0291352512623,107.51366691589355,106.81840927134996,-3.8269428560492003,-4.901681648985618,107.51366691589355,5.225658458247244,112.73932537414079,102.28800845764631,117.96498383238804,97.06234999939906,BIRLACABLE.BO,2023-08-21 12:13:24.498214
267,2022-07-01 00:00:00+05:30,105.67244133145215,108.3946822088432,105.5239539549363,106.06840515136719,1720,0.0,0.0,2022-07-01,107.10457586224396,111.22515980145782,41.490523101871894,29.671284986920917,109.24701053367313,108.14225692749024,106.74795387284524,-4.120583939213859,-5.170366347219722,108.14225692749024,5.871662534616792,114.01391946210703,102.27059439287345,119.88558199672383,96.39893185825665,BIRLACABLE.BO,2023-08-21 12:13:24.498214
268,2022-06-30 00:00:00+05:30,108.39468399694286,110.27550650827942,105.62294476419615,106.46437072753906,6442,0.0,0.0,2022-06-30,107.29297053694883,111.63770017346506,41.973335409671925,30.50475223927689,109.58160057391586,108.84261550903321,107.08772823358424,-4.3447296365162345,-5.432811949221188,108.84261550903321,6.420957529016849,115.26357303805005,102.42165798001636,121.6845305670669,96.00070045099952,BIRLACABLE.BO,2023-08-21 12:13:24.498214
269,2022-06-29 00:00:00+05:30,108.5926596425833,113.04723559505287,107.10780099176012,108.29569244384766,4720,0.0,0.0,2022-06-29,107.4436250477506,112.05156652913914,44.15620387614523,31.42019530150525,109.9097300314292,109.47368049621582,107.39940698660682,-4.607941481388536,-5.704832527397427,109.47368049621582,6.784830147800149,116.25851064401597,102.68885034841567,123.04334079181612,95.90402020061552,BIRLACABLE.BO,2023-08-21 12:13:24.498214
270,2022-06-28 00:00:00+05:30,106.81083765920732,111.11692639198375,106.06840830692235,110.07752227783203,5431,0.0,0.0,2022-06-28,107.28870370300568,112.35203645596246,46.332531866475236,32.66592938674256,110.07962872485885,110.04782562255859,106.9512642579864,-5.063332752956782,-5.979055288899649,110.04782562255859,7.155620670818922,117.20344629337751,102.89220495173967,124.35906696419643,95.73658428092075,BIRLACABLE.BO,2023-08-21 12:13:24.498214
271,2022-06-27 00:00:00+05:30,113.49269704657796,113.49269704657796,107.40477510394268,108.59265899658203,3128,0.0,0.0,2022-06-27,106.78164578030997,112.53399759021289,44.20953359989639,33.539983284209555,110.07985045612484,110.71601181030273,105.38813524806358,-5.752351809902919,-6.207985922885364,110.71601181030273,7.757199064741099,118.47321087504383,102.95881274556163,126.23040993978493,95.20161368082053,BIRLACABLE.BO,2023-08-21 12:13:24.498214
272,2022-06-24 00:00:00+05:30,105.52395749925182,107.40478004273461,103.98960803007049,105.57345581054688,6000,0.0,0.0,2022-06-24,106.45237065007869,112.84930467770337,39.68893355982751,34.69373847326008,110.2363969255504,111.49556274414063,103.78587337380435,-6.396934027624681,-6.321894451130976,111.49556274414063,8.297190433572302,119.79275317771292,103.19837231056833,128.08994361128524,94.90118187699602,BIRLACABLE.BO,2023-08-21 12:13:24.498214
273,2022-06-23 00:00:00+05:30,107.55326641083062,107.55326641083062,101.21786779623766,102.95020294189453,7069,0.0,0.0,2022-06-23,106.61217334817538,113.43137258707588,35.477219985260334,34.34637903563655,110.72723283239287,112.32460861206054,102.89208215543307,-6.819199238900509,-6.3031345570075485,112.32460861206054,8.500206068229707,120.82481468029025,103.82440254383084,129.32502074851996,95.32419647560113,BIRLACABLE.BO,2023-08-21 12:13:24.498214
274,2022-06-22 00:00:00+05:30,103.89061046136503,106.95932447654529,100.27746034118897,102.3067626953125,4175,0.0,0.0,2022-06-22,107.27798614931734,114.26986615869039,34.438727898399534,33.972299641272755,111.54586755770849,113.35906028747559,102.86302176220232,-6.991880009373048,-6.174118386534308,113.35906028747559,8.558025094723066,121.91708538219865,104.80103519275252,130.4751104769217,96.24301009802946,BIRLACABLE.BO,2023-08-21 12:13:24.498214
275,2022-06-21 00:00:00+05:30,101.01989019145486,104.83102602156087,97.70369971034127,103.29666900634766,11904,0.0,0.0,2022-06-21,108.1818449591364,115.22691443576063,35.2537434534743,33.41004703855231,112.51840491164491,114.2598747253418,103.14115129564723,-7.045069476624235,-5.969677980824622,114.2598747253418,8.277015209442881,122.53688993478468,105.98285951589892,130.81390514422756,97.70584430645604,BIRLACABLE.BO,2023-08-21 12:13:24.498214
276,2022-06-20 00:00:00+05:30,102.0097910359191,102.05928179222182,93.05114093553468,96.31783294677734,16210,0.0,0.0,2022-06-20,109.07005876873436,116.18133407011368,23.382949387967827,32.238220791509754,113.48911395430777,115.49973106384277,103.06339244029701,-7.111275301379322,-5.700830106874719,115.49973106384277,8.404607921523638,123.90433898536641,107.09512314231914,132.30894690689004,98.6905152207955,BIRLACABLE.BO,2023-08-21 12:13:24.498214
277,2022-06-17 00:00:00+05:30,103.84111667025942,104.28657124532108,99.48552977653195,103.14817810058594,2990,0.0,0.0,2022-06-17,111.38864528181745,117.77041415998059,28.05691640079705,30.207247553830523,115.29661721825833,117.2048439025879,106.43617218705681,-6.381768878163143,-5.348218808248568,117.2048439025879,7.741327722460443,124.94617162504834,109.46351618012746,132.68749934750878,101.72218845766702,BIRLACABLE.BO,2023-08-21 12:13:24.498214
278,2022-06-16 00:00:00+05:30,112.45329261882623,112.45329261882623,99.48552869713825,102.45524597167969,24580,0.0,0.0,2022-06-16,112.88691204204136,118.94019304473215,26.68211493730847,28.55948886466878,116.57540028327648,118.32838706970215,108.08016923029224,-6.053281002690795,-5.089831290769924,118.32838706970215,7.20598006422629,125.53436713392844,111.12240700547585,132.74034719815472,103.91642694124957,BIRLACABLE.BO,2023-08-21 12:13:24.498214
279,2022-06-15 00:00:00+05:30,108.88963848402614,111.11692654392667,107.8997326796259,108.7906494140625,9428,0.0,0.0,2022-06-15,114.78357860028893,120.25898881057635,31.87997228357689,26.784979507109977,118.06173231607615,119.36778831481934,110.8926308595985,-5.475410210287421,-4.848968862789706,119.36778831481934,6.228918975906408,125.59670729072575,113.13886933891293,131.82562626663216,106.90995036300652,BIRLACABLE.BO,2023-08-21 12:13:24.498214
280,2022-06-14 00:00:00+05:30,105.12799053071899,111.8593528374661,105.12799053071899,108.9886245727539,9838,0.0,0.0,2022-06-14,115.87320208869374,121.17645596229747,32.06293535382042,25.753507619602736,119.037635779446,120.32799682617187,111.94362158236649,-5.3032538736037225,-4.692358525915277,120.32799682617187,5.988141768850579,126.31613859502245,114.33985505732129,132.30428036387303,108.3517132884707,BIRLACABLE.BO,2023-08-21 12:13:24.498214
281,2022-06-13 00:00:00+05:30,115.47250926965826,115.47250926965826,106.81083380551046,107.65225219726562,12204,0.0,0.0,2022-06-13,117.12494345522825,122.15148247346094,29.547386645363204,24.642691740748784,120.09542643278202,121.1768409729004,113.42112008717277,-5.026539018232697,-4.539634688993165,121.1768409729004,5.4776504322614175,126.6544914051618,115.69919054063898,132.13214183742323,110.22154010837755,BIRLACABLE.BO,2023-08-21 12:13:24.498214
282,2022-06-10 00:00:00+05:30,115.5219979532319,116.9078675130986,113.83916119992475,114.33411407470703,10099,0.0,0.0,2022-06-10,118.847250956676,123.31142089555657,35.65944535481604,23.641925861291984,121.4052342470469,121.72871360778808,116.30555403212634,-4.464169938880559,-4.417908606683282,121.72871360778808,4.514704088456155,126.24341769624424,117.21400951933192,130.7581217847004,112.69930543087577,BIRLACABLE.BO,2023-08-21 12:13:24.498214
283,2022-06-09 00:00:00+05:30,115.17553881668947,118.78869651276237,114.73008422571938,116.2149429321289,6909,0.0,0.0,2022-06-09,119.66782129885218,124.02960544122453,37.697310851086044,23.510522993770522,122.14956268624057,121.9341194152832,117.29127401083599,-4.361784142372358,-4.406343273633962,121.9341194152832,4.246023198106696,126.1801426133899,117.68809621717651,130.4261658114966,113.44207301906981,BIRLACABLE.BO,2023-08-21 12:13:24.498214
284,2022-06-08 00:00:00+05:30,117.79878896228888,120.27355343628655,113.14623477212601,115.175537109375,6635,0.0,0.0,2022-06-08,120.29561736552914,124.65477844195219,35.813061382057,23.50555534621857,122.77425950246285,121.79800720214844,117.82943955018952,-4.3591610764230495,-4.417483056449363,121.79800720214844,4.476391996675156,126.2743991988236,117.32161520547328,130.75079119549875,112.84522320879813,BIRLACABLE.BO,2023-08-21 12:13:24.498214
285,2022-06-07 00:00:00+05:30,116.80887900881602,120.37253821386292,113.88866005454824,116.61090087890625,19013,0.0,0.0,2022-06-07,121.22654104846626,125.41311774855836,37.26197310641114,23.500205571931858,123.57412501752474,121.67921829223633,119.15639077059676,-4.186576700092104,-4.432063551455942,121.67921829223633,4.687905866918987,126.36712415915531,116.99131242531735,131.0550300260743,112.30340655839835,BIRLACABLE.BO,2023-08-21 12:13:24.498214
286,2022-06-06 00:00:00+05:30,120.52102605847345,120.76850249801858,116.3139265862064,119.53112030029297,9790,0.0,0.0,2022-06-06,122.06574835202262,126.11729509813053,40.33463126557481,23.59663308238482,124.30709597948457,121.75841064453125,120.429135716442,-4.051546746107903,-4.493435264296901,121.75841064453125,4.610520182381409,126.36893082691266,117.14789046214985,130.97945100929408,112.53737027976844,BIRLACABLE.BO,2023-08-21 12:13:24.498214
287,2022-06-03 00:00:00+05:30,122.00589007483096,125.47056038121562,119.23415080877048,120.07557678222656,30827,0.0,0.0,2022-06-03,122.52658981597347,126.64418908195752,40.913988510760554,24.03339396656936,124.80983026150474,122.0355842590332,120.8781434245165,-4.117599265984055,-4.60390739384415,122.0355842590332,4.636132501508781,126.67171676054198,117.39945175752442,131.30784926205075,112.76331925601563,BIRLACABLE.BO,2023-08-21 12:13:24.498214
288,2022-06-02 00:00:00+05:30,120.91699468625902,121.90690048385036,117.79878991336992,119.0856704711914,19716,0.0,0.0,2022-06-02,122.97222854938198,127.169678065936,39.432966874832005,24.92277415446582,125.3081727330077,122.22366600036621,121.27942674566145,-4.197449516554016,-4.7254844258091735,122.22366600036621,4.628728959498606,126.85239495986481,117.5949370408676,131.48112391936343,112.96620808136899,BIRLACABLE.BO,2023-08-21 12:13:24.498214
289,2022-06-01 00:00:00+05:30,124.08468344471079,124.23317081672101,118.93717659915382,119.77859497070312,15005,0.0,0.0,2022-06-01,123.67887547268934,127.81639867351556,40.083198838384696,25.17703575905008,125.96317297109361,122.63695106506347,122.37630488289648,-4.137523200826223,-4.857493153122962,122.63695106506347,4.702226591309928,127.3391776563734,117.93472447375355,132.04140424768332,113.23249788244361,BIRLACABLE.BO,2023-08-21 12:13:24.498214
290,2022-05-31 00:00:00+05:30,120.81800179400894,128.68774961488992,120.76850348474287,123.44124603271484,7884,0.0,0.0,2022-05-31,124.38801738214138,128.45942296974056,43.62648648094262,25.59988622750423,126.61418118166102,123.01064071655273,123.67515983899315,-4.071405587599173,-5.037485641197147,123.01064071655273,4.759737624538681,127.77037834109142,118.25090309201404,132.5301159656301,113.49116546747537,BIRLACABLE.BO,2023-08-21 12:13:24.498214
291,2022-05-30 00:00:00+05:30,127.49986809408847,127.49986809408847,122.45134255006354,124.18367767333984,9335,0.0,0.0,2022-05-30,124.56015762749165,128.86087712470263,44.36274166485546,26.292132853498984,126.94817435523431,123.77039375305176,123.7921167421323,-4.300719497210977,-5.27900565459664,123.77039375305176,5.906635286524928,129.6770290395767,117.86375846652683,135.58366432610163,111.9571231800019,BIRLACABLE.BO,2023-08-21 12:13:24.498214
292,2022-05-27 00:00:00+05:30,124.72812665289378,125.07459216089771,120.86749265078025,122.15437316894531,9291,0.0,0.0,2022-05-27,124.62860852824652,129.23505308081164,41.863509666201246,27.254591363083996,127.23917400596005,124.37176208496093,123.5963362765285,-4.606444552565122,-5.523577193943056,124.37176208496093,6.530271909625256,130.9020339945862,117.84149017533568,137.43230590421143,111.31121826571042,BIRLACABLE.BO,2023-08-21 12:13:24.498214
293,2022-05-26 00:00:00+05:30,122.9462978558534,126.16349171937692,114.0866439295645,123.63923645019531,19606,0.0,0.0,2022-05-26,125.07846950266493,129.80150747376095,43.1765241698971,27.87619218945583,127.77441619933003,125.1636863708496,124.31731783032009,-4.723037971096019,-5.752860354287539,125.1636863708496,7.175686858910047,132.33937322975964,117.98799951193956,139.51506008866969,110.81231265302951,BIRLACABLE.BO,2023-08-21 12:13:24.498214
294,2022-05-25 00:00:00+05:30,132.7958553082419,134.28071398901133,118.98667259803878,120.32305145263672,23911,0.0,0.0,2022-05-25,125.3401482394776,130.2944891556462,39.20464554903408,28.54560846401011,128.20969827818632,126.01253051757813,124.65635852038247,-4.954340916168604,-6.010315950085419,126.01253051757813,7.948393306117124,133.96092382369525,118.064137211461,141.90931712981237,110.11574390534388,BIRLACABLE.BO,2023-08-21 12:13:24.498214
295,2022-05-24 00:00:00+05:30,132.15241532256067,137.05244567873677,126.21298092604108,128.0937957763672,28338,0.0,0.0,2022-05-24,126.25234765526685,131.09220417188695,46.22660702101186,29.826175599973855,129.03987162824416,126.97768821716309,126.82301205425532,-4.839856516620102,-6.274309708564622,126.97768821716309,8.38135007371625,135.35903829087934,118.59633814344684,143.7403883645956,110.2149880697306,BIRLACABLE.BO,2023-08-21 12:13:24.498214
296,2022-05-23 00:00:00+05:30,126.31197912319594,135.96356826788434,125.52005901115379,130.4200897216797,10674,0.0,0.0,2022-05-23,125.91753890597587,131.33207684352854,48.65311533345704,32.082905018489285,129.13945856002067,127.76218910217285,126.18762019319936,-5.414537937552666,-6.632923006550751,127.76218910217285,9.18690392118548,136.94909302335833,118.57528518098738,146.13599694454382,109.38838125980189,BIRLACABLE.BO,2023-08-21 12:13:24.498214
297,2022-05-20 00:00:00+05:30,127.4503655736472,128.63824945512857,124.38165925283569,125.6190414428711,5831,0.0,0.0,2022-05-20,125.09889330312063,131.40503581327644,42.921706645398686,34.434804267234036,129.00465527984605,128.57391166687012,124.0713854289592,-6.306142510155809,-6.937519273800272,128.57391166687012,10.105401172178167,138.6793128390483,118.46851049469196,148.78471401122644,108.36310932251378,BIRLACABLE.BO,2023-08-21 12:13:24.498214
298,2022-05-19 00:00:00+05:30,124.72812955925264,125.5200572123276,121.85740125733315,123.24327087402344,16912,0.0,0.0,2022-05-19,125.0043209140751,131.86791536290886,39.829399224592635,35.848501900861365,129.36103568373815,129.60588836669922,123.29755742200325,-6.863594448833766,-7.0953634647113875,129.60588836669922,10.816605364685122,140.42249373138435,118.7892830020141,151.23909909606945,107.97267763732897,BIRLACABLE.BO,2023-08-21 12:13:24.498214
299,2022-05-18 00:00:00+05:30,127.20289200070098,130.37058745758677,126.4604626699576,127.99481964111328,7738,0.0,0.0,2022-05-18,125.32451183044813,132.5578869220197,44.274678706051134,36.83482303372116,130.00501092686602,130.76902770996094,123.32470069599314,-7.23337509157156,-7.153305718680792,130.76902770996094,11.334751039723063,142.103778749684,119.43427667023788,153.43852978940706,108.09952563051482,BIRLACABLE.BO,2023-08-21 12:13:24.498214
300,2022-05-17 00:00:00+05:30,116.80887926022993,128.68774833754145,109.87953896513153,125.96550750732422,37019,0.0,0.0,2022-05-17,124.8390013194181,132.9229323044922,41.692181543195154,38.42814765483093,130.21661000957684,132.10045051574707,120.98964122343305,-8.083930985074105,-7.1332883754581,132.10045051574707,12.496168312168388,144.59661882791545,119.60428220357868,157.09278714008386,107.1081138914103,BIRLACABLE.BO,2023-08-21 12:13:24.498214
301,2022-05-16 00:00:00+05:30,118.44222844926361,121.01598197464891,116.31392950528627,118.68970489501953,10292,0.0,0.0,2022-05-16,124.63418201252608,133.47952628826565,31.051693921177872,39.863482259414155,130.66409448349816,133.63975448608397,118.50170808148746,-8.845344275739563,-6.895627723054098,133.63975448608397,13.552203341901418,147.1919578279854,120.08755114418256,160.7441611698868,106.53534780228114,BIRLACABLE.BO,2023-08-21 12:13:24.498214
302,2022-05-13 00:00:00+05:30,116.26443293788486,122.55034079621113,116.26443293788486,118.44223022460938,33663,0.0,0.0,2022-05-13,125.7149960338909,134.66271199972533,30.648125769041982,39.996448442724905,131.9245565454433,135.54284858703613,118.40770967472142,-8.947715965834433,-6.40819858488273,135.54284858703613,14.007140219125693,149.54998880616182,121.53570836791044,163.5571290252875,107.52856814878474,BIRLACABLE.BO,2023-08-21 12:13:24.498214
303,2022-05-12 00:00:00+05:30,112.60178196102387,114.77957164613055,108.592660549371,113.4926986694336,17637,0.0,0.0,2022-05-12,127.0373170901239,135.9603505417346,22.284783870139137,40.13964279398263,133.34374878974162,137.52018547058105,118.39044939977742,-8.923033451610706,-5.773319239644803,137.52018547058105,14.255191973561868,151.77537744414292,123.26499349701919,166.03056941770478,109.00980152345733,BIRLACABLE.BO,2023-08-21 12:13:24.498214
304,2022-05-11 00:00:00+05:30,120.76850334106561,120.76850334106561,107.89972839488648,112.79975891113281,18573,0.0,0.0,2022-05-11,129.49997498479487,137.7577626915187,21.05247556962486,38.650693446983595,135.43333301293194,139.8786361694336,120.83932476494934,-8.257787706723832,-4.9858906866533275,139.8786361694336,13.969824302731075,153.84846047216467,125.90881186670254,167.81828477489574,111.93898756397145,BIRLACABLE.BO,2023-08-21 12:13:24.498214
305,2022-05-10 00:00:00+05:30,129.1332019183199,129.1332019183199,115.81897261705545,118.19474792480469,10158,0.0,0.0,2022-05-10,132.5363779072789,139.75440299394958,23.7886095799372,37.04720953483079,137.81581449733184,142.39299697875975,124.85910769185759,-7.2180250866706785,-4.167916431635701,142.39299697875975,13.351296066757282,155.74429304551703,129.04170091200248,169.09558911227433,115.69040484524518,BIRLACABLE.BO,2023-08-21 12:13:24.498214
306,2022-05-09 00:00:00+05:30,111.85935206483059,128.58875354412558,111.85935206483059,125.07459259033203,27321,0.0,0.0,2022-05-09,135.1439469950015,141.47917539948116,28.12043819695917,35.810331684975054,139.88118992601892,144.58068923950196,128.19128757538402,-6.335228404479665,-3.4053892678769566,144.58068923950196,12.748645257145553,157.3293344966475,131.83204398235642,170.07797975379307,119.08339872521086,BIRLACABLE.BO,2023-08-21 12:13:24.498214
307,2022-05-06 00:00:00+05:30,125.817023169548,127.84632548779676,121.65942191311201,123.83721160888672,31324,0.0,0.0,2022-05-06,136.97473870494142,142.7915420242131,25.861015946317366,34.358862341803565,141.4397791192491,146.20413475036622,129.74963506791,-5.816803319271685,-2.6729294837262794,146.20413475036622,12.189007956995514,158.39314270736173,134.0151267933707,170.58215066435724,121.8261188363752,BIRLACABLE.BO,2023-08-21 12:13:24.498214
308,2022-05-05 00:00:00+05:30,127.54936500371936,131.85544605715074,126.2129861671035,127.35137176513672,24884,0.0,0.0,2022-05-05,139.36337999513316,144.30788845743922,28.19012445309575,33.50722586212275,143.29268096244513,147.90429763793946,132.7058467974216,-4.944508462306061,-1.8869610248399278,147.90429763793946,11.239451990741221,159.1437496286807,136.66484564719823,170.3832016194219,125.42539365645702,BIRLACABLE.BO,2023-08-21 12:13:24.498214
309,2022-05-04 00:00:00+05:30,130.86553796928163,135.12213574256413,124.77762360959882,127.25238800048828,23249,0.0,0.0,2022-05-04,141.54738149149617,145.66440979282342,28.018621145073297,32.99539284317717,144.9707135095302,149.32233848571778,135.38308431356404,-4.117028301327252,-1.1225741654733945,149.32233848571778,10.255945501074962,159.57828398679274,139.06639298464282,169.8342294878677,128.81044748356786,BIRLACABLE.BO,2023-08-21 12:13:24.498214
310,2022-04-29 00:00:00+05:30,137.39892454436486,144.08078852334924,137.10194979101288,138.6363067626953,32033,0.0,0.0,2022-04-29,144.14647121713398,147.13737153621022,37.47682577105061,32.44418805354347,146.83580040521883,150.70078201293944,139.4484324701019,-2.990900319076246,-0.37396063150993,150.70078201293944,8.896058324489385,159.59684033742883,141.80472368845005,168.49289866191822,132.90866536396067,BIRLACABLE.BO,2023-08-21 12:13:24.498214
311,2022-04-28 00:00:00+05:30,138.9827684715709,141.3090531467148,134.13223608672405,136.21104431152344,23653,0.0,0.0,2022-04-28,145.1483192997592,147.81745671809142,32.99175258543163,33.189487997454414,147.69890499916866,151.5174545288086,139.85449532380517,-2.6691374183322125,0.2802742903816491,151.5174545288086,8.469731635710641,159.98718616451924,143.04772289309795,168.4569178002299,134.5779912573873,BIRLACABLE.BO,2023-08-21 12:13:24.498214
312,2022-04-27 00:00:00+05:30,139.97267043519255,140.61611825130458,135.86456751401477,137.99285888671875,12014,0.0,0.0,2022-04-27,146.77327838852935,148.74596971061686,34.684093725235655,33.38142051964539,148.908153492605,152.49498596191407,141.67622082994603,-1.9726913220875133,1.0176272175601144,152.49498596191407,7.703746757778192,160.19873271969226,144.79123920413588,167.90247947747045,137.0874924463577,BIRLACABLE.BO,2023-08-21 12:13:24.498214
313,2022-04-26 00:00:00+05:30,144.42724758343994,144.42724758343994,139.57671529248591,140.61611938476562,11565,0.0,0.0,2022-04-26,148.36971829794945,149.60621857652873,37.29913074699506,33.796021674143226,150.05713187217196,153.38837585449218,143.51790180155967,-1.2365002785792854,1.7652068524720212,153.38837585449218,6.93070858425762,160.3190844387498,146.45766727023457,167.2497930230074,139.52695868597695,BIRLACABLE.BO,2023-08-21 12:13:24.498214
314,2022-04-25 00:00:00+05:30,134.6271785152793,142.94238055814148,134.6271785152793,139.62620544433594,36146,0.0,0.0,2022-04-25,149.77946355489198,150.32542651186978,35.59534907898228,34.708495834633325,151.05092266032003,154.2099967956543,144.96879300995667,-0.5459629569778031,2.5156336352348476,154.2099967956543,6.280398670821358,160.49039546647566,147.92959812483292,166.770794137297,141.64919945401158,BIRLACABLE.BO,2023-08-21 12:13:24.498214
315,2022-04-22 00:00:00+05:30,147.7434365671391,147.7434365671391,142.5959295703422,143.7838134765625,21365,0.0,0.0,2022-04-22,151.625510484084,151.18136419727247,39.81700051738202,35.38862678988149,152.25352447252888,155.4003593444824,147.64008679276702,0.4441462868115309,3.28103278328801,155.4003593444824,5.588855071297107,160.98921441577951,149.8115042731853,166.57806948707662,144.2226492018882,BIRLACABLE.BO,2023-08-21 12:13:24.498214
316,2022-04-21 00:00:00+05:30,146.60505780849547,150.21820800526677,145.8626284443838,146.654541015625,22181,0.0,0.0,2022-04-21,153.05127357636064,151.7731682549293,43.0910078771191,37.21322201893322,153.1450729984201,156.42491149902344,149.56822345086925,1.2781053214313545,3.9902544074071296,156.42491149902344,5.212783577350405,161.63769507637383,151.21212792167304,166.85047865372425,145.99934434432262,BIRLACABLE.BO,2023-08-21 12:13:24.498214
317,2022-04-20 00:00:00+05:30,146.50605187843698,152.34648979655051,145.5161461225016,146.25857543945312,59249,0.0,0.0,2022-04-20,154.21431586013074,152.18265843407363,42.478894677663675,39.71247766285734,153.8282868913459,157.021329498291,151.02506466849135,2.0316574260571088,4.668291678901073,157.021329498291,4.692500346702481,161.71382984499348,152.32882915158854,166.406330191696,147.63632880488603,BIRLACABLE.BO,2023-08-21 12:13:24.498214
318,2022-04-19 00:00:00+05:30,157.7909777664573,160.85969177452293,137.59690557943807,146.5060577392578,35196,0.0,0.0,2022-04-19,155.66081411843575,152.65658507364327,42.745727282008865,42.40398374092947,154.62509862312407,157.56330261230468,153.40830928301045,3.0042290447924813,5.3274502421120635,157.56330261230468,3.951455046236861,161.51475765854155,153.6118475660678,165.4662127047784,149.66039251983096,BIRLACABLE.BO,2023-08-21 12:13:24.498214
319,2022-04-18 00:00:00+05:30,153.88084644132158,159.3748263970804,153.88084644132158,154.62327575683594,22392,0.0,0.0,2022-04-18,157.3253152782863,153.14862726039408,52.736762493076505,45.30252874808407,155.4797345056363,157.97411346435547,156.85943505488677,4.176688017892218,5.908255541441958,157.97411346435547,3.0702254889141463,161.0443389532696,154.90388797544134,164.11456444218376,151.83366248652717,BIRLACABLE.BO,2023-08-21 12:13:24.498214
320,2022-04-13 00:00:00+05:30,160.36473698319827,161.94859227925875,155.71218282007055,156.7515869140625,16026,0.0,0.0,2022-04-13,157.8165951912773,153.03065538067872,55.92042585711027,45.7983566966555,155.5698880581416,158.04340744018555,157.97751470391216,4.785939810598563,6.341147422329393,158.04340744018555,3.005576577936577,161.04898401812213,155.03783086224897,164.0545605960587,152.0322542843124,BIRLACABLE.BO,2023-08-21 12:13:24.498214
321,2022-04-12 00:00:00+05:30,158.13744896954276,160.21625715752666,155.41520806396377,156.7515869140625,16969,0.0,0.0,2022-04-12,158.0102330598618,152.73298085800803,55.92042585711027,45.79652947205382,155.44549870488677,157.92956771850587,158.59047859883697,5.27725220185377,6.729949325262099,157.92956771850587,3.0987547886660765,161.02832250717194,154.8308129298398,164.127077295838,151.73205814117372,BIRLACABLE.BO,2023-08-21 12:13:24.498214
322,2022-04-11 00:00:00+05:30,161.75059776059237,161.84959438010023,155.41520683593723,157.9889678955078,17677,0.0,0.0,2022-04-11,158.2390778136435,152.41149237352369,57.6679405333282,45.98665103462549,155.30801573549988,157.872647857666,159.5099244412242,5.827585440119805,7.0931236061141805,157.872647857666,3.131810595501597,161.00445845316762,154.7408372621644,164.1362690486692,151.60902666666283,BIRLACABLE.BO,2023-08-21 12:13:24.498214
323,2022-04-08 00:00:00+05:30,164.5718374938055,165.66073990409103,158.87987920454609,160.66171264648438,13834,0.0,0.0,2022-04-08,158.2845523442136,151.96529433176494,61.511292019503934,46.191397332779594,155.02581024497272,157.97658767700196,160.27040271408237,6.319258012448671,7.409508147612774,157.97658767700196,3.1701357314551526,161.14672340845712,154.8064519455468,164.31685913991225,151.63631621409166,BIRLACABLE.BO,2023-08-21 12:13:24.498214
324,2022-04-07 00:00:00+05:30,159.72130153208337,171.25369767462539,159.5728066041896,163.08697509765625,114128,0.0,0.0,2022-04-07,157.85234138016438,151.26958086658738,65.18257180015607,45.45990192906549,154.43255736060306,158.11517486572265,160.07474774788133,6.582760513577,7.6820706814038,158.11517486572265,3.3492249124548126,161.46439977817747,154.76594995326784,164.81362469063228,151.41672504081302,BIRLACABLE.BO,2023-08-21 12:13:24.498214
325,2022-04-06 00:00:00+05:30,157.9889699832244,167.78903125346844,154.52429972135337,161.94859313964844,84810,0.0,0.0,2022-04-06,156.90058979516584,150.32418932810185,64.25314681282354,44.47694482511836,153.52156601986061,157.00400619506837,158.56863407299386,6.576400467063991,7.956898223360499,157.00400619506837,4.927542924352984,161.93154911942136,152.07646327071538,166.85909204377435,147.1489203463624,BIRLACABLE.BO,2023-08-21 12:13:24.498214
326,2022-04-05 00:00:00+05:30,159.27583796618876,159.27583796618876,155.91016427144098,157.5435028076172,31333,0.0,0.0,2022-04-05,155.9827710052599,149.39423702317814,60.46189567866523,43.681348570989954,152.63451053356715,156.00172653198243,156.87865453966657,6.5885339820817705,8.302022662434625,156.00172653198243,5.825683006862678,161.8274095388451,150.17604352511975,167.65309254570778,144.35036051825708,BIRLACABLE.BO,2023-08-21 12:13:24.498214
327,2022-04-04 00:00:00+05:30,158.18694241595045,161.3051394972883,155.9101561621537,157.84046936035156,16987,0.0,0.0,2022-04-04,155.6990015866495,148.742295760423,60.869692490552055,43.62276625434404,152.11777450471976,155.13060989379883,156.54623040569123,6.956705826226511,8.730394832522839,155.13060989379883,6.8035253391619195,161.93413523296076,148.3270845546369,168.73766057212268,141.523559215475,BIRLACABLE.BO,2023-08-21 12:13:24.498214
328,2022-04-01 00:00:00+05:30,155.91016686402207,158.13745496207952,154.42530813198377,155.71218872070312,17454,0.0,0.0,2022-04-01,155.30964380961277,148.0144418724287,59.048720755318215,43.559677605648446,151.51538557254798,154.34363555908203,155.89911092836107,7.295201937184061,9.173817084096921,154.34363555908203,7.361037037452549,161.70467259653458,146.98259852162948,169.06570963398713,139.62156148417694,BIRLACABLE.BO,2023-08-21 12:13:24.498214
329,2022-03-31 00:00:00+05:30,155.01925178549337,157.88997251661735,154.425302273306,154.82125854492188,10888,0.0,0.0,2022-03-31,155.23645382577817,147.39862212456674,58.295718446666626,43.831699201820435,151.0736168201106,153.41559829711915,155.99257203219003,7.837831701211428,9.643470870825135,153.41559829711915,8.290723816266489,161.70632211338562,145.12487448085267,169.99704592965213,136.83415066458616,BIRLACABLE.BO,2023-08-21 12:13:24.498214
330,2022-03-30 00:00:00+05:30,159.9687844255188,160.2657440837565,154.2768260362504,154.96975708007812,30729,0.0,0.0,2022-03-30,155.31194387684297,146.80481121093834,58.46396014101745,44.151425239021705,150.67912821749889,152.79690704345703,156.57822877582407,8.507132665904635,10.094880663228562,152.79690704345703,8.634859301913975,161.431766345371,144.16204774154306,170.06662564728498,135.52718843962907,BIRLACABLE.BO,2023-08-21 12:13:24.498214
331,2022-03-29 00:00:00+05:30,160.36472858557286,161.9485837986935,154.47479250106764,155.7616729736328,53491,0.0,0.0,2022-03-29,155.37415965807293,146.15161554140715,59.300929627084,44.49574558677691,150.22748307406948,152.3044288635254,157.38246462369705,9.222544116665773,10.491817662559544,152.3044288635254,8.784001805886454,161.08843066941185,143.52042705763895,169.8724324752983,134.7364252517525,BIRLACABLE.BO,2023-08-21 12:13:24.498214
332,2022-03-28 00:00:00+05:30,162.6910154507974,163.7304044006307,154.42529642705924,155.86065673828125,56938,0.0,0.0,2022-03-28,155.3037026916075,145.3828109468291,59.40088416829143,44.8233640795514,149.6449367688523,151.2551284790039,158.19286044872916,9.920891744778402,10.809136049032984,151.2551284790039,9.567762364670608,160.82289084367451,141.6873661143333,170.39065320834513,132.11960374966267,BIRLACABLE.BO,2023-08-21 12:13:24.498214
333,2022-03-25 00:00:00+05:30,164.3243513740028,167.0465921347167,155.0192435429222,157.0485382080078,10654,0.0,0.0,2022-03-25,155.202438319485,144.54458328351294,60.528240890679406,45.17618399484701,148.9906504562808,149.29511528015138,159.35896230395312,10.657855035972062,11.03119712509663,149.29511528015138,12.221747809177167,161.51686308932855,137.0733674709742,173.73861089850573,124.85161966179705,BIRLACABLE.BO,2023-08-21 12:13:24.498214
334,2022-03-24 00:00:00+05:30,165.95770417031815,169.81834591929453,161.75060444826656,163.43345642089844,34888,0.0,0.0,2022-03-24,154.86678379429904,143.54426688955334,66.84390937119792,45.442791134662116,148.14245174557269,147.97606620788574,160.51417435192576,11.322516904745697,11.124532647377771,147.97606620788574,12.752964218551739,160.72903042643748,135.223101989334,173.48199464498921,122.47013777078226,BIRLACABLE.BO,2023-08-21 12:13:24.498214
335,2022-03-23 00:00:00+05:30,159.1273496765587,175.90624915649363,159.07785136799288,164.2748565673828,122515,0.0,0.0,2022-03-23,153.30920695309916,141.95313172704573,67.70762902647655,44.374603842449,146.53287230606472,145.27362289428712,159.05453331743942,11.356075226053434,11.075036583035788,145.27362289428712,14.857978444666347,160.13160133895346,130.41564444962077,174.9895797836198,115.55766600495443,BIRLACABLE.BO,2023-08-21 12:13:24.498214
336,2022-03-22 00:00:00+05:30,157.09804234908583,161.35464017212524,156.00915506722396,158.58290100097656,51772,0.0,0.0,2022-03-22,151.31545247777484,140.16739373981875,64.85086835548957,43.22424829698872,144.66529501539964,142.9448699951172,156.4443716924677,11.148058737956092,11.004776922281376,142.9448699951172,15.364412144661205,158.3092821397784,127.58045785045599,173.6736942844396,112.21604570579478,BIRLACABLE.BO,2023-08-21 12:13:24.498214
337,2022-03-21 00:00:00+05:30,156.15763028886033,162.74049740968687,154.72226998861578,157.09803771972656,29239,0.0,0.0,2022-03-21,149.99409820082906,138.69415315892613,64.08344797466326,42.92914465948286,143.20028385902313,141.2843032836914,155.37510703821326,11.29994504190293,10.968956468362695,141.2843032836914,15.380030433928102,156.6643337176195,125.9042728497633,172.0443641515476,110.5242424158352,BIRLACABLE.BO,2023-08-21 12:13:24.498214
338,2022-03-17 00:00:00+05:30,158.13744666379714,161.35464041439081,154.12832527672003,154.72227478027344,40028,0.0,0.0,2022-03-17,148.7024728337568,137.2218423940621,62.8730201191945,42.611340742168856,141.7373624000017,139.62868614196776,154.5136416974566,11.480630439694693,10.886209324977635,139.62868614196776,15.370353692694817,154.99903983466257,124.25833244927294,170.3693935273574,108.88797875657812,BIRLACABLE.BO,2023-08-21 12:13:24.498214
339,2022-03-16 00:00:00+05:30,156.05863847808862,162.592022596949,153.63337236441404,156.0091552734375,65398,0.0,0.0,2022-03-16,147.6079633889356,135.8218078031652,63.95786158355275,42.37252857498934,140.37052951786782,138.22054481506348,154.40932515604817,11.786155585770388,10.737604046298369,138.22054481506348,15.203945127741571,153.42448994280505,123.0165996873219,168.62843507054663,107.81265455958034,BIRLACABLE.BO,2023-08-21 12:13:24.498214
340,2022-03-15 00:00:00+05:30,158.48391371552603,164.3243514916994,151.20810054431976,154.47479248046875,147162,0.0,0.0,2022-03-15,146.08047395538978,134.20682000554342,63.25969059158258,42.1153462411037,138.7243583857026,136.94851570129396,153.6094100973535,11.873653949846357,10.475466161430365,136.94851570129396,14.692991259392771,151.64150696068674,122.25552444190119,166.3344982200795,107.56253318250842,BIRLACABLE.BO,2023-08-21 12:13:24.498214
341,2022-03-14 00:00:00+05:30,160.36474058747697,163.38395631702113,154.82126203143642,155.61318969726562,52788,0.0,0.0,2022-03-14,144.55423422355722,132.58538220754937,64.11903441750465,41.83838065076532,137.0664179546746,135.78290214538575,153.17671890579587,11.968852016007844,10.125919214326366,135.78290214538575,14.143866262800042,149.92676840818578,121.6390358825857,164.07063467098584,107.49516961978566,BIRLACABLE.BO,2023-08-21 12:13:24.498214
342,2022-03-11 00:00:00+05:30,166.304173821485,171.1052229766893,157.84047623997452,160.06776428222656,211907,0.0,0.0,2022-03-11,142.5435150465193,130.74315760837206,67.43970693824238,40.9125083196762,135.1141261922966,134.37228622436524,151.95848351006097,11.800357438147245,9.665186013905997,134.37228622436524,13.451964239074638,147.82425046343988,120.9203219852906,161.27621470251452,107.46835774621596,BIRLACABLE.BO,2023-08-21 12:13:24.498214
343,2022-03-10 00:00:00+05:30,144.52624927518445,166.30417724815746,140.8141024616095,163.43345642089844,446428,0.0,0.0,2022-03-10,139.35728791275434,128.3971890744637,69.98859983188217,39.37781847025183,132.48742744598817,132.0781795501709,147.90384312397816,10.960098838290634,9.131393157845684,132.0781795501709,12.732338545511634,144.8105180956825,119.34584100465925,157.54285664119416,106.61350245914761,BIRLACABLE.BO,2023-08-21 12:13:24.498214
344,2022-03-09 00:00:00+05:30,145.21918126543287,147.6939458238239,138.98277155733464,140.8636016845703,102387,0.0,0.0,2022-03-09,134.97980272945543,125.59428768674891,60.76705182482759,37.941485324753444,129.2299507117871,129.77664794921876,140.13903647551803,9.385515042706515,8.674216737734445,129.77664794921876,10.776212006077104,140.55285995529587,119.00043594314165,151.32907196137296,108.22422393706455,BIRLACABLE.BO,2023-08-21 12:13:24.498214
345,2022-03-08 00:00:00+05:30,139.67571186864433,147.69393963921348,139.67571186864433,141.9029998779297,114658,0.0,0.0,2022-03-08,133.9100211012527,124.37274256692321,61.57661450265733,37.5210521627187,128.00535587254677,127.7448657989502,139.77675387099185,9.537278534329502,8.496392161491428,127.7448657989502,12.299015534248074,140.04388133319827,115.44585026470213,152.34289686744634,103.14683473045406,BIRLACABLE.BO,2023-08-21 12:13:24.498214
346,2022-03-07 00:00:00+05:30,145.5161536727651,146.90201576107637,136.6564997184033,140.1211700439453,75626,0.0,0.0,2022-03-07,132.45675223276598,122.97032198204269,60.74547481672051,36.93351811627614,126.54244597724332,125.71803359985351,138.71363086752294,9.486430250723288,8.23617056828191,125.71803359985351,13.153470480523026,138.87150408037655,112.56456311933049,152.02497456089958,99.41109263880746,BIRLACABLE.BO,2023-08-21 12:13:24.498214
347,2022-03-04 00:00:00+05:30,133.63728493266095,150.46568377603307,133.63728493266095,142.10098266601562,214625,0.0,0.0,2022-03-04,131.06322172164246,121.59825413709048,62.13372025199833,36.356196213928754,125.113106601801,123.80009078979492,138.00986127931174,9.464967584551985,7.923605647671566,123.80009078979492,13.726881052494559,137.52697184228947,110.07320973730036,151.25385289478405,96.3463286848058,BIRLACABLE.BO,2023-08-21 12:13:24.498214
348,2022-03-03 00:00:00+05:30,143.53633249203497,148.08990494403227,135.61708656143995,137.1514434814453,34308,0.0,0.0,2022-03-03,129.0563560953928,119.95803585477647,60.01226201771885,35.73446493447772,123.32490912135734,121.6544692993164,135.9643005859598,9.098320240616331,7.538265163451461,121.6544692993164,14.06535371892089,135.7198230182373,107.58911558039551,149.7851767371582,93.52376186147463,BIRLACABLE.BO,2023-08-21 12:13:24.498214
349,2022-03-02 00:00:00+05:30,145.66462720635064,150.46567620614954,140.02216736957268,142.4474334716797,130799,0.0,0.0,2022-03-02,127.58452202520145,118.58256324464297,63.552223910905056,35.215221291545504,121.86948445187438,119.48905067443847,135.370729138217,9.001958780558482,7.148251394160243,119.48905067443847,14.864982235844408,134.35403291028288,104.62406843859407,149.21901514612728,89.75908620274966,BIRLACABLE.BO,2023-08-21 12:13:24.498214
350,2022-02-28 00:00:00+05:30,135.4191138103733,153.43539599678505,131.2120142427195,145.1201934814453,343958,0.0,0.0,2022-02-28,124.88217448947815,116.67337362648004,65.3556247574193,33.94958304048845,119.70338455505278,117.35332946777343,131.83237697148564,8.208800862998103,6.684824547560684,117.35332946777343,14.455692682565703,131.80902215033913,102.89763678520774,146.26471483290484,88.44194410264203,BIRLACABLE.BO,2023-08-21 12:13:24.498214
351,2022-02-25 00:00:00+05:30,121.65942131110677,137.200946516823,121.65942131110677,134.77566528320312,218027,0.0,0.0,2022-02-25,121.20253467275685,114.39762803808281,61.418640910808506,32.58658800088855,117.02793098385357,114.99240379333496,125.18846871650578,6.80490663467404,6.303830468701329,114.99240379333496,13.50684523738506,128.49924903072002,101.4855585559499,142.00609426810507,87.97871331856484,BIRLACABLE.BO,2023-08-21 12:13:24.498214
352,2022-02-24 00:00:00+05:30,124.72812624722152,129.33118200729703,115.47250886554292,116.66039276123047,103937,0.0,0.0,2022-02-24,118.73469274358482,112.7673850584732,52.6655557793746,32.07636939273216,115.15974842602729,112.99774398803712,120.39487043315711,5.967307685111621,6.178561427208151,112.99774398803712,13.376572563482636,126.37431655151975,99.62117142455448,139.7508891150024,86.24459886107184,BIRLACABLE.BO,2023-08-21 12:13:24.498214
353,2022-02-23 00:00:00+05:30,110.07751449428774,131.26150624443085,110.07751449428774,130.6675567626953,150158,0.0,0.0,2022-02-23,119.11183819492197,112.4559444422526,62.91310487268418,32.14008379800823,115.00178586442695,111.96824226379394,122.26210926912043,6.655893752669371,6.231374862732283,111.96824226379394,13.863327413241047,125.83156967703499,98.10491485055289,139.69489709027604,84.24158743731185,BIRLACABLE.BO,2023-08-21 12:13:24.498214
354,2022-02-22 00:00:00+05:30,109.53307752838259,114.0371443560269,107.15730211421915,109.38459014892578,69493,0.0,0.0,2022-02-22,117.0107984553268,110.99901545661719,48.885378310631445,32.20869931138245,113.35275734881975,110.02802734375,118.05938552233297,6.01178299870962,6.12524514024801,110.02802734375,13.823896983919637,123.85192432766964,96.20413035983036,137.67582131158926,82.38023337591072,BIRLACABLE.BO,2023-08-21 12:13:24.498214
355,2022-02-21 00:00:00+05:30,122.25336365498941,126.41096490408495,116.26443067361012,117.69979858398438,42400,0.0,0.0,2022-02-21,118.39738178376336,111.12816948123249,56.666874192568805,34.022056137521666,113.77045915933492,109.47862968444824,122.39678320903656,7.269212302530875,6.153610675632608,109.47862968444824,14.067021724260961,123.5456514087092,95.41160796018727,137.61267313297014,81.34458623592631,BIRLACABLE.BO,2023-08-21 12:13:24.498214
356,2022-02-18 00:00:00+05:30,127.20289092905664,132.64737264197345,123.19376955586523,125.37156677246094,33043,0.0,0.0,2022-02-18,118.52421509281409,110.60243915301234,65.60647604222775,34.365582256078405,113.35684448305602,108.66690673828126,124.74527552156263,7.921775939801748,5.874710268908041,108.66690673828126,14.036021740563736,122.702928478845,94.63088499771752,136.73895021940874,80.59486325715378,BIRLACABLE.BO,2023-08-21 12:13:24.498214
357,2022-02-17 00:00:00+05:30,129.13320175175298,130.6675586814652,123.34225463884616,123.9856948852539,31451,0.0,0.0,2022-02-17,117.27924206015102,109.42090894345645,64.66851330631243,33.1659863724449,112.09213687364498,107.31816024780274,124.43212989611348,7.858333116694567,5.362943851184614,107.31816024780274,13.636712546072868,120.95487279387561,93.68144770172987,134.59158533994847,80.04473515565701,BIRLACABLE.BO,2023-08-21 12:13:24.498214
358,2022-02-16 00:00:00+05:30,132.59787178834983,134.28070853728013,125.42105512267277,126.5594482421875,34175,0.0,0.0,2022-02-16,116.0598870010414,108.25572606811266,67.8451024796386,32.04196139261582,110.84018339873876,106.10057640075684,124.65534740154325,7.804160932928738,4.739096534807125,106.10057640075684,13.148599636818956,119.2491760375758,92.95197676393788,132.39777567439475,79.80337712711892,BIRLACABLE.BO,2023-08-21 12:13:24.498214
359,2022-02-15 00:00:00+05:30,125.17358924289859,133.73628373938556,125.17358924289859,130.56857299804688,45092,0.0,0.0,2022-02-15,114.15087586628758,106.79142829418669,73.04358799947906,30.326715014903407,109.18552394153362,104.91021499633788,123.70329698122111,7.3594475721008905,3.9728304352767214,104.91021499633788,12.245589158308448,117.15580415464633,92.66462583802944,129.40139331295478,80.41903667972099,BIRLACABLE.BO,2023-08-21 12:13:24.498214
360,2022-02-11 00:00:00+05:30,127.40087621926313,142.99189290949934,123.14428571780248,131.1625213623047,229617,0.0,0.0,2022-02-11,111.16584002414953,104.88925671787788,73.81632860228665,28.517867513500622,106.93467667242696,103.61096382141113,120.27065897280822,6.276583306271647,3.1261761510706787,103.61096382141113,10.655191286137752,114.26615510754888,92.95577253527338,124.92134639368663,82.30058124913563,BIRLACABLE.BO,2023-08-21 12:13:24.498214
361,2022-02-10 00:00:00+05:30,118.78869398397033,136.112045189966,116.66039503961451,127.40087127685547,252094,0.0,0.0,2022-02-10,107.5300797808486,102.78739554632374,72.06764886811195,26.569877896605316,104.38437723138719,102.3265609741211,114.82472777805997,4.742684234524859,2.3385743622704362,102.3265609741211,8.486892133401156,110.81345310752225,93.83966884071994,119.3003452409234,85.35277670731878,BIRLACABLE.BO,2023-08-21 12:13:24.498214
362,2022-02-09 00:00:00+05:30,120.47153102311258,125.86652208322,112.89875780916674,114.18563079833984,95763,0.0,0.0,2022-02-09,103.91720859975644,100.81831748788119,64.27899667547729,24.951385074052247,101.96158838449578,101.25003852844239,108.53665602866221,3.098891111875247,1.7375468942068308,101.25003852844239,6.194986633784111,107.4450251622265,95.05505189465828,113.64001179601061,88.86006526087417,BIRLACABLE.BO,2023-08-21 12:13:24.498214
363,2022-02-08 00:00:00+05:30,96.02086099069297,120.27355268421852,96.02086099069297,117.40282440185547,165728,0.0,0.0,2022-02-08,102.05022274546855,99.7489324230445,68.6056748366825,24.13341927322971,100.67484707777535,100.76498489379883,105.71216864382339,2.3012903224240517,1.3972108397897267,100.76498489379883,5.4657130194755705,106.2306979132744,95.29927187432325,111.69641093274997,89.83355885484768,BIRLACABLE.BO,2023-08-21 12:13:24.498214
364,2022-02-07 00:00:00+05:30,103.64313054657484,103.74212716495342,99.7330057968328,100.22795867919922,11091,0.0,0.0,2022-02-07,99.25884062612548,98.33662106473962,52.911954632588255,23.90497218761696,98.91400735945112,100.24033470153809,99.86684076480734,0.9222195613858588,1.1711909691311453,100.24033470153809,4.123376891238083,104.36371159277617,96.11695781030001,108.48708848401425,91.99358091906193,BIRLACABLE.BO,2023-08-21 12:13:24.498214
365,2022-02-04 00:00:00+05:30,102.95020367279345,103.94010947733955,100.97039206370127,101.3663558959961,10841,0.0,0.0,2022-02-04,99.08263734374844,98.18531405558285,54.59452692633466,24.655388049405392,98.77569669421447,100.48038673400879,99.68628180761138,0.8973232881655946,1.233433821067467,100.48038673400879,4.260103525648013,104.74049025965681,96.22028320836077,109.00059378530482,91.96017968271276,BIRLACABLE.BO,2023-08-21 12:13:24.498214
366,2022-02-03 00:00:00+05:30,100.72290978716217,104.43505633951457,99.4360292947274,101.76231384277344,9289,0.0,0.0,2022-02-03,98.66741578879433,97.93083070834979,55.16608790584461,25.73391260942559,98.50299572560587,100.72538795471192,98.84624476341901,0.7365850804445415,1.3174614542929348,100.72538795471192,4.45038985447053,105.17577780918245,96.27499810024139,109.62616766365298,91.82460824577086,BIRLACABLE.BO,2023-08-21 12:13:24.498214
367,2022-02-02 00:00:00+05:30,95.08045004714091,100.67341147736444,94.58549717350121,99.18855285644531,7345,0.0,0.0,2022-02-02,98.10470705170721,97.62431205759589,52.179201274955716,26.895400597139652,98.15990960800929,100.84912643432617,97.38821022374178,0.4803949941113217,1.462680547755033,100.84912643432617,4.514677775418636,105.3638042097448,96.33444865890753,109.87848198516343,91.8197708834889,BIRLACABLE.BO,2023-08-21 12:13:24.498214
368,2022-02-01 00:00:00+05:30,98.9905780199726,102.15827349565902,91.66527373601828,93.84307098388672,9391,0.0,0.0,2022-02-01,97.90764417811847,97.49917279368793,45.11054251261086,27.123087110515307,98.05163137133181,100.96791534423828,96.48803890739,0.4084713844305412,1.7082519361659607,100.96791534423828,4.4999168988840825,105.46783224312236,96.4679984453542,109.96774914200644,91.96808154647012,BIRLACABLE.BO,2023-08-21 12:13:24.498214
369,2022-01-31 00:00:00+05:30,99.33704550794866,101.36635541866497,99.28755474938356,99.7330093383789,10150,0.0,0.0,2022-01-31,98.6466574861606,97.79166093847202,53.1407049799062,27.36828797107371,98.49463772790497,101.56185874938964,97.81052286914165,0.8549965476885859,2.0331970740998155,101.56185874938964,4.28901748690538,105.85087623629502,97.27284126248426,110.1398937232004,92.98382377557888,BIRLACABLE.BO,2023-08-21 12:13:24.498214
370,2022-01-28 00:00:00+05:30,95.4269156225494,98.99057480505509,95.4269156225494,97.90167999267578,6265,0.0,0.0,2022-01-28,98.44913896757545,97.63635306647947,50.60388169291634,29.18820457196447,98.36428282153929,101.74746589660644,96.84927963452301,0.8127859010959781,2.327747205702623,101.74746589660644,4.286029036662538,106.03349493326898,97.4614368599439,110.31952396993152,93.17540782328136,BIRLACABLE.BO,2023-08-21 12:13:24.498214
371,2022-01-27 00:00:00+05:30,92.06123916492633,96.41682618428095,92.06123916492633,94.8824691772461,11758,0.0,0.0,2022-01-27,98.54867696301176,97.61512691238376,46.135297997783844,30.482962533536206,98.4129778561565,101.91822471618653,96.32307945544662,0.9335500506279999,2.7064875318542843,101.91822471618653,4.191740230269413,106.10996494645595,97.72648448591711,110.30170517672535,93.53474425564771,BIRLACABLE.BO,2023-08-21 12:13:24.498214
372,2022-01-25 00:00:00+05:30,86.31978037185665,96.51581285319851,86.31978037185665,96.07035827636719,15518,0.0,0.0,2022-01-25,99.21526019678734,97.83373953119478,47.71466962047615,31.08605576363335,98.78461034867338,102.09640769958496,97.04338459454685,1.3815206655925607,3.149721902160855,102.09640769958496,3.9454280484548754,106.04183574803983,98.15097965113009,109.98726379649472,94.2055516026752,BIRLACABLE.BO,2023-08-21 12:13:24.498214
373,2022-01-24 00:00:00+05:30,98.94107856654013,98.94107856654013,90.52687953208601,91.8632583618164,13205,0.0,0.0,2022-01-24,99.78706054595465,97.97481003158099,41.08954883871692,31.735540780661047,99.07032109312668,101.98009338378907,97.52989775363667,1.812250514373659,3.591772211302928,101.98009338378907,4.1608406758867105,106.14093405967577,97.81925270790236,110.30177473556249,93.65841203201565,BIRLACABLE.BO,2023-08-21 12:13:24.498214
374,2022-01-21 00:00:00+05:30,100.42593929944393,100.87140143603987,96.26833800550591,98.39663696289062,18477,0.0,0.0,2022-01-21,101.2277518521616,98.46373416516215,50.26237987604876,33.31658457980741,99.82895927536987,102.24241828918457,100.3632174495468,2.764017686999452,4.036652635535245,102.24241828918457,3.6196310596160433,105.86204934880061,98.62278722956853,109.48168040841665,95.00315616995249,BIRLACABLE.BO,2023-08-21 12:13:24.498214
375,2022-01-20 00:00:00+05:30,98.44612409369225,102.55423447823368,98.00066952589081,101.46533966064453,19596,0.0,0.0,2022-01-20,101.74250001384723,98.46910194134387,55.68972730044421,35.160364740038396,99.97973004510453,101.7375659942627,101.34650769287487,3.273398072503369,4.354811372669193,101.7375659942627,4.720881559971444,106.45844755423414,97.01668443429125,111.17932911420559,92.2958028743198,BIRLACABLE.BO,2023-08-21 12:13:24.498214
376,2022-01-19 00:00:00+05:30,98.89158985752047,101.26736526222012,97.15925472631601,98.39663696289062,28346,0.0,0.0,2022-01-19,101.79289280533862,98.22940292379981,50.75172971341828,36.5635475256995,99.823350085574,101.07927856445312,101.28709170899003,3.563489881538814,4.625164697710648,101.07927856445312,5.597395764737194,106.67667432919032,95.48188279971592,112.2740700939275,89.88448703497873,BIRLACABLE.BO,2023-08-21 12:13:24.498214
377,2022-01-18 00:00:00+05:30,103.54414274170163,103.54414274170163,97.90168283495437,99.63401794433594,10049,0.0,0.0,2022-01-18,102.4103938676019,98.21602420067254,52.965529786910786,38.39522660188531,99.97353041427752,100.6635181427002,102.73231908203972,4.1943696669293615,4.890583401753607,100.6635181427002,6.0939355207689845,106.75745366346918,94.56958262193122,112.85138918423817,88.47564710116222,BIRLACABLE.BO,2023-08-21 12:13:24.498214
378,2022-01-17 00:00:00+05:30,103.49464946835235,105.42496266521351,102.45524540703848,102.7522201538086,11448,0.0,0.0,2022-01-17,102.91518949001389,98.10258470117947,58.97604066667465,40.12831013851008,100.00926856900821,99.77755241394043,104.28146965089161,4.81260478883442,5.064636835459668,99.77755241394043,7.399660133726579,107.17721254766701,92.37789228021384,114.57687268139358,84.97823214648727,BIRLACABLE.BO,2023-08-21 12:13:24.498214
379,2022-01-14 00:00:00+05:30,105.82093175210325,106.26638634208342,104.38556380766794,104.58354949951172,19902,0.0,0.0,2022-01-14,102.94482027841485,97.73061386496913,62.86123539827742,40.331508265272575,99.72053682323975,98.68618125915528,105.0460943994331,5.214206413445723,5.127644847115979,98.68618125915528,8.470072230453829,107.1562534896091,90.21610902870145,115.62632572006294,81.74603679824762,BIRLACABLE.BO,2023-08-21 12:13:24.498214
380,2022-01-13 00:00:00+05:30,106.36537358113058,108.54317083963814,105.07850059201327,105.4744644165039,11197,0.0,0.0,2022-01-13,102.64686951094268,97.18237901420572,64.7887195166041,39.711882874993826,99.20864075205323,97.62450675964355,105.27736684939379,5.464490496736957,5.106004455533542,97.62450675964355,9.00577291898878,106.63027967863233,88.61873384065477,115.63605259762112,79.61296092166599,BIRLACABLE.BO,2023-08-21 12:13:24.498214
381,2022-01-12 00:00:00+05:30,104.43506197322756,109.87954387704512,104.43506197322756,105.87042236328125,19755,0.0,0.0,2022-01-12,102.13276134629518,96.51901218202187,65.62853897687695,38.73476317646433,98.54908036632158,96.70141944885253,105.17881806583873,5.613749164273315,5.016382945232688,96.70141944885253,9.104427462672236,105.80584691152477,87.5969919861803,114.910274374197,78.49256452350807,BIRLACABLE.BO,2023-08-21 12:13:24.498214
382,2022-01-11 00:00:00+05:30,106.86032593568878,109.78055251827199,104.13808504054506,104.48455810546875,32712,0.0,0.0,2022-01-11,101.45318661593407,95.77089936752111,64.12812630071349,37.68248042420179,97.77841278769424,95.7313117980957,104.83301591711746,5.682287248412962,4.867041390472531,95.7313117980957,9.109699742281148,104.84101154037685,86.62161205581455,113.950711282658,77.5119123135334,BIRLACABLE.BO,2023-08-21 12:13:24.498214
383,2022-01-10 00:00:00+05:30,104.93000906485098,108.88963204843027,104.93000906485098,106.90982055664062,9998,0.0,0.0,2022-01-10,100.9020281632914,95.0738066684853,69.01902104511919,36.561532716541855,97.07250275424428,94.80574951171874,105.0072448229418,5.828221494806101,4.663229925987423,94.80574951171874,9.113933460549006,103.91968297226775,85.69181605116974,113.03361643281676,76.57788259062073,BIRLACABLE.BO,2023-08-21 12:13:24.498214
384,2022-01-07 00:00:00+05:30,101.46534011316385,110.42399023679094,101.46534011316385,105.02899932861328,45037,0.0,0.0,2022-01-07,99.80970227359154,94.12692555743288,67.22315558544254,35.46029710357924,96.03699561714993,93.78614692687988,104.05595695609237,5.682776716158656,4.3719820337827535,93.78614692687988,8.824613240810265,102.61076016769015,84.96153368606961,111.43537340850041,76.13692044525935,BIRLACABLE.BO,2023-08-21 12:13:24.498214
385,2022-01-06 00:00:00+05:30,105.32597287242238,108.29569011007125,101.56432801711458,106.2663803100586,18916,0.0,0.0,2022-01-06,98.8607391726785,93.25475965573845,69.69758779984478,34.27435105885026,95.0904689106801,92.8531608581543,103.56943576983191,5.605979516940053,4.044283363188778,92.8531608581543,8.555703340281795,101.40886419843609,84.2974575178725,109.96456753871789,75.7417541775907,BIRLACABLE.BO,2023-08-21 12:13:24.498214
386,2022-01-05 00:00:00+05:30,104.9300144719394,105.9694185796425,99.53503089975942,104.2370834350586,49804,0.0,0.0,2022-01-05,97.51425896588214,92.21383000339284,67.90148462282907,33.23586688280891,93.91405718442974,91.81623497009278,102.22096349971855,5.300428962489292,3.6538593247509588,91.81623497009278,8.088466013568176,99.90470098366096,83.7277689565246,107.99316699722914,75.63930294295642,BIRLACABLE.BO,2023-08-21 12:13:24.498214
387,2022-01-04 00:00:00+05:30,105.91991797731512,107.25628926374883,100.6239235889257,101.5643310546875,57252,0.0,0.0,2022-01-04,96.29192724421368,91.25196972885959,65.39650259018813,32.39270166050352,92.82742284225829,90.71743927001953,101.21290353204853,5.039957515354089,3.242216915316375,90.71743927001953,7.799855354959307,98.51729462497883,82.91758391506022,106.31714997993814,75.11772856010091,BIRLACABLE.BO,2023-08-21 12:13:24.498214
388,2022-01-03 00:00:00+05:30,112.35430471429419,112.35430471429419,104.18758212492918,105.72193908691406,29327,0.0,0.0,2022-01-03,95.33330836958207,90.42698082279335,73.71992509699825,31.14427360547389,91.90774829358153,89.70526084899902,101.03718977072904,4.906327546788717,2.7927817653069464,89.70526084899902,7.629822012465898,97.33508286146491,82.07543883653312,104.96490487393082,74.44561682406722,BIRLACABLE.BO,2023-08-21 12:13:24.498214
389,2021-12-31 00:00:00+05:30,103.54414134858563,104.93001092792129,101.11887524903443,103.44515228271484,39045,0.0,0.0,2021-12-31,93.44446642097624,89.20338416166369,71.89974432581153,28.623921622884676,90.45362294691495,88.39858512878418,98.69481511263652,4.241082259312549,2.264395319936504,88.39858512878418,6.949963492447868,95.34854862123204,81.44862163633631,102.29851211367992,74.49865814388843,BIRLACABLE.BO,2023-08-21 12:13:24.498214
390,2021-12-30 00:00:00+05:30,92.06123873192081,104.63303927973575,92.06123873192081,101.31685638427734,68383,0.0,0.0,2021-12-30,91.62615990066014,88.0640427119796,70.10348708311241,26.599321135960533,89.08609354314655,87.24287033081055,96.31964652759734,3.5621171886805456,1.7702235850924926,87.24287033081055,6.197254865357416,93.44012519616797,81.04561546545312,99.63738006152538,74.84836060009572,BIRLACABLE.BO,2023-08-21 12:13:24.498214
391,2021-12-29 00:00:00+05:30,95.03095685421911,101.4158462469092,94.73398209309691,98.44612884521484,20707,0.0,0.0,2021-12-29,89.864215085457,87.00381761819577,67.50453269571602,24.451257284977594,87.79864482302752,86.14654960632325,93.82104159925734,2.8603974672612367,1.3222501841954792,86.14654960632325,5.473662084798389,91.62021169112164,80.67288752152486,97.09387377592003,75.19922543672646,BIRLACABLE.BO,2023-08-21 12:13:24.498214
392,2021-12-28 00:00:00+05:30,98.99057548194492,99.08956454695056,93.19962832672745,93.74407196044922,20149,0.0,0.0,2021-12-28,88.3038671291374,86.08843272003423,62.55448731258394,22.49952421248663,86.67785703121832,85.12694664001465,91.50849797627859,2.2154344091031675,0.9377133634290398,85.12694664001465,4.934707030624371,90.06165367063902,80.19223960939028,94.9963607012634,75.2575325787659,BIRLACABLE.BO,2023-08-21 12:13:24.498214
393,2021-12-27 00:00:00+05:30,89.09152108275498,97.10975646972656,88.49757911934631,97.10975646972656,24469,0.0,0.0,2021-12-27,87.3147389779898,85.47598158080103,69.61500620872883,20.685491788545455,85.93404493340454,84.25088043212891,90.39071098419328,1.8387573971887718,0.6182831020105077,84.25088043212891,4.879362578180091,89.130243010309,79.37151785394882,94.0096055884891,74.49215527576872,BIRLACABLE.BO,2023-08-21 12:13:24.498214
394,2021-12-24 00:00:00+05:30,89.38849344597665,90.27940259103173,86.56725597869685,88.29959106445312,2771,0.0,0.0,2021-12-24,85.53382670676494,84.545279589687,58.1477947421472,18.991655663370867,84.75765424537063,83.22385330200196,87.03118824142662,0.9885471170779425,0.31316452821594165,83.22385330200196,4.135322923569831,87.35917622557179,79.08853037843213,91.49449914914162,74.9532074548623,BIRLACABLE.BO,2023-08-21 12:13:24.498214
395,2021-12-23 00:00:00+05:30,95.03095327577303,95.03095327577303,87.11170716945861,88.29959106445312,12720,0.0,0.0,2021-12-23,85.03096045991254,84.2449346717057,58.1477947421472,18.273631912423475,84.38481879073036,82.81799201965332,86.39698682991336,0.7860257882068282,0.14431888100044143,82.81799201965332,4.007296536320801,86.82528855597411,78.81069548333252,90.83258509229492,74.80339894701171,BIRLACABLE.BO,2023-08-21 12:13:24.498214
396,2021-12-22 00:00:00+05:30,83.15208787184496,90.08142852783203,83.00360049016884,90.08142852783203,9901,0.0,0.0,2021-12-22,84.43666398635969,83.92056216028591,62.23985448063352,17.313534485272513,83.97273749875954,82.48884887695313,85.44568471264347,0.5161018260737791,-0.016107845801155277,82.48884887695313,3.798256073460047,86.28710495041318,78.69059280349308,90.08536102387322,74.89233673003304,BIRLACABLE.BO,2023-08-21 12:13:24.498214
397,2021-12-21 00:00:00+05:30,82.6076343948151,84.33996951138303,81.17227403346865,81.91470336914062,4696,0.0,0.0,2021-12-21,83.41034316063745,83.42769285088222,46.06199991370233,17.29249951920777,83.32971739043613,82.07308807373047,83.12781280504919,-0.017349690244770954,-0.14916026376988886,82.07308807373047,3.352344281978008,85.42543235570848,78.72074379175247,88.77777663768649,75.36839950977446,BIRLACABLE.BO,2023-08-21 12:13:24.498214
398,2021-12-20 00:00:00+05:30,83.35006318445993,83.39956149413317,78.40053431240455,80.92479705810547,3917,0.0,0.0,2021-12-20,83.68227766818234,83.54873200942156,43.3300776336283,18.342498544389134,83.47866623478302,82.05328979492188,83.73436752300347,0.13354565876078084,-0.18211290715116835,82.05328979492188,3.354497457032865,85.40778725195474,78.69879233788902,88.76228470898761,75.34429488085615,BIRLACABLE.BO,2023-08-21 12:13:24.498214
399,2021-12-17 00:00:00+05:30,86.71574050434722,86.81472956694724,83.25107044667733,83.35005950927734,2962,0.0,0.0,2021-12-17,84.1836377791054,83.75864680552684,48.98494643777827,19.14817533049166,83.74749456917013,82.03349151611329,85.13915275545246,0.4249909735785593,-0.2610275486291556,82.03349151611329,3.3626669275698986,85.39615844368319,78.67082458854338,88.75882537125308,75.30815766097349,BIRLACABLE.BO,2023-08-21 12:13:24.498214
400,2021-12-16 00:00:00+05:30,87.26019464178202,88.5965659132372,86.61675438444978,87.0127182006836,1621,0.0,0.0,2021-12-16,84.33519746452868,83.7913337892268,59.92228206871193,19.506394964785965,83.78932983863254,82.01864318847656,86.03369937854,0.5438636753018784,-0.43253217918108433,82.01864318847656,3.3571986662575295,85.37584185473409,78.66144452221903,88.73304052099162,75.3042458559615,BIRLACABLE.BO,2023-08-21 12:13:24.498214
401,2021-12-15 00:00:00+05:30,86.56725841678508,89.33899765301129,85.87432738391944,86.46826934814453,6647,0.0,0.0,2021-12-15,83.84837551250051,83.53362303631026,58.65762638451822,18.259708125439303,83.4500258005219,81.81323776245117,85.54418996746821,0.31475247619025026,-0.676631142801825,81.81323776245117,3.155156167840316,84.96839393029148,78.65808159461085,88.1235500981318,75.50292542677053,BIRLACABLE.BO,2023-08-21 12:13:24.498214
402,2021-12-14 00:00:00+05:30,86.12179975004399,87.06220718613211,85.13189400579061,85.97331237792969,6317,0.0,0.0,2021-12-14,83.37203117874705,83.29885133136352,57.52838782468242,16.917122298450593,83.13231595340372,81.74146957397461,85.08215027713004,0.07317984738352834,-0.9244770475498438,81.74146957397461,3.0585439152680247,84.80001348924263,78.6829256587066,87.85855740451066,75.62438174343856,BIRLACABLE.BO,2023-08-21 12:13:24.498214
403,2021-12-13 00:00:00+05:30,86.12180502742173,88.15111494844594,84.83492446008219,86.51776885986328,10909,0.0,0.0,2021-12-13,82.89907096071386,83.08489444763822,59.182623965963906,16.07072580277801,82.83326369819046,81.82808647155761,84.63656922673022,-0.18582348692436312,-1.1738912712831868,81.82808647155761,3.205686030364146,85.03377250192176,78.62240044119346,88.23945853228591,75.41671441082931,BIRLACABLE.BO,2023-08-21 12:13:24.498214
404,2021-12-10 00:00:00+05:30,86.2207905789477,88.10161304200618,85.08239743927692,86.36927795410156,4482,0.0,0.0,2021-12-10,82.24112588814124,82.81026449466022,58.877619382516734,15.159221884361386,82.44542104959332,82.08793678283692,83.69596941016367,-0.5691386065189761,-1.4209082173728926,82.08793678283692,3.767276572773519,85.85521335561045,78.3206602100634,89.62248992838396,74.55338363728988,BIRLACABLE.BO,2023-08-21 12:13:24.498214
405,2021-12-09 00:00:00+05:30,82.26117039099388,87.80464135522548,82.26117039099388,85.52786254882812,4962,0.0,0.0,2021-12-09,81.49055278523937,82.52554341790491,57.215146077125766,14.064523778264784,82.03238348069772,82.16712913513183,82.35931513819472,-1.03499063266554,-1.6338506200863716,82.16712913513183,3.87705941719222,86.04418855232404,78.29006971793962,89.92124796951627,74.41301030074739,BIRLACABLE.BO,2023-08-21 12:13:24.498214
406,2021-12-08 00:00:00+05:30,81.2217728881122,83.94401380383052,81.2217728881122,82.26116943359375,3179,0.0,0.0,2021-12-08,80.75649646458686,82.28535788743106,49.89260058246255,12.95607197995289,81.66443831563136,82.196826171875,80.77504143287801,-1.5288614228442015,-1.7835656169415794,82.196826171875,3.9063206879691714,86.10314685984417,78.29050548390583,90.00946754781334,74.38418479593666,BIRLACABLE.BO,2023-08-21 12:13:24.498214
407,2021-12-07 00:00:00+05:30,81.41975170337955,82.16218105021888,79.68741656075444,81.32076263427734,7924,0.0,0.0,2021-12-07,80.48291956113106,82.28729296373804,47.493893266667804,12.783804922792608,81.60162451374057,82.38738288879395,80.03197743252014,-1.8043734026069842,-1.847241665465924,82.38738288879395,4.0014236568747075,86.38880654566866,78.38595923191924,90.39023020254336,74.38453557504454,BIRLACABLE.BO,2023-08-21 12:13:24.498214
408,2021-12-06 00:00:00+05:30,84.33996780325634,84.33996780325634,78.84599536198155,79.58842468261719,3850,0.0,0.0,2021-12-06,80.33058445692264,82.3646153900949,42.815610695363986,13.162191249948293,81.63118892210514,82.55566673278808,79.38758483164153,-2.034030933172261,-1.857958731180659,82.55566673278808,4.024909465542385,86.58057619833046,78.5307572672457,90.60548566387286,74.50584780170331,BIRLACABLE.BO,2023-08-21 12:13:24.498214
409,2021-12-03 00:00:00+05:30,81.66722762850499,81.66722762850499,79.09347408644665,80.33085632324219,12616,0.0,0.0,2021-12-03,80.46552259770544,82.58671064669312,44.386435820720386,13.569684217654416,81.84621673678808,82.8402645111084,79.28716490615369,-2.121188048987676,-1.8139406806827585,82.8402645111084,4.005244248831756,86.84550875994016,78.83502026227664,90.85075300877192,74.82977601344489,BIRLACABLE.BO,2023-08-21 12:13:24.498214
410,2021-12-02 00:00:00+05:30,78.84599823763723,80.38034769148243,77.26215047299173,79.39044189453125,2933,0.0,0.0,2021-12-02,80.49000737488059,82.7671789925692,41.87089854858187,14.32636888931907,82.0057283592666,82.97885093688964,78.76531919760944,-2.2771716176886088,-1.737128838606529,82.97885093688964,3.9615600789003795,86.94041101579002,79.01729085798927,90.9019710946904,75.05573077908889,BIRLACABLE.BO,2023-08-21 12:13:24.498214
411,2021-12-01 00:00:00+05:30,77.70760400529191,79.9843903283105,74.24293376301775,78.05406951904297,9104,0.0,0.0,2021-12-01,80.68992837130774,83.03731796041224,38.16878196813697,14.66541415658297,82.281021671344,83.18425636291504,78.45275784914853,-2.3473895891044947,-1.6021181438360086,83.18425636291504,3.8711808835323667,87.0554372464474,79.31307547938268,90.92661812997977,75.4418945958503,BIRLACABLE.BO,2023-08-21 12:13:24.498214
412,2021-11-30 00:00:00+05:30,77.21265361835431,78.40053757614541,75.33183105820004,76.22274780273438,3007,0.0,0.0,2021-11-30,81.16917543535588,83.43597783572177,32.736292536560384,14.883981261468097,82.72596400316517,83.47627868652344,78.6521020142013,-2.26680240036589,-1.415800282518887,83.47627868652344,3.6793513313049764,87.15563001782841,79.79692735521847,90.8349813491334,76.11757602391349,BIRLACABLE.BO,2023-08-21 12:13:24.498214
413,2021-11-29 00:00:00+05:30,78.64801458415897,78.64801458415897,76.17325002767339,76.5692138671875,3404,0.0,0.0,2021-11-29,82.06852591401434,84.01303623836077,33.255191511407375,14.527448576672459,83.41051307689473,83.80542221069337,79.86677911993476,-1.9445103243464246,-1.203049753057136,83.80542221069337,3.267739151356461,87.07316136204983,80.5376830593369,90.34090051340628,77.26994390798045,BIRLACABLE.BO,2023-08-21 12:13:24.498214
414,2021-11-26 00:00:00+05:30,85.13189414695458,85.13189414695458,79.09347060747247,80.18236541748047,8227,0.0,0.0,2021-11-26,83.06840083161923,84.60854202805463,39.207362875342795,14.361024407569111,84.13064983581127,84.17911148071289,81.51556174630838,-1.5401411964353997,-1.0176846102348138,84.17911148071289,2.7889360574809356,86.96804753819383,81.39017542323195,89.75698359567477,78.60123936575101,BIRLACABLE.BO,2023-08-21 12:13:24.498214
415,2021-11-25 00:00:00+05:30,84.04300536981312,84.04300536981312,81.1722769901721,81.71672821044922,5314,0.0,0.0,2021-11-25,83.59313454328083,84.96263615690056,42.17838190329241,15.000145633758713,84.54625872195136,84.46618423461913,82.18215991072233,-1.3695016136197324,-0.8870704636846672,84.46618423461913,2.6478088006739915,87.11399303529312,81.81837543394515,89.76180183596712,79.17056663327115,BIRLACABLE.BO,2023-08-21 12:13:24.498214
416,2021-11-24 00:00:00+05:30,78.30154237974098,82.36015439581197,78.30154237974098,81.7662124633789,4528,0.0,0.0,2021-11-24,83.9342993310684,85.22230879261666,42.2755942466478,15.953314876834574,84.84410403895158,84.47360801696777,82.41487576085888,-1.2880094615482562,-0.7664626762009009,84.47360801696777,2.639890604755392,87.11349862172317,81.83371741221238,89.75338922647856,79.19382680745699,BIRLACABLE.BO,2023-08-21 12:13:24.498214
417,2021-11-23 00:00:00+05:30,77.21264924916473,81.96419991621981,77.21264924916473,81.51873779296875,5625,0.0,0.0,2021-11-23,84.3284969433756,85.49879649895568,41.651214744136595,16.823332320080954,85.16809262585397,84.58744735717774,82.73920740959885,-1.1702995555800868,-0.6360759798640621,84.58744735717774,2.5650245818080264,87.15247193898577,82.0224227753697,89.71749652079379,79.45739819356169,BIRLACABLE.BO,2023-08-21 12:13:24.498214
418,2021-11-22 00:00:00+05:30,82.6571303609862,82.6571303609862,78.94498378788802,80.5288314819336,10791,0.0,0.0,2021-11-22,84.83936224344957,85.81720119543463,39.2343182952967,17.627153231696965,85.55223523984189,84.93391456604004,83.34944221791389,-0.9778389519850634,-0.5025200859350558,84.93391456604004,2.596499685202585,87.53041425124263,82.33741488083746,90.12691393644522,79.74091519563487,BIRLACABLE.BO,2023-08-21 12:13:24.498214
419,2021-11-18 00:00:00+05:30,80.82580504529565,84.93391536985033,80.82580504529565,83.05309295654297,6425,0.0,0.0,2021-11-18,85.62309510917976,86.24027077251472,43.49246815232366,18.95464030656688,86.0810145827796,85.45609016418457,84.75974758590402,-0.6171756633349617,-0.3836903694225539,85.45609016418457,2.711563162789933,88.1676533269745,82.74452700139464,90.87921648976445,80.0329638386047,BIRLACABLE.BO,2023-08-21 12:13:24.498214
420,2021-11-17 00:00:00+05:30,84.98341032287398,84.98341032287398,82.75612230161552,82.90460968017578,5868,0.0,0.0,2021-11-17,86.090368227841,86.49524499779245,43.15144781952043,19.779714031131583,86.39974317501503,85.86937599182129,85.61307490058454,-0.40487676995145705,-0.32531904594445193,85.86937599182129,2.9458257707713535,88.81520176259264,82.92355022104994,91.761027533364,79.97772445027857,BIRLACABLE.BO,2023-08-21 12:13:24.498214
421,2021-11-16 00:00:00+05:30,88.10161189830256,88.4975757094454,84.14198889163728,85.03290557861328,9700,0.0,0.0,2021-11-16,86.66959705468922,86.78249582320178,46.882099000735785,19.996931787127952,86.76765196394548,86.3692783355713,86.9673075107889,-0.11289876851256508,-0.3054296149427006,86.3692783355713,3.248959745239355,89.61823808081066,83.12031859033193,92.86719782605,79.87135884509259,BIRLACABLE.BO,2023-08-21 12:13:24.498214
422,2021-11-15 00:00:00+05:30,96.02086036666388,96.02086036666388,87.16120668368212,87.70565032958984,13625,0.0,0.0,2021-11-15,86.96717732306666,86.92246304276887,52.127828347092326,19.719745474004018,86.95025684661202,86.96817131042481,87.9345084768767,0.04471428029779645,-0.35356232655023445,86.96817131042481,4.005528686344195,90.973699996769,82.96264262408062,94.97922868311319,78.95711393773642,BIRLACABLE.BO,2023-08-21 12:13:24.498214
423,2021-11-12 00:00:00+05:30,89.04202485890478,92.30871706277621,86.41878049634543,91.71477508544922,20074,0.0,0.0,2021-11-12,86.83290950369882,86.8598080598232,61.76605469725869,18.186642140894623,86.87074174314067,87.37155799865722,88.04893755052012,-0.026898556124379525,-0.45313147826224215,87.37155799865722,4.4637394138774695,91.83529741253469,82.90781858477976,96.29903682641216,78.44407917090228,BIRLACABLE.BO,2023-08-21 12:13:24.498214
424,2021-11-11 00:00:00+05:30,86.17129916880815,90.42788939252887,85.52785891627433,87.953125,4183,0.0,0.0,2021-11-11,85.9452975797442,86.47141069777312,54.42994472337238,17.34361406004552,86.36084349658188,87.44580078125,86.21601878305557,-0.5261131180289169,-0.5596897087967078,87.44580078125,4.551269799180293,91.99707058043029,82.89453098206971,96.54834037961058,78.34326118288942,BIRLACABLE.BO,2023-08-21 12:13:24.498214
425,2021-11-10 00:00:00+05:30,86.1218032836914,87.80464009701772,85.6268503912564,86.1218032836914,759,0.0,0.0,2021-11-10,85.5802380487886,86.35287355359497,50.10312689517235,16.921860948805577,86.19323491727472,87.63388328552246,85.34746567458336,-0.7726355048063738,-0.5680838564886554,87.63388328552246,4.649993447037811,92.28387673256027,82.98388983848464,96.93387017959807,78.33389639144684,BIRLACABLE.BO,2023-08-21 12:13:24.498214
426,2021-11-09 00:00:00+05:30,85.03290724379762,86.8642314097665,84.48845604876664,86.07230377197266,5695,0.0,0.0,2021-11-09,85.48177164244264,86.37135917518725,49.982638821295865,17.242957303898077,86.20075403659928,87.82938957214355,84.96029687002934,-0.8895875327446134,-0.5169459444092259,87.82938957214355,4.665247358051352,92.4946369301949,83.16414221409221,97.15988428824626,78.49889485604085,BIRLACABLE.BO,2023-08-21 12:13:24.498214
427,2021-11-08 00:00:00+05:30,86.17129813180846,86.36927625987563,84.33996646147037,84.68643951416016,1500,0.0,0.0,2021-11-08,85.37440216434628,86.39528360744443,46.657545494330456,17.893802405476244,86.2142751170863,88.02737083435059,84.40429341905767,-1.0208814430981477,-0.423785547325379,88.02737083435059,4.670771508533715,92.69814234288431,83.35659932581687,97.36891385141803,78.68582781728315,BIRLACABLE.BO,2023-08-21 12:13:24.498214
428,2021-11-04 00:00:00+05:30,83.00359404642657,87.21069340381281,83.00359404642657,85.28038024902344,5173,0.0,0.0,2021-11-04,85.49948628256195,86.53199113490717,47.912964308368224,18.754114270650785,86.37509991739432,88.28227157592774,84.2632203715064,-1.0325048523452267,-0.27451157338218674,88.28227157592774,4.617655225397536,92.89992680132528,83.6646163505302,97.5175820267228,79.04696112513267,BIRLACABLE.BO,2023-08-21 12:13:24.498214
429,2021-11-03 00:00:00+05:30,83.54804695858579,84.04299983446322,82.70662858007047,83.10258483886719,2136,0.0,0.0,2021-11-03,85.53932374320532,86.63212000577786,42.61532387554025,19.68060397160798,86.49033356669653,88.48767738342285,83.75464043274789,-1.0927962625725485,-0.08501325364142673,88.48767738342285,4.568200191124461,93.05587757454731,83.91947719229839,97.62407776567177,79.35127700117393,BIRLACABLE.BO,2023-08-21 12:13:24.498214
430,2021-11-02 00:00:00+05:30,84.14199067775708,84.8844200072667,82.9046084619077,83.49855041503906,5659,0.0,0.0,2021-11-02,85.98236718035771,86.91448281913071,43.36682437131756,20.68207498130494,86.84693869594173,88.804447555542,84.08066822968823,-0.9321156387729985,0.1669324985913537,88.804447555542,4.391364785982734,93.19581234152473,84.41308276955927,97.58717712750746,80.02171798357654,BIRLACABLE.BO,2023-08-21 12:13:24.498214
431,2021-11-01 00:00:00+05:30,83.99350506007524,84.43896719853733,81.91470440439771,83.89451599121094,1611,0.0,0.0,2021-11-01,86.43397022859747,87.18775741145804,44.08877386414809,21.82080676063321,87.19940062024727,89.01975212097167,84.3717271370128,-0.7537871828605631,0.44169453293244176,89.01975212097167,4.2197378011949604,93.23948992216664,84.80001431977671,97.4592277233616,80.58027651858175,BIRLACABLE.BO,2023-08-21 12:13:24.498214
432,2021-10-29 00:00:00+05:30,83.15208379145422,85.1813936192221,82.1126797231084,82.80561828613281,5579,0.0,0.0,2021-10-29,86.89568918084957,87.4512167250778,41.62998745231107,22.9018569338184,87.54728321277742,89.11379318237304,84.61033270991372,-0.5555275442282266,0.7405649618806929,89.11379318237304,4.119267074243816,93.23306025661687,84.99452610812922,97.35232733086067,80.87525903388541,BIRLACABLE.BO,2023-08-21 12:13:24.498214
433,2021-10-28 00:00:00+05:30,90.18041186610765,90.18041186610765,83.49854808683277,84.04299926757812,4509,0.0,0.0,2021-10-28,87.63933843443444,87.8228646001934,43.65812483531128,24.118679377671953,88.04640583663475,89.26970329284669,85.51268992180417,-0.18352616575896263,1.0645880884079226,89.26970329284669,3.9222412988376467,93.19194459168433,85.34746199400904,97.11418589052198,81.42522069517139,BIRLACABLE.BO,2023-08-21 12:13:24.498214
434,2021-10-27 00:00:00+05:30,82.50864119127857,85.92382049560547,82.50864119127857,85.92382049560547,4593,0.0,0.0,2021-10-27,88.29321828295376,88.12525382680262,46.8730095975878,25.79109432483268,88.46781705443018,89.32909774780273,86.24753524891717,0.16796445615113953,1.3766166519496439,89.32909774780273,3.847204017780949,93.17630176558369,85.48189373002178,97.02350578336463,81.63468971224084,BIRLACABLE.BO,2023-08-21 12:13:24.498214
435,2021-10-26 00:00:00+05:30,82.06318954212384,83.20158268391975,81.02378546648806,81.86520385742188,10874,0.0,0.0,2021-10-26,88.72401788065345,88.30136849329838,37.66872985482981,26.26257821243744,88.73560616588541,89.24000625610351,86.40939262557302,0.4226493873550652,1.67877970089927,89.24000625610351,3.9494837585069087,93.18949001461043,85.2905224975966,97.13897377311733,81.3410387390897,BIRLACABLE.BO,2023-08-21 12:13:24.498214
436,2021-10-25 00:00:00+05:30,89.04201874879193,89.04201874879193,84.04299926757812,84.04299926757812,5351,0.0,0.0,2021-10-25,89.97107497578646,88.8162616641685,41.2302583924283,25.744609987669605,89.45880640888157,89.4107650756836,88.68148700964859,1.1548133116179713,1.9928122792853211,89.4107650756836,3.6783704445722063,93.08913552025581,85.73239463111139,96.76750596482802,82.05402418653918,BIRLACABLE.BO,2023-08-21 12:13:24.498214
437,2021-10-22 00:00:00+05:30,91.41779937863201,93.79357481584212,86.61675774550064,88.44808197021484,12777,0.0,0.0,2021-10-22,91.04890692273344,89.19812265589572,50.13431593692452,25.854982366219225,90.02889137112405,89.59884719848633,91.00073088068382,1.8507842668377208,2.2023120212021583,89.59884719848633,3.480297916584922,93.07914511507124,86.11854928190141,96.55944303165617,82.63825136531648,BIRLACABLE.BO,2023-08-21 12:13:24.498214
438,2021-10-21 00:00:00+05:30,92.25921643803771,94.23902801441089,90.22991410368428,90.97234344482422,1662,0.0,0.0,2021-10-21,91.52178418682772,89.2581259107502,56.62275391125255,26.639652880276376,90.19529236069343,89.67556495666504,92.27705533591829,2.2636582760775212,2.2901939597932675,89.67556495666504,3.470493416420853,93.14605837308589,86.20507154024419,96.61655178950674,82.73457812382334,BIRLACABLE.BO,2023-08-21 12:13:24.498214
439,2021-10-20 00:00:00+05:30,97.10975689451124,97.10975689451124,88.34909212686182,91.31880950927734,11886,0.0,0.0,2021-10-20,91.62168250355562,89.12098850802427,57.58389900110239,28.621294334888987,90.1134975097323,89.6706153869629,92.92941128146532,2.50069399553135,2.296827880722204,89.6706153869629,3.4686167121905456,93.13923209915345,86.20199867477234,96.60784881134398,82.7333819625818,BIRLACABLE.BO,2023-08-21 12:13:24.498214
440,2021-10-19 00:00:00+05:30,97.01076707974332,97.95117455599218,92.40770366191178,92.90265655517578,11704,0.0,0.0,2021-10-19,91.67675032069712,88.94516282792402,61.99513106367463,30.755369747548723,89.98662256241177,89.64834251403809,93.73471216755931,2.7315874927731016,2.2458613520199173,89.64834251403809,3.4588927801428166,93.10723529418091,86.18944973389527,96.56612807432373,82.73055695375245,BIRLACABLE.BO,2023-08-21 12:13:24.498214
441,2021-10-18 00:00:00+05:30,96.51581219264439,98.00067084176199,95.1299426096583,97.0107650756836,23201,0.0,0.0,2021-10-18,91.45385827806463,88.62856332974388,76.07111137002666,31.630648905423218,89.67967161580503,89.33157272338867,94.15073997375106,2.825294948320746,2.124429816831621,89.33157272338867,3.4351931610983453,92.76676588448701,85.89637956229033,96.20195904558537,82.46118640119198,BIRLACABLE.BO,2023-08-21 12:13:24.498214
442,2021-10-14 00:00:00+05:30,94.33802373600084,97.65420658434307,93.99155067153231,95.77338409423828,13181,0.0,0.0,2021-10-14,90.44351158758845,87.95798719006869,74.4456322772003,31.234118170529825,88.90797756739677,88.60399208068847,92.72072742278479,2.485524397519754,1.94921353395934,88.60399208068847,3.2596672865671383,91.86365936725561,85.34432479412133,95.12332665382274,82.0846575075542,BIRLACABLE.BO,2023-08-21 12:13:24.498214
443,2021-10-13 00:00:00+05:30,92.55619046955337,94.04104914018791,91.81376113423609,93.19963073730469,20548,0.0,0.0,2021-10-13,89.47444385910666,87.33275543773512,70.60239127031268,30.892359714542028,88.18530319615029,87.9754020690918,91.19439908705803,2.1416884213715406,1.8151358180692363,87.9754020690918,3.0067162558768628,90.98211832496867,84.96868581321493,93.98883458084552,81.96196955733808,BIRLACABLE.BO,2023-08-21 12:13:24.498214
444,2021-10-12 00:00:00+05:30,90.6753709608405,94.04105223553609,89.58647607701069,91.71477508544922,8972,0.0,0.0,2021-10-12,88.79713715397975,86.86340541376956,68.03140383678969,31.53645507758384,87.65747924444982,87.59923782348633,90.19178326193469,1.9337317402101917,1.7334976672436602,87.59923782348633,2.7808519507244567,90.38008977421079,84.81838587276188,93.16094172493524,82.03753392203743,BIRLACABLE.BO,2023-08-21 12:13:24.498214
445,2021-10-11 00:00:00+05:30,90.97234405260247,91.56628601900613,86.12180414760576,90.03192901611328,24773,0.0,0.0,2021-10-11,88.26665753007622,86.47529584003519,64.78519776857085,32.23009623778272,87.23039547171304,87.1735782623291,89.43028735017741,1.791361690041029,1.683439149002027,87.1735782623291,2.769263687362173,89.94284194969127,84.40431457496693,92.71210563705344,81.63505088760476,BIRLACABLE.BO,2023-08-21 12:13:24.498214
446,2021-10-08 00:00:00+05:30,90.22991470650241,92.35821367579892,89.586474429406,90.03192901611328,6396,0.0,0.0,2021-10-08,87.94569907806947,86.19076518594893,64.78519776857085,33.7960574183797,86.93549720388144,86.8394847869873,89.12946651720947,1.7549338921205333,1.6564585137422765,86.8394847869873,2.8090489461051296,89.64853373309244,84.03043584088216,92.45758267919756,81.22138689477704,BIRLACABLE.BO,2023-08-21 12:13:24.498214
447,2021-10-07 00:00:00+05:30,90.97234585441996,91.9622516688263,87.80464271689043,89.78445434570312,4800,0.0,0.0,2021-10-07,87.56638454387968,85.88347207953578,64.32032428092313,33.61094166042453,86.6095570131202,86.54003829956055,88.67823526775754,1.6829124643439002,1.6318396691477122,86.54003829956055,2.769758024565106,89.30979632412566,83.77028027499544,92.07955434869076,81.00052225043034,BIRLACABLE.BO,2023-08-21 12:13:24.498214
448,2021-10-06 00:00:00+05:30,89.7349619170462,90.87335509291205,87.16120835794639,89.38849639892578,6468,0.0,0.0,2021-10-06,87.16309912536632,85.57139349824239,63.6065380029352,33.52752407446672,86.27535729390094,86.30988540649415,88.12512572878475,1.591705627123929,1.6190714703486653,86.30988540649415,2.675619906488759,88.98550531298291,83.63426550000538,91.66112521947167,80.95864559351662,BIRLACABLE.BO,2023-08-21 12:13:24.498214
449,2021-10-05 00:00:00+05:30,87.80464218686272,89.58647566299102,85.62685242926766,89.43798828125,18649,0.0,0.0,2021-10-05,86.7584814392646,85.26602526618771,63.7545796855992,33.76019573406862,85.94765844074044,86.01291351318359,87.49344039371422,1.4924561730768886,1.6259129311548493,86.01291351318359,2.6453786361827203,88.65829214936632,83.36753487700086,91.30367078554903,80.72215624081815,BIRLACABLE.BO,2023-08-21 12:13:24.498214
450,2021-10-04 00:00:00+05:30,86.12180487913129,88.39859124746339,84.43896803462977,87.80464172363281,6007,0.0,0.0,2021-10-04,86.27129837708543,84.93226822498274,61.00732991144546,34.41595330030003,85.58025529963417,85.81245765686035,86.52116644994632,1.3390301521026942,1.6592771206743393,85.81245765686035,2.521161509153852,88.3336191660142,83.29129614770649,90.85478067516804,80.77013463855265,BIRLACABLE.BO,2023-08-21 12:13:24.498214
451,2021-10-01 00:00:00+05:30,85.92382459649264,86.81473375525529,83.39956184031382,85.77533721923828,4793,0.0,0.0,2021-10-01,85.99250867771318,84.70247834509073,57.26112203651033,35.52173927982535,85.3461093602659,85.74811401367188,85.87942881310306,1.2900303326224503,1.7393388628172504,85.74811401367188,2.4837865426373718,88.23190055630926,83.2643274710345,90.71568709894663,80.78054092839713,BIRLACABLE.BO,2023-08-21 12:13:24.498214
452,2021-09-30 00:00:00+05:30,86.3197767462103,87.11170435218268,84.43896189869326,85.92382049560547,10498,0.0,0.0,2021-09-30,86.03199439743588,84.61664963515892,57.641094085288,37.29148649442842,85.30092748037407,85.76048774719239,85.93147461003545,1.415344762276959,1.8516659953659502,85.76048774719239,2.4845456201430016,88.24503336733538,83.27594212704939,90.72957898747839,80.79139650690638,BIRLACABLE.BO,2023-08-21 12:13:24.498214
453,2021-09-29 00:00:00+05:30,83.15208768504937,87.11171090814696,83.15208768504937,85.23088836669922,3799,0.0,0.0,2021-09-29,86.05166237958687,84.5120759663232,56.40543902089994,38.6707703613265,85.23535979456025,85.63179969787598,85.93530166725044,1.5395864132636774,1.960746303638198,85.63179969787598,2.5416389889779096,88.17343868685388,83.09016070889807,90.7150776758318,80.54852171992016,BIRLACABLE.BO,2023-08-21 12:13:24.498214
454,2021-09-28 00:00:00+05:30,85.13189643411076,86.41877695929999,83.30057226548122,84.1419906616211,2832,0.0,0.0,2021-09-28,86.20089401829372,84.4545709742931,54.456624725695136,40.156152987216736,85.2358304711772,85.62437515258789,86.28750831752605,1.7463230440006186,2.066036276231828,85.62437515258789,2.543088225186816,88.16746337777471,83.08128692740107,90.71055160296152,80.53819870221426,BIRLACABLE.BO,2023-08-21 12:13:24.498214
455,2021-09-27 00:00:00+05:30,86.12179861002441,87.7551445768977,83.54804521951145,85.28038024902344,12103,0.0,0.0,2021-09-27,86.57524008314329,84.47957739930686,56.928113311521976,41.98060582989401,85.35097150376205,85.75306282043456,87.36026714547852,2.095662683836423,2.14596458428963,85.75306282043456,2.5292090359804633,88.28227185641502,83.2238537844541,90.8114808923955,80.69464474847364,BIRLACABLE.BO,2023-08-21 12:13:24.498214
456,2021-09-24 00:00:00+05:30,89.09152228875651,89.5864751903607,85.5773536664139,87.80464172363281,12270,0.0,0.0,2021-09-24,86.81066914389234,84.41551317132952,62.77620173475971,43.83644104024661,85.3584021621556,85.84462928771973,88.40021059370605,2.3951559725628186,2.158540059402932,85.84462928771973,2.5443008810339847,88.38893016875372,83.30032840668574,90.9332310497877,80.75602752565176,BIRLACABLE.BO,2023-08-21 12:13:24.498214
457,2021-09-23 00:00:00+05:30,95.22893324926383,95.22893324926383,86.36927951742612,89.98243713378906,24353,0.0,0.0,2021-09-23,86.6299468566668,84.14438288714526,68.42240833822723,44.909545995402006,85.10090326094746,85.82978096008301,88.69799502874267,2.48556396952155,2.09938608111296,85.82978096008301,2.533102278311252,88.36288323839426,83.29667868177177,90.89598551670552,80.7635764034605,BIRLACABLE.BO,2023-08-21 12:13:24.498214
458,2021-09-22 00:00:00+05:30,95.37741874032963,95.37741874032963,89.09151865669472,90.87335205078125,33380,0.0,0.0,2021-09-22,86.0204031699173,83.67733854741374,70.83773126354609,45.68139478292368,84.58705759012204,85.49816207885742,88.05577397621946,2.3430646225035616,2.002841609010812,85.49816207885742,2.3909982436783674,87.88916032253579,83.10716383517905,90.28015856621415,80.71616559150068,BIRLACABLE.BO,2023-08-21 12:13:24.498214
459,2021-09-21 00:00:00+05:30,90.87335205078125,90.87335205078125,90.87335205078125,90.87335205078125,6631,0.0,0.0,2021-09-21,85.13804882794204,83.10165746714434,70.83773126354609,45.06269096298736,83.92534238373686,84.92401657104492,86.64698493893854,2.036391360797708,1.9177858556376248,84.92401657104492,2.410932302277282,87.3349488733222,82.51308426876763,89.74588117559948,80.10215196649035,BIRLACABLE.BO,2023-08-21 12:13:24.498214
460,2021-09-20 00:00:00+05:30,84.09249619778669,86.5672607421875,84.09249619778669,86.5672607421875,7736,0.0,0.0,2021-09-20,84.09526642378945,82.47992190045338,65.79610962677847,45.36964906142312,83.19397294510061,84.16178894042969,84.53380138301719,1.615344523336077,1.888134479347604,84.16178894042969,2.808126800544528,86.96991574097422,81.35366213988516,89.77804254151874,78.54553533934063,BIRLACABLE.BO,2023-08-21 12:13:24.498214
461,2021-09-17 00:00:00+05:30,85.13189473304357,85.13189473304357,81.17227172220433,82.45915222167969,6405,0.0,0.0,2021-09-17,83.64581291135345,82.15293479311465,59.613614265207175,47.1531177963537,82.83889001909145,,83.51707170343204,1.4928781182387922,1.9563319683504856,,,,,,,BIRLACABLE.BO,2023-08-21 12:13:24.498214
462,2021-09-16 00:00:00+05:30,85.9238247583632,85.9238247583632,83.0530964847706,83.20158386230469,18853,0.0,0.0,2021-09-16,83.86156940038504,82.12843739882945,61.471272033419474,49.73302935531454,82.878862418819,,84.0460314443082,1.7331320015555889,2.0721954308784087,,,,,,,BIRLACABLE.BO,2023-08-21 12:13:24.498214
463,2021-09-15 00:00:00+05:30,82.70662857028222,86.12180039247967,82.70662857028222,85.67634582519531,8900,0.0,0.0,2021-09-15,83.98156677094511,82.04258568175143,68.04307839948818,51.1589923307168,82.84489174055734,,84.46825523530995,1.9389810891936747,2.156961288209114,,,,,,,BIRLACABLE.BO,2023-08-21 12:13:24.498214
464,2021-09-14 00:00:00+05:30,83.20158386230469,84.14199133271765,82.26116883950998,83.20158386230469,13426,0.0,0.0,2021-09-14,83.6734251247178,81.75188487027592,64.52099795791528,52.69464476576538,82.5468439421744,,83.86420994036726,1.9215402544418794,2.2114563379629733,,,,,,,BIRLACABLE.BO,2023-08-21 12:13:24.498214
465,2021-09-13 00:00:00+05:30,85.03290378300296,85.03290378300296,82.21167396080519,83.35005950927734,5121,0.0,0.0,2021-09-13,83.75921444515654,81.63590895091362,64.92450638792101,55.213242242617916,82.47792395058174,,84.19552297939855,2.1233054942429277,2.2839353588432463,,,,,,,BIRLACABLE.BO,2023-08-21 12:13:24.498214
466,2021-09-09 00:00:00+05:30,82.65712971399297,85.62684694922625,82.16217684145408,84.04299926757812,13360,0.0,0.0,2021-09-09,83.83360625168004,81.49877690624452,,57.92557798692064,82.38612020756115,,84.61825471445914,2.334829345435523,2.324092824993326,,,,,,,BIRLACABLE.BO,2023-08-21 12:13:24.498214
467,2021-09-08 00:00:00+05:30,83.5480504159132,86.61675686286401,82.162180795631,85.181396484375,10584,0.0,0.0,2021-09-08,83.79553479424402,81.29523911733781,,60.846554942323586,82.21171188545411,,84.90588243789963,2.5002956769062052,2.3214086948827766,,,,,,,BIRLACABLE.BO,2023-08-21 12:13:24.498214
468,2021-09-07 00:00:00+05:30,85.42887005138061,87.01271775583692,82.85510903520985,83.44905853271484,7762,0.0,0.0,2021-09-07,83.54355994149293,80.98434652797484,,63.99222002175628,81.89911350662032,,84.76812541466194,2.559213413518094,2.276686949376919,,,,,,,BIRLACABLE.BO,2023-08-21 12:13:24.498214
469,2021-09-06 00:00:00+05:30,85.6268492882562,87.60666083249333,83.25107392469529,85.42887115478516,8374,0.0,0.0,2021-09-06,83.56074201581622,80.78716956759564,,66.97011343358612,81.73596139861037,,85.42765885563549,2.773572448220577,2.2060553333416255,,,,,,,BIRLACABLE.BO,2023-08-21 12:13:24.498214
470,2021-09-03 00:00:00+05:30,90.0814282470733,90.0814282470733,84.14199341759594,86.51776885986328,6341,0.0,0.0,2021-09-03,83.22108217236732,80.41583344062047,,69.94452161463221,81.34723405585514,,85.42705270606064,2.8052487317468433,2.0641760546218872,,,,,,,BIRLACABLE.BO,2023-08-21 12:13:24.498214
471,2021-09-02 00:00:00+05:30,83.99350206458415,86.61675383403407,82.40965436209528,86.02281188964844,3561,0.0,0.0,2021-09-02,82.6216845928226,79.92767860708105,,72.62371503807587,80.80296723438059,,84.8816946291593,2.694005985741555,1.8789078853406478,,,,,,,BIRLACABLE.BO,2023-08-21 12:13:24.498214
472,2021-09-01 00:00:00+05:30,85.32987097080299,85.62684571098438,81.37024804775169,83.35005950927734,9408,0.0,0.0,2021-09-01,82.00329781158155,79.44006794447566,,76.69295492799523,80.25350990224713,,84.31113599891472,2.563229867105889,1.6751333602404208,,,,,,,BIRLACABLE.BO,2023-08-21 12:13:24.498214
473,2021-08-31 00:00:00+05:30,84.24097907136023,88.10161306443541,82.80561873339792,85.0823974609375,10254,0.0,0.0,2021-08-31,81.75843204836413,79.12726861929151,,81.48993432756625,79.92755731203343,,84.79167424373341,2.6311634290726147,1.4531092335240539,,,,,,,BIRLACABLE.BO,2023-08-21 12:13:24.498214
474,2021-08-30 00:00:00+05:30,88.89354124591827,89.98243608340921,86.12180206650342,86.71574401855469,6136,0.0,0.0,2021-08-30,81.15407470062351,78.65085831195984,,85.78156567720814,79.38494255951721,,84.64631263513135,2.503216388663674,1.1585956846369136,,,,,,,BIRLACABLE.BO,2023-08-21 12:13:24.498214
475,2021-08-27 00:00:00+05:30,91.56628565354781,91.56628565354781,83.64703932675448,87.11170959472656,6884,0.0,0.0,2021-08-27,80.14286209736329,78.00566745543226,,87.78203409408789,78.61327924803959,,83.61159694341967,2.137194641931032,0.8224405086302236,,,,,,,BIRLACABLE.BO,2023-08-21 12:13:24.498214
476,2021-08-26 00:00:00+05:30,86.12180552552849,87.50767517089844,80.28135973228636,87.50767517089844,9926,0.0,0.0,2021-08-26,78.87579891602451,77.2771840842887,,89.93638469688148,77.71870763259885,,81.86154061776622,1.5986148317358015,0.4937519753050215,,,,,,,BIRLACABLE.BO,2023-08-21 12:13:24.498214
477,2021-08-25 00:00:00+05:30,82.50864114860521,83.35005950927734,82.16217565331449,83.35005950927734,4114,0.0,0.0,2021-08-25,77.3063668696838,76.45874479735993,,93.49638831398966,76.68828999698837,,79.0384733412001,0.8476220723238725,0.21753626119732644,,,,,,,BIRLACABLE.BO,2023-08-21 12:13:24.498214
478,2021-08-24 00:00:00+05:30,75.62880439754592,79.39044189453125,71.86715934817872,79.39044189453125,9472,0.0,0.0,2021-08-24,76.20751366248498,75.90743962040654,,100.0,75.98705110095796,,76.88268025716147,0.30007404207844957,0.060014808415689916,,,,,,,BIRLACABLE.BO,2023-08-21 12:13:24.498214
479,2021-08-23 00:00:00+05:30,79.19245856335108,81.61772458590116,75.43081376063935,75.62879943847656,13394,0.0,0.0,2021-08-23,75.62879943847656,75.62879943847656,,,75.62879943847656,,75.62879943847656,0.0,0.0,,,,,,,BIRLACABLE.BO,2023-08-21 12:13:24.498214
=======
Trading Day,Date,Open,High,Low,Close,Volume,Dividends,Stock Splits,date_only,RollingMean,RollingStd,UpperBand1,LowerBand1,UpperBand2,LowerBand2,CCI_10,CCI_40,OBV,VPT,VPT_signal,VWAP,MFI_14,PP,R1,S1,R2,S2,R3,S3,CMF,%R,macd,macd_signal,macde_histogram,rsi,ADX,sma_5,sma_20,sma_50,sma_100,symbol,created_on
1,2023-08-21 00:00:00+05:30,234.89999389648438,257.3999938964844,234.6999969482422,250.10000610351562,189283,0.0,0.0,2023-08-21,207.39749908447266,28.172325064975585,235.56982414944824,179.22517401949708,263.7421492144238,151.0528489545215,115.54885526659577,178.80116437736825,3102830,625947.7845315032,423416.44473875733,155.83689910817577,88.76461130300572,247.3999989827474,260.1000010172526,237.40000406901044,270.0999959309896,224.70000203450522,282.7999979654948,214.70000712076825,0.23656994264232795,-9.308028476840375,16.338107652704622,13.517675850345125,2.820431802359497,68.43431235820897,46.8101928765072,234.0800018310547,207.39749908447266,188.69999877929686,161.70449951171875,BIRLACABLE.BO,2023-08-21 22:00:56.791212
2,2023-08-18 00:00:00+05:30,234.9499969482422,241.89999389648438,230.0500030517578,231.6999969482422,38460,0.0,0.0,2023-08-18,203.3749984741211,27.489402657413287,230.86440113153438,175.88559581670782,258.3538037889477,148.3961931592945,38.97915852289075,158.43283622619697,2913547,117827.89028508354,372783.60979057086,154.70456334747723,88.09247499682434,234.54999796549478,239.04999287923175,227.2000020345052,246.39998881022134,222.70000712076822,250.89998372395831,215.35001118977863,0.22528709380786582,-31.843248430437963,15.234146112100461,12.812567899755248,2.4215782123452136,63.05008290723049,45.9442038263681,230.38999938964844,203.3749984741211,187.04799865722657,160.515499420166,BIRLACABLE.BO,2023-08-21 22:00:56.791212
3,2023-08-17 00:00:00+05:30,235.0500030517578,237.9499969482422,228.5,230.60000610351562,64758,0.0,0.0,2023-08-17,200.2624984741211,27.637241251366596,227.89973972548768,172.6252572227545,255.5369809768543,144.98801597138788,41.97426107645619,170.0926983694241,2875087,197453.8179387539,436522.53966694267,154.51617352786386,85.94388084751736,232.3500010172526,236.2000020345052,226.750005086263,241.79999796549478,222.9000040690104,245.64999898274738,217.30000813802081,0.2328654794879044,-33.19045078363637,15.402042524465998,12.207173346668943,3.194869177797054,62.6968640949345,45.59394646850741,231.72999877929686,200.2624984741211,185.47399871826173,159.4719994354248,BIRLACABLE.BO,2023-08-21 22:00:56.791212
4,2023-08-16 00:00:00+05:30,228.9499969482422,246.89999389648438,222.64999389648438,236.9499969482422,48865,0.0,0.0,2023-08-16,197.17999801635742,27.513247696089298,224.69324571244672,169.6667503202681,252.206493408536,142.15350262417883,62.23578320588833,207.6554303469839,2939845,153097.25510445182,496289.72009898984,154.20142631424164,88.8620440625385,235.49999491373697,248.34999593098956,224.09999593098956,259.74999491373694,211.24999491373697,272.59999593098956,199.84999593098956,0.24834700459692385,-25.413365501685195,15.491968960998491,11.40845605221968,4.083512908778811,66.08309927560116,45.38669014080268,236.0199981689453,197.17999801635742,183.8899984741211,158.43899940490724,BIRLACABLE.BO,2023-08-21 22:00:56.791212
5,2023-08-14 00:00:00+05:30,225.0500030517578,231.14999389648438,214.5500030517578,221.0500030517578,90521,0.0,0.0,2023-08-14,193.75249786376952,26.551120358083125,220.30361822185264,167.2013775056864,246.85473857993577,140.65025714760327,29.69227451748726,176.34243259528415,2890980,264577.3498298872,582087.8363476243,153.94231147038496,89.13416182223038,222.25,229.9499969482422,213.35000610351562,238.84999084472656,205.65000915527344,246.54998779296875,196.75001525878906,0.24407763723518727,-39.11419891205011,14.74699736153292,10.387577825024977,4.359419536507943,61.21225114585262,45.16349101865912,231.5799987792969,193.75249786376952,182.14499847412108,157.38549949645997,BIRLACABLE.BO,2023-08-21 22:00:56.791212
6,2023-08-11 00:00:00+05:30,233.0500030517578,251.0,230.0,231.64999389648438,45990,0.0,0.0,2023-08-11,191.19499740600585,26.245049495406892,217.44004690141276,164.94994791059895,243.68509639681963,138.70489841519208,82.7716125401472,282.2497871848584,2981501,140866.75047600004,661465.4579770585,153.5507660978445,92.88247623426369,237.54999796549478,245.09999593098956,224.09999593098956,258.54999796549475,216.54999796549478,266.09999593098956,203.09999593098956,0.25365698379742424,-27.80151004995502,15.135677101090153,9.297722940897991,5.837954160192162,67.18515931063108,45.644104407485294,232.4499969482422,191.19499740600585,180.72199829101564,156.49749946594238,BIRLACABLE.BO,2023-08-21 22:00:56.791212
7,2023-08-10 00:00:00+05:30,257.1499938964844,257.25,233.14999389648438,238.39999389648438,276005,0.0,0.0,2023-08-10,188.06499786376952,24.86289343424291,212.92789129801244,163.2021044295266,237.79078473225533,138.3392109952837,121.22852878938278,374.9067122391445,3027491,870033.5163845448,791615.134852323,153.3185673367526,94.63491793127386,242.9333292643229,252.71666463216144,228.61665852864581,267.0333353678385,218.83332316080728,276.81667073567706,204.5166524251302,0.27511822414598996,-20.59766893936285,14.360038016253355,7.838234400849949,6.521803615403407,71.29896662058769,44.04861928145594,223.68999938964845,188.06499786376952,179.1299984741211,155.52099952697753,BIRLACABLE.BO,2023-08-21 22:00:56.791212
8,2023-08-09 00:00:00+05:30,218.0,257.70001220703125,217.3000030517578,252.0500030517578,566920,0.0,0.0,2023-08-09,184.5849983215332,22.17208556975948,206.75708389129267,162.41291275177372,228.92916946105214,140.24082718201424,171.82828176798108,466.3438772288809,3303496,1889388.5502750098,772010.5394692675,151.77288400411138,93.78243036948791,242.35000610351562,267.40000915527344,227.0,282.75001525878906,201.9499969482422,307.8000183105469,186.59999084472656,0.3830065568924922,-6.029891589330509,12.484635884662964,6.207783496999097,6.276852387663867,80.5618023752307,41.83261511839022,213.18000183105468,184.5849983215332,177.45399871826172,154.51599952697754,BIRLACABLE.BO,2023-08-21 22:00:56.791212
9,2023-08-08 00:00:00+05:30,235.5,236.35000610351562,212.3000030517578,214.75,255981,0.0,0.0,2023-08-08,180.4674980163574,15.680001374720012,196.14749939107742,164.7874966416374,211.82750076579742,149.1074952669174,181.0753264832954,392.88193739716286,2736576,726864.900119422,492666.03676783177,147.88593798089983,90.8528517338977,221.13333638509116,229.9666697184245,205.91666666666669,245.18333943684897,197.08333333333334,254.0166727701823,181.86666361490887,0.22560347671888487,-29.85487806678435,8.550072619309532,4.638570400083131,3.911502219226401,71.00294054627219,39.446149096627146,200.11000061035156,180.4674980163574,175.40999877929687,153.3694994354248,BIRLACABLE.BO,2023-08-21 22:00:56.791212
10,2023-08-07 00:00:00+05:30,198.3000030517578,225.39999389648438,198.3000030517578,225.39999389648438,569987,0.0,0.0,2023-08-07,178.42999801635742,13.48468308947199,191.9146811058294,164.94531492688543,205.3993641953014,151.46063183741344,275.72854666550063,415.0510347510752,2992557,1698758.5056878903,434116.3209299342,146.69482273378162,88.68718435426642,216.36666361490884,234.43332417805988,207.33333333333331,243.4666544596354,189.26667277018228,261.53331502278644,180.23334248860675,0.4189094187207599,-0.0,7.0565779419573005,3.6606948452765304,3.39588309668077,81.64810550195867,37.49029419662354,193.73999938964843,178.42999801635742,174.21099884033202,152.62849937438966,BIRLACABLE.BO,2023-08-21 22:00:56.791212
11,2023-08-04 00:00:00+05:30,186.0500030517578,196.8000030517578,186.0500030517578,187.85000610351562,67303,0.0,0.0,2023-08-04,175.92999801635742,7.721798585254938,183.65179660161235,168.20819943110249,191.3735951868673,160.48640084584753,101.76002139141946,158.38331680291245,2422570,167170.0338317522,117955.77474044511,143.44395572849487,73.68435369644186,190.23333740234375,194.4166717529297,183.6666717529297,200.98333740234375,179.48333740234375,205.1666717529297,172.9166717529297,-0.03195263240368412,-27.286573522933075,3.98867129793652,2.8117240711063376,1.1769472268301824,63.955586246769165,35.824205377590495,186.53999938964844,175.92999801635742,172.85099884033204,151.73849937438965,BIRLACABLE.BO,2023-08-21 22:00:56.791212
12,2023-08-03 00:00:00+05:30,176.0500030517578,191.5,176.0500030517578,185.85000610351562,54431,0.0,0.0,2023-08-03,175.23499755859376,7.2004042033458315,182.4354017619396,168.03459335524792,189.6358059652854,160.8341891519021,53.20542442877993,91.56189616605684,2355267,133758.59140075019,105652.20996761831,143.22631966968365,71.29227630629893,184.46666971842447,192.88333638509113,177.43333943684894,199.91666666666666,169.01667277018228,208.33333333333331,161.98334248860675,-0.0006795687969493365,-26.67783937617161,3.6984915697032363,2.517487264398792,1.1810043053044446,62.150908760244725,36.08258021530758,185.10999755859376,175.23499755859376,172.0589987182617,151.25999931335448,BIRLACABLE.BO,2023-08-21 22:00:56.791212
13,2023-07-28 00:00:00+05:30,189.60000610351562,189.60000610351562,184.75,186.6999969482422,8678,0.0,0.0,2023-07-28,174.9124969482422,6.83512310115912,181.74762004940132,168.07737384708307,188.58274315056042,161.24225074592397,88.79172264830598,123.92402038966522,2409698,21422.825504916993,98625.61460933533,143.05669991272015,76.68911923448475,187.01666768391928,189.28333536783856,184.43332926432294,191.8666737874349,182.16666158040366,194.13334147135419,179.5833231608073,-0.06580260051639908,-23.82552139737723,3.4679055302273127,2.2222361880726806,1.245669342154632,63.40370522468716,37.01871257658237,184.38999633789064,174.9124969482422,171.3219985961914,150.72599922180177,BIRLACABLE.BO,2023-08-21 22:00:56.791212
14,2023-07-26 00:00:00+05:30,187.4499969482422,187.4499969482422,182.5,182.89999389648438,15594,0.0,0.0,2023-07-26,174.71749725341797,6.529956665510068,181.24745391892804,168.1875405879079,187.77741058443812,161.65758392239783,84.50117270757163,95.06531579671686,2401020,37712.386366016246,117926.3118854399,143.02899275739375,72.87189709251984,184.28333028157553,186.06666056315106,181.11666361490887,189.23332722981772,179.33333333333334,191.01665751139325,176.16666666666669,-0.0792119573872928,-36.57720818464976,3.0364302823990386,1.9108188525340224,1.1256114298650162,60.06173801078334,35.74683592443023,183.29999694824218,174.71749725341797,170.4339987182617,150.22899925231934,BIRLACABLE.BO,2023-08-21 22:00:56.791212
15,2023-07-24 00:00:00+05:30,178.85000610351562,193.8000030517578,178.85000610351562,189.39999389648438,91727,0.0,0.0,2023-07-24,174.53249740600586,6.335453293900938,180.8679506999068,168.19704411210492,187.20340399380774,161.86159081820398,142.4698096676377,127.60173197465431,2416614,229715.3117480824,137979.79326529583,142.98345568130983,67.09727797829524,187.3500010172526,195.84999593098956,180.89999898274738,202.29999796549478,172.4000040690104,210.79999287923175,165.9500020345052,-0.08021989249353746,-14.765129881467896,2.8122474204677417,1.6294159950677682,1.1828314253999734,70.25154682566301,34.58462994001558,180.6699981689453,174.53249740600586,169.4289987182617,149.81299934387206,BIRLACABLE.BO,2023-08-21 22:00:56.791212
16,2023-07-21 00:00:00+05:30,182.25,186.5,177.9499969482422,180.6999969482422,60053,0.0,0.0,2023-07-21,174.06249771118163,5.463055530239129,179.52555324142077,168.5994421809425,184.9886087716599,163.13638665070337,132.25665611829334,73.68088813254248,2324887,143484.71742646757,115045.91364459918,142.66951478470676,58.87110305292421,181.71666463216147,185.48333231608075,176.93332926432294,190.26666768391928,173.16666158040366,194.03333536783856,168.38332621256512,-0.16378990307393265,-29.38688685782418,1.842464098442548,1.333708138717775,0.508755959724773,62.30280505167665,33.333023495261344,176.5199981689453,174.06249771118163,168.29399871826172,149.35649940490723,BIRLACABLE.BO,2023-08-21 22:00:56.791212
17,2023-07-20 00:00:00+05:30,181.3000030517578,187.64999389648438,180.10000610351562,182.25,56056,0.0,0.0,2023-07-20,174.11499786376953,5.534773845050389,179.6497717088199,168.58022401871915,185.18454555387032,163.04545017366874,244.6711451025522,89.9595738288335,2384940,135083.54060691939,107936.21269913205,142.50036484578953,64.10007849169426,183.33333333333334,186.56666056315106,179.0166727701823,190.8833211263021,175.7833455403646,194.1166483561198,171.46668497721356,-0.1254014731770169,-22.83296105749565,1.4297493310789662,1.2065191487865816,0.22323018229238456,65.18420910327703,32.759608924193934,174.30999755859375,174.11499786376953,167.32199890136718,148.9624994659424,BIRLACABLE.BO,2023-08-21 22:00:56.791212
18,2023-07-19 00:00:00+05:30,165.0500030517578,182.5,164.0,181.25,135548,0.0,0.0,2023-07-19,173.97249755859374,5.347835299254305,179.32033285784806,168.62466225933943,184.66816815710234,163.27682696008515,305.9324717428038,28.616482273170103,2328884,324850.7867692117,101149.3807221852,142.33464772587448,55.06442001759244,175.91666666666666,187.83333333333331,169.33333333333331,194.41666666666666,157.41666666666666,206.33333333333331,150.83333333333331,-0.10399468280853424,-12.658227848101266,0.7270346794164197,1.1507116032134854,-0.4236769237970657,64.19210094430878,31.49929908523199,171.7499969482422,173.97249755859374,166.26199890136718,148.51849952697754,BIRLACABLE.BO,2023-08-21 22:00:56.791212
19,2023-07-17 00:00:00+05:30,169.1999969482422,172.39999389648438,168.5500030517578,169.75,19961,0.0,0.0,2023-07-17,173.79749755859376,5.1507919078486,178.94828946644236,168.64670565074516,184.09908137429096,163.49591374289656,48.53065864958487,-14.023496729546642,2193336,44802.770573614944,45224.029210428576,141.93834545371863,29.387627109413188,170.23333231608072,171.91666158040363,168.06667073567706,174.08332316080728,166.38334147135416,175.7666524251302,164.2166798909505,-0.4081102192039063,-81.63268211348984,-0.08518384702148296,1.256630834162752,-1.3418146811842349,48.52999676462875,30.737044302596775,169.2899963378906,173.79749755859376,165.21999877929687,148.09749946594238,BIRLACABLE.BO,2023-08-21 22:00:56.791212
20,2023-07-14 00:00:00+05:30,168.5500030517578,170.0500030517578,166.9499969482422,168.64999389648438,11174,0.0,0.0,2023-07-14,174.37749786376952,5.321320720684946,179.69881858445447,169.05617714308457,185.02013930513942,163.73485642239962,-97.53024190556916,-23.67681586586826,2173375,24917.690691789187,45329.34386963198,141.89657459639838,36.27118271860576,168.54999796549478,170.14999898274738,167.04999287923175,171.6500040690104,165.44999186197916,173.250005086263,163.94998677571613,-0.4583405615755002,-91.06759012826028,0.008796734236398152,1.5920845044588106,-1.5832877702224124,46.44961007343239,31.642732378078286,169.0199951171875,174.37749786376952,164.40599884033202,147.80549949645996,BIRLACABLE.BO,2023-08-21 22:00:56.791212
21,2023-07-10 00:00:00+05:30,169.75,172.5500030517578,168.5,169.64999389648438,7904,0.0,0.0,2023-07-10,175.25249786376952,5.751372793472631,181.00387065724215,169.5011250702969,186.75524345071477,163.74975227682427,-26.1489777133791,-7.7165503621850755,2184549,17730.19751356276,50432.257164092676,141.87406241793076,34.29657576072677,170.23333231608072,171.96666463216144,167.91666158040363,174.28333536783853,166.1833292643229,176.01666768391925,163.86665852864581,-0.4551819039847445,-86.7102910739064,0.23732100779554344,1.9879064470144134,-1.75058543921887,48.09047006095644,33.18057931024032,169.2699951171875,175.25249786376952,163.63699890136718,147.52499961853027,BIRLACABLE.BO,2023-08-21 22:00:56.791212
22,2023-07-07 00:00:00+05:30,172.6999969482422,173.35000610351562,167.6999969482422,169.4499969482422,29127,0.0,0.0,2023-07-07,176.15249786376953,6.217959338451884,182.37045720222142,169.93453852531763,188.58841654067328,163.71657918686577,-37.394862215836696,-3.882629138006551,2176645,65260.457626681,58607.77207672516,141.8575198205218,29.352907652145618,170.16666666666666,172.63333638509113,166.9833272298177,175.8166758219401,164.51665751139322,178.28334554036456,161.33331807454425,-0.30563106408560153,-87.58173758735575,0.4278207064009223,2.4255528068191308,-1.9977321004182085,47.74767036944065,34.33430315456559,169.14999694824218,176.15249786376953,162.83299896240234,147.2319997406006,BIRLACABLE.BO,2023-08-21 22:00:56.791212
23,2023-06-30 00:00:00+05:30,169.10000610351562,171.8000030517578,168.1999969482422,168.9499969482422,16494,0.0,0.0,2023-06-30,176.74749832153321,6.111281245812541,182.85877956734575,170.63621707572068,188.97006081315828,164.52493582990815,-56.94418088972213,-3.7303942273397688,2147518,36846.56202867846,56944.60068923619,141.79682819119563,30.96600047660776,169.6499989827474,171.10000101725262,167.499994913737,173.25000508626303,166.04999287923178,174.70000712076825,163.89998881022137,-0.317037900041673,-89.76038711453269,0.6849325850270418,2.9249858319236828,-2.240053246896641,46.93415885532459,35.57677498691587,169.0199981689453,176.74749832153321,162.05599914550783,146.99599983215333,BIRLACABLE.BO,2023-08-21 22:00:56.791212
24,2023-06-28 00:00:00+05:30,170.85000610351562,171.6999969482422,168.0,168.39999389648438,13162,0.0,0.0,2023-06-28,177.3249984741211,5.876883901751353,183.20188237587243,171.44811457236975,189.0787662776238,165.57123067061838,-72.41874215068826,-0.8150098126876456,2131024,29307.363545663837,61969.11035437562,141.7629648239701,27.220334772554097,169.36666361490884,170.7333272298177,167.0333302815755,173.06666056315103,165.66666666666666,174.43332417805988,163.33333333333331,-0.2536016749726718,-92.15691489184874,1.0529783601616316,3.4849991436478427,-2.432020783486211,46.076641373622856,37.24914044305809,169.1699981689453,177.3249984741211,161.28499908447264,146.68699989318847,BIRLACABLE.BO,2023-08-21 22:00:56.791212
25,2023-06-27 00:00:00+05:30,170.0,173.4499969482422,169.0,169.89999389648438,23167,0.0,0.0,2023-06-27,177.61749877929688,5.545535443907588,183.16303422320448,172.07196333538928,188.70856966711204,166.52642789148172,-67.71575763803952,11.95886640603421,2144186,52044.633629307085,70134.54705655357,141.73642954103488,25.259887681191074,170.78333028157553,172.56666056315106,168.11666361490887,175.23332722981772,166.33333333333334,177.01665751139325,163.66666666666669,-0.25325118383987916,-85.62096631031794,1.5624012309970112,4.093004339519395,-2.530603108522384,48.0427130222792,39.071310204681474,170.28999938964844,177.61749877929688,160.55299926757812,146.36499992370605,BIRLACABLE.BO,2023-08-21 22:00:56.791212
26,2023-06-26 00:00:00+05:30,168.8000030517578,170.6999969482422,166.60000610351562,169.0500030517578,18910,0.0,0.0,2023-06-26,177.91499938964844,5.262080438644739,183.1770798282932,172.6529189510037,188.43916026693793,167.39083851235895,-112.3970880357237,5.800827014731591,2121019,42268.75980372085,74657.02541336519,141.68696025563284,18.685281577511077,168.78333536783853,170.96666463216144,166.86667378743488,172.8833262125651,164.68334452311197,175.066655476888,162.76668294270831,-0.2712828707508176,-89.32463061425443,2.0432168575817684,4.725655116649991,-2.6824382590682223,46.8493569924247,40.766780862588,171.38999938964844,177.91499938964844,159.7739993286133,146.08700004577636,BIRLACABLE.BO,2023-08-21 22:00:56.791212
27,2023-06-23 00:00:00+05:30,171.89999389648438,171.89999389648438,166.60000610351562,168.8000030517578,24454,0.0,0.0,2023-06-23,178.24249954223632,4.870568037539399,183.1130675797757,173.37193150469693,187.98363561731512,168.50136346715752,-138.67337744572723,11.154324852554215,2102109,54580.20364300048,82754.09181577628,141.6476724972607,27.84531962060703,169.1000010172526,171.59999593098956,166.30000813802081,174.39998881022134,163.80001322428384,176.89998372395831,161.00002034505206,-0.29194323467934935,-90.41395537784291,2.711559949696209,5.396264681417047,-2.6847047317208377,46.513850211583645,43.132688366499536,172.3699981689453,178.24249954223632,159.03099914550782,145.84450004577636,BIRLACABLE.BO,2023-08-21 22:00:56.791212
28,2023-06-22 00:00:00+05:30,174.4499969482422,174.4499969482422,167.8000030517578,169.6999969482422,63736,0.0,0.0,2023-06-22,178.84249954223634,4.3583332846774585,183.2008328269138,174.48416625755888,187.55916611159125,170.12583297288143,-162.98631971830076,21.303338603786916,2126563,143014.28934214285,89797.56385897023,141.5971638806912,45.25114002788006,170.6499989827474,173.499994913737,166.85000101725262,177.29999287923178,164.00000508626303,180.14998881022137,160.20000712076825,-0.2641474415734807,-91.77491493717142,3.5507786062715923,6.067440864347256,-2.516662258075664,47.51651361686752,45.68058875532734,174.48999633789063,178.84249954223634,158.3209991455078,145.62500007629396,BIRLACABLE.BO,2023-08-21 22:00:56.791212
29,2023-06-21 00:00:00+05:30,176.25,177.60000610351562,173.1999969482422,174.0,12037,0.0,0.0,2023-06-21,179.02749938964843,4.0148233659659835,183.0423227556144,175.01267602368245,187.0571461215804,170.99785265771646,-134.10299190316408,41.736186779971035,2190299,27693.65659048722,76493.38248817707,141.46024791613803,53.17870377154904,174.93333435058594,176.6666717529297,172.26666259765625,179.33334350585938,170.5333251953125,181.06668090820312,167.8666534423828,-0.25877422078707285,-91.351318359375,4.482797356986708,6.696606428866171,-2.2138090718794627,52.54126607114228,48.14622360536618,177.10999755859376,179.02749938964843,157.59099914550782,145.40700004577636,BIRLACABLE.BO,2023-08-21 22:00:56.791212
30,2023-06-20 00:00:00+05:30,177.75,178.0,172.39999389648438,175.39999389648438,22277,0.0,0.0,2023-06-20,179.00999908447267,4.038583757370838,183.0485828418435,174.97141532710182,187.08716659921436,170.93283156973098,-184.60970619554578,45.63843859528041,2202336,51665.3139153771,88693.31396259952,141.43028035063284,63.20248053259045,175.26666259765625,178.13333129882812,172.5333251953125,180.86666870117188,169.66665649414062,183.73333740234375,166.93331909179688,-0.3161664839214316,-83.78378378378379,5.184657466714214,7.250058696836037,-2.0654012301218234,54.27649506110127,49.409272599407515,178.14999694824218,179.00999908447267,156.7109991455078,145.14000007629394,BIRLACABLE.BO,2023-08-21 22:00:56.791212
31,2023-06-19 00:00:00+05:30,183.75,183.75,173.0,173.9499969482422,25782,0.0,0.0,2023-06-19,179.18749923706054,3.9485797130531717,183.1360789501137,175.23891952400737,187.0846586631669,171.29033981095418,-154.36539987020134,54.52396620613594,2180059,59299.88119099944,97950.31397440512,141.3722829669445,62.535458873301344,176.8999989827474,180.7999979654948,170.0499979654948,187.6499989827474,166.1499989827474,191.5499979654948,159.2999979654948,-0.11891325091641247,-93.90586377484944,5.86681748910982,7.7664090043664915,-1.8995915152566711,52.776571744438904,50.7694792083751,179.06999816894532,179.18749923706054,155.72499923706056,144.86900016784668,BIRLACABLE.BO,2023-08-21 22:00:56.791212
32,2023-06-16 00:00:00+05:30,183.3000030517578,183.64999389648438,179.0,179.39999389648438,36807,0.0,0.0,2023-06-16,178.86499938964843,4.607319339438203,183.47231872908662,174.25768005021024,188.07963806852484,169.65036071077202,-50.81741618754706,71.44074548402104,2205841,87310.33183621458,107612.92217025653,141.3077835160596,66.56814409471698,180.6833292643229,182.36665852864581,177.71666463216144,185.33332316080728,176.03333536783853,187.0166524251302,173.06667073567706,-0.05295545293716077,-63.71195444508692,6.794100588608188,8.241306883180659,-1.4472062945724709,59.600301447264485,52.07728820146485,180.62999877929687,178.86499938964843,154.73699935913086,144.6030002593994,BIRLACABLE.BO,2023-08-21 22:00:56.791212
33,2023-06-15 00:00:00+05:30,179.0,189.5500030517578,179.0,182.8000030517578,51397,0.0,0.0,2023-06-15,177.5449996948242,7.388413506911449,184.93341320173568,170.15658618791275,192.3218267086471,162.76817268100132,41.57334117428661,86.45509078167659,2242648,124230.07936935808,112688.56975376699,141.1998106387739,67.74152256644344,183.78333536783853,188.56667073567706,178.01666768391925,194.33333841959634,173.23333231608072,199.11667378743488,167.46666463216144,-0.024527640525702103,-44.87532588737738,7.341620909145064,8.603108456823776,-1.261487547678712,64.42575197316066,51.75610226922441,180.62999877929687,177.5449996948242,153.55499954223632,144.28150032043456,BIRLACABLE.BO,2023-08-21 22:00:56.791212
34,2023-06-14 00:00:00+05:30,178.5500030517578,182.75,178.0,179.1999969482422,30310,0.0,0.0,2023-06-14,175.97499923706056,9.301478852423084,185.27647808948365,166.67352038463747,194.57795694190673,157.37204153221438,-70.849766773806,77.39064343542584,2191251,71818.56578220248,109803.19234986922,141.03449894437867,66.86747439712505,179.98333231608072,181.96666463216144,177.21666463216144,184.73333231608072,175.23333231608072,186.71666463216144,172.46666463216144,-0.025235750328913408,-62.2340667296498,7.596526767735071,8.918480343743454,-1.321953576008383,61.34902649200358,51.410209726811615,179.6199981689453,175.97499923706056,152.31199951171874,143.95000022888183,BIRLACABLE.BO,2023-08-21 22:00:56.791212
35,2023-06-13 00:00:00+05:30,181.9499969482422,183.10000610351562,178.64999389648438,180.0,43260,0.0,0.0,2023-06-13,174.49999923706054,10.955160531240379,185.45515976830092,163.54483870582015,196.4103202995413,152.58967817457977,-29.670819942810887,84.14165838120347,2221561,102960.77761137158,119299.3489917859,140.9448497727258,67.66012896358833,180.58333333333334,182.5166727701823,178.06666056315106,185.0333455403646,176.1333211263021,186.96668497721356,173.6166483561198,-0.01913060422844259,-57.97872858492496,8.16233067615886,9.248968737745548,-1.0866380615866884,62.46379368638432,51.69910290962003,180.05,174.49999923706054,151.22199951171876,143.64900032043457,BIRLACABLE.BO,2023-08-21 22:00:56.791212
36,2023-06-12 00:00:00+05:30,179.85000610351562,183.75,178.5500030517578,181.75,36618,0.0,0.0,2023-06-12,172.99499893188477,12.160992512802123,185.1559914446869,160.83400641908264,197.31698395748901,148.67301390628052,-1.8963457936364794,92.28635506800698,2264821,87999.8300834335,123383.99183688946,140.8134747872117,76.13580300518569,181.3500010172526,184.14999898274738,178.9500020345052,186.54999796549478,176.1500040690104,189.34999593098956,173.750005086263,-0.01961513868728459,-48.670211902512506,8.684271278419885,9.52062825314222,-0.8363569747223352,64.85766723863125,51.80856140628661,181.27999877929688,172.99499893188477,150.0979995727539,143.34900032043458,BIRLACABLE.BO,2023-08-21 22:00:56.791212
37,2023-06-09 00:00:00+05:30,179.6999969482422,182.0500030517578,178.14999389648438,179.39999389648438,14836,0.0,0.0,2023-06-09,171.50999908447267,12.830562519587279,184.34056160405996,158.67943656488538,197.17112412364722,145.84887404529812,-26.811141827961432,92.74273172364623,2228203,35192.65582965413,132230.03227525344,140.69658089850395,80.9448963279013,179.86666361490884,181.58333333333331,177.68332417805988,183.76667277018228,175.9666544596354,185.48334248860675,173.78331502278644,-0.0411767137390172,-48.01670757976461,9.04858506042956,9.729717496822802,-0.6811324363932432,63.09400721009496,51.92643978731215,182.45999755859376,171.50999908447267,148.98899963378906,143.00900032043458,BIRLACABLE.BO,2023-08-21 22:00:56.791212
38,2023-06-08 00:00:00+05:30,181.35000610351562,187.14999389648438,177.1999969482422,177.75,43962,0.0,0.0,2023-06-08,170.2699996948242,13.220373494938146,183.49037318976235,157.04962619988606,196.7107466847005,143.82925270494792,-4.566781848026692,102.08755703272503,2213367,103323.6750816974,156489.37638665325,140.65175231320035,84.18932538067978,180.6999969482422,184.1999969482422,174.25,190.64999389648438,170.75,194.14999389648438,164.3000030517578,-0.025399826776583038,-42.07998046875,9.609357320918008,9.900000605921113,-0.2906432850031049,61.84558798139564,52.21291759017892,182.85,170.2699996948242,147.86399978637695,142.7330004119873,BIRLACABLE.BO,2023-08-21 22:00:56.791212
39,2023-06-07 00:00:00+05:30,186.5,188.0,181.0,181.35000610351562,58333,0.0,0.0,2023-06-07,168.875,13.846702975038887,182.72170297503888,155.02829702496112,196.56840595007776,141.18159404992224,60.365508080403586,119.37693883411723,2257329,139876.47542444558,169780.8017128922,140.52398701552252,86.58059380121736,183.45000203450522,185.90000406901044,178.90000406901044,190.45000203450522,176.45000203450522,192.90000406901044,171.90000406901044,-0.003305048677713285,-23.964843129273945,10.344218821183233,9.97266142717189,0.3715573940113437,66.39587204135327,52.52143214711236,183.4,168.875,146.75199981689454,142.45950035095214,BIRLACABLE.BO,2023-08-21 22:00:56.791212
40,2023-06-06 00:00:00+05:30,187.6999969482422,189.5,184.35000610351562,186.14999389648438,51952,0.0,0.0,2023-06-06,167.5474998474121,13.860445635366261,181.40794548277836,153.68705421204584,195.26839111814462,139.82660857667958,137.6600835773532,139.7654284493099,2315662,127872.77538072437,177256.88328500386,140.3365641372489,91.64935556471008,186.66666666666666,188.9833272298177,183.83333333333331,191.81666056315103,181.51667277018228,194.13332112630206,178.68333943684894,0.012412411144116214,-11.91970160923783,10.773787582976752,9.879772078669053,0.8940155043076992,73.0502176600964,51.85712825310735,181.97999877929686,167.5474998474121,145.56599975585937,142.13600028991698,BIRLACABLE.BO,2023-08-21 22:00:56.791212
41,2023-06-05 00:00:00+05:30,181.64999389648438,190.89999389648438,180.8000030517578,187.64999389648438,139561,0.0,0.0,2023-06-05,166.1099998474121,13.309510011516066,179.41950985892817,152.80048983589603,192.72901987044423,139.49097982437996,196.44752799885384,147.41658603783515,2367614,346278.4150036855,189602.91026107373,140.14848283397478,90.23594842442819,186.4499969482422,192.09999084472656,182.0,196.54998779296875,176.35000610351562,202.19998168945312,171.90000915527344,0.04570303810470594,-7.665095443019571,10.687800494102248,9.656268202592127,1.0315322915101213,75.23832556243744,50.18625326608692,179.9200012207031,166.1099998474121,144.35899993896484,141.79650032043457,BIRLACABLE.BO,2023-08-21 22:00:56.791212
42,2023-06-02 00:00:00+05:30,181.89999389648438,184.0500030517578,180.64999389648438,181.35000610351562,38626,0.0,0.0,2023-06-02,164.1400001525879,12.861833284136754,177.00183343672467,151.27816686845114,189.8636667208614,138.4163335843144,126.41337270297316,138.0707317927494,2228053,92621.13623068648,150434.03407542076,139.61877273925657,86.52668788842726,182.01666768391928,183.38334147135419,179.98333231608075,185.41667683919272,178.61665852864584,186.78335062662762,176.5833231608073,0.005854824738790404,-13.666219530045375,10.268047319799251,9.398385129714596,0.8696621900846555,71.96309483354798,48.386849433911074,177.51000366210937,164.1400001525879,143.11300003051758,141.50700035095215,BIRLACABLE.BO,2023-08-21 22:00:56.791212
43,2023-06-01 00:00:00+05:30,174.39999389648438,186.5500030517578,173.9499969482422,180.5,147070,0.0,0.0,2023-06-01,162.52249984741212,12.615398919770861,175.13789876718297,149.90710092764127,187.75329768695383,137.2917020078704,80.48608907979478,138.85568023684849,2189427,351005.63802543376,164887.2585366043,139.48957641143076,83.87641881979404,180.33333333333334,186.7166697184245,174.11666361490887,192.93333943684897,167.73332722981772,199.31667582194012,161.51665751139325,-0.0016367000812363317,-15.9001381511803,10.195512927464279,9.18096958219343,1.014543345270848,71.49065907584352,46.768647255932024,177.4000030517578,162.52249984741212,142.01099990844727,141.31700035095216,BIRLACABLE.BO,2023-08-21 22:00:56.791212
44,2023-05-31 00:00:00+05:30,176.60000610351562,178.14999389648438,172.85000610351562,174.25,30528,0.0,0.0,2023-05-31,160.6125,12.642065089395704,173.25456508939573,147.9704349106043,185.8966301787914,135.3283698212086,35.530912680046825,125.41251709573483,2042357,70337.01499291128,118357.66366439693,139.0003866531867,81.26729856941822,175.08333333333334,177.31666056315106,172.0166727701823,180.3833211263021,169.7833455403646,182.6166483561198,166.71668497721356,0.0009414101812581345,-27.259874464110375,10.031882178874639,8.92733374587572,1.1045484329989197,67.78421149754558,45.0259679873392,175.9800018310547,160.6125,140.90199996948243,140.89150032043457,BIRLACABLE.BO,2023-08-21 22:00:56.791212
45,2023-05-30 00:00:00+05:30,176.0,183.89999389648438,175.1999969482422,175.85000610351562,41405,0.0,0.0,2023-05-30,158.53249969482422,13.661329789465798,172.19382948429003,144.8711699053584,185.85515927375582,131.20984011589263,65.48008098667303,147.6302708625807,2072885,96273.7681514985,130362.82583226833,138.91289061626196,83.16313677298717,178.31666564941406,181.43333435058594,172.73333740234375,187.01666259765625,169.61666870117188,190.13333129882812,164.03334045410156,0.014118535806092515,-22.74008243195829,10.285917323803432,8.651196637625988,1.6347206861774435,69.94587491800323,43.618331144384186,175.86000061035156,158.53249969482422,139.95,140.50050025939942,BIRLACABLE.BO,2023-08-21 22:00:56.791212
46,2023-05-26 00:00:00+05:30,182.14999389648438,182.14999389648438,174.5,175.60000610351562,23883,0.0,0.0,2023-05-26,156.37249908447265,14.1843181127796,170.55681719725226,142.18818097169304,184.74113531003184,128.00386285891346,71.75433704836222,155.2659216271866,2031480,55453.14717288269,138885.09025246077,138.78811894560727,83.12410889514263,177.41666666666666,180.33333333333331,172.68333943684894,185.06666056315103,169.76667277018228,187.9833272298177,165.03334554036456,0.05445732656841997,-23.3380440609868,10.297735698800807,8.242516466081627,2.05521923271918,69.80616955451707,41.41592755444259,176.47999877929686,156.37249908447265,139.055,140.1005002593994,BIRLACABLE.BO,2023-08-21 22:00:56.791212
47,2023-05-25 00:00:00+05:30,172.6999969482422,182.9499969482422,172.10000610351562,180.8000030517578,32664,0.0,0.0,2023-05-25,154.19749908447267,14.414077759551038,168.61157684402372,139.78342132492162,183.02565460357474,125.3693435653706,93.33335184285843,174.63496220052824,2055363,78087.33370793259,159743.07602235526,138.7162528235144,86.54279131939822,178.61666870117188,185.13333129882812,174.28334045410156,189.46665954589844,167.7666778564453,195.9833221435547,163.433349609375,0.07770363392992098,-8.310632254158953,10.181461713777765,7.728711657901831,2.452750055875933,76.69167567438944,39.127931316451644,174.85999755859376,154.19749908447267,138.2029998779297,139.68400016784668,BIRLACABLE.BO,2023-08-21 22:00:56.791212
48,2023-05-24 00:00:00+05:30,177.0,177.0,172.25,173.39999389648438,22350,0.0,0.0,2023-05-24,151.61999893188477,14.010074322688462,165.63007325457323,137.6099246091963,179.6401475772617,123.59985028650784,90.71118914545836,169.86545458186762,2022699,51243.57245336296,180157.01160096095,138.6035870032785,81.9873254159157,174.21666463216147,176.18332926432294,171.43332926432294,178.96666463216147,169.46666463216147,180.93332926432294,166.68332926432294,0.05380160842140904,-26.829291224573264,9.366210295417119,7.1155241439328485,2.2506861514842704,73.19827406957705,36.66393536784601,169.29999694824218,151.61999893188477,137.2679998779297,139.17650016784668,BIRLACABLE.BO,2023-08-21 22:00:56.791212
49,2023-05-23 00:00:00+05:30,180.8000030517578,183.85000610351562,172.3000030517578,173.64999389648438,123797,0.0,0.0,2023-05-23,149.40749893188476,13.882952986061689,163.29045191794646,135.52454594582306,177.17340490400812,121.64159295976138,141.03364480125222,198.97517722665953,2045049,284248.1760125126,212385.37138786042,138.5397288148184,85.6953174422171,176.6000010172526,180.89999898274738,169.34999593098956,188.1500040690104,165.04999796549478,192.4500020345052,157.79999287923175,0.06463133265743537,-26.1874429019818,8.909317937271453,6.552852606061781,2.356465331209672,73.54406108115278,34.29901376257948,164.89999694824218,149.40749893188476,136.49100006103515,138.66100021362305,BIRLACABLE.BO,2023-08-21 22:00:56.791212
50,2023-05-22 00:00:00+05:30,168.0,181.0,166.9499969482422,178.9499969482422,247292,0.0,0.0,2023-05-22,147.17749938964843,13.35598112789303,160.53348051754145,133.82151826175541,173.8894616454345,120.46553713386237,222.2737251611408,217.2601662532729,2168846,585132.9516518922,194419.67023169738,138.17916165842084,83.5883515268573,175.63333129882812,184.31666564941406,170.26666259765625,189.68333435058594,161.5833282470703,198.36666870117188,156.21665954589844,0.1858529421302745,-4.270839691162109,8.164746388777871,5.963736273259363,2.2010101155185087,81.08450439438707,31.73908840785783,160.10999755859376,147.17749938964843,135.67800018310547,138.21900024414063,BIRLACABLE.BO,2023-08-21 22:00:56.791212
51,2023-05-19 00:00:00+05:30,164.60000610351562,170.9499969482422,159.64999389648438,167.5,140066,0.0,0.0,2023-05-19,144.73999938964843,11.58305992869074,156.32305931833918,133.1569394609577,167.90611924702992,121.57387953226694,278.4735153477404,187.42847461585617,1921554,310213.2411752141,96741.34987664869,137.32526873616254,75.03771476986849,166.03333028157553,172.41666666666669,161.11666361490887,177.33333333333334,154.73332722981772,183.7166697184245,149.81666056315106,-0.03754976771415819,-8.723126882511963,6.565790902824631,5.413483744379736,1.152307158444895,76.18652462575514,29.124010481921644,154.29999694824218,144.73999938964843,134.7090002441406,137.81650024414063,BIRLACABLE.BO,2023-08-21 22:00:56.791212
52,2023-05-17 00:00:00+05:30,151.0500030517578,153.5500030517578,151.0500030517578,153.0,15294,0.0,0.0,2023-05-17,142.83749923706054,10.742328178468036,153.57982741552857,132.0951710585925,164.32215559399663,121.35284288012447,-1.6195967349462836,119.004133897814,1781488,30940.356284560083,43373.37705200732,136.9630236553269,65.80204004125852,152.53333536783853,154.01666768391925,151.51666768391925,155.03333536783853,150.03333536783853,156.51666768391925,149.01666768391925,-0.18012970382380136,-23.333333333333332,5.5468128830928265,5.125406954768512,0.42140592832431434,65.76099144382545,26.91055062353859,151.20999755859376,142.83749923706054,133.98300018310547,137.6075003051758,BIRLACABLE.BO,2023-08-21 22:00:56.791212
53,2023-05-16 00:00:00+05:30,152.9499969482422,156.89999389648438,151.10000610351562,151.39999389648438,16089,0.0,0.0,2023-05-16,141.71749954223634,10.794605156702248,152.5121046989386,130.92289438553408,163.30670985564083,120.12828922883185,27.55701622573592,134.62125256761368,1766194,32208.29260660292,46481.632243869135,136.9419742614398,70.68487729862886,153.13333129882812,155.16665649414062,149.36666870117188,158.93331909179688,147.33334350585938,160.96664428710938,143.56668090820312,-0.21219417094515639,-25.86468001057331,5.586199920207548,5.020055472687433,0.5661444475201147,64.15295397598318,26.40982215631225,151.52999877929688,141.71749954223634,133.4700001525879,137.54950027465821,BIRLACABLE.BO,2023-08-21 22:00:56.791212
54,2023-05-15 00:00:00+05:30,150.64999389648438,153.60000610351562,148.5,149.6999969482422,12722,0.0,0.0,2023-05-15,140.66749954223633,10.824513472510194,151.49201301474653,129.84298606972612,162.3165264872567,119.01847259721595,-10.988141233965077,129.58867746086196,1750105,25181.985901082844,50049.96715318569,136.921983287054,69.99766760180188,150.6000010172526,152.7000020345052,147.59999593098956,155.70000712076822,145.49999491373697,157.80000813802081,142.49998982747394,-0.1798417591372981,-30.977452787241543,5.709564229129313,4.878519360807404,0.8310448683219089,62.41123831358049,25.854627781255235,151.22000122070312,140.66749954223633,132.98800033569336,137.50400039672851,BIRLACABLE.BO,2023-08-21 22:00:56.791212
55,2023-05-12 00:00:00+05:30,152.0,155.3000030517578,148.9499969482422,149.89999389648438,24640,0.0,0.0,2023-05-12,139.77249984741212,10.778286510531451,150.55078635794357,128.99421333688068,161.329072868475,118.21592682634922,26.556180738946704,149.9094397618431,1762827,48837.689835524114,56266.96246621139,136.90799740287673,71.47661918734505,151.38333129882812,153.81666564941406,147.46665954589844,157.73333740234375,145.0333251953125,160.1666717529297,141.1166534423828,-0.16865556277011154,-30.37595820606203,5.948423320619213,4.6707581437269265,1.2776651768922864,62.744276775742,25.79409920524591,152.24000244140626,139.77249984741212,132.62600051879883,137.50250045776366,BIRLACABLE.BO,2023-08-21 22:00:56.791212
56,2023-05-11 00:00:00+05:30,155.35000610351562,157.1999969482422,151.35000610351562,152.0500030517578,23969,0.0,0.0,2023-05-11,138.825,10.673560655913763,149.49856065591376,128.1514393440862,160.1721213118275,117.47787868817247,56.34450560339024,187.5391527769125,1787467,48189.13628415254,58124.28062388321,136.88039738159816,76.58806180947386,153.53333536783853,155.71666463216144,149.86667378743488,159.3833262125651,147.68334452311197,161.566655476888,144.01668294270831,-0.13889619540680753,-23.90976525787124,6.144411044054124,4.3513418495038545,1.7930691945502693,66.2744971322975,25.597330848470815,153.74000244140626,138.825,132.27300064086913,137.50600051879883,BIRLACABLE.BO,2023-08-21 22:00:56.791212
57,2023-05-10 00:00:00+05:30,151.0,156.14999389648438,150.5500030517578,154.60000610351562,31276,0.0,0.0,2023-05-10,137.81749954223633,10.304130252120887,148.12162979435723,127.51336929011545,158.4257600464781,117.20923903799456,65.8688936101081,215.36027253055937,1811436,63934.23969168007,60608.06670881587,136.84898394582382,82.28911590011054,153.76666768391928,156.98333231608075,151.38334147135419,159.36665852864584,148.16667683919272,162.5833231608073,145.78335062662762,-0.10641869762138191,-16.240583147321427,6.090494257340765,3.903074550866287,2.1874197064744783,70.65245944598472,24.67761621807235,152.9800018310547,137.81749954223633,131.91200057983397,137.4845004272461,BIRLACABLE.BO,2023-08-21 22:00:56.791212
58,2023-05-09 00:00:00+05:30,156.0,156.0,148.89999389648438,149.85000610351562,15082,0.0,0.0,2023-05-09,136.75249938964845,9.55151585203722,146.30401524168568,127.20098353761122,155.8555310937229,117.64946768557401,62.576259955602595,220.28429005643315,1780160,29883.295898300592,59776.52346309982,136.80088883821304,79.07228706228919,151.58333333333334,154.2666727701823,147.16666666666669,158.68333943684897,144.48332722981772,161.36667887369794,140.06666056315106,-0.15491627748138848,-30.526297433035715,5.678047551718834,3.356219624247667,2.3218279274711664,66.86664093515733,23.831249788540262,151.86000061035156,136.75249938964845,131.57800033569336,137.45900039672853,BIRLACABLE.BO,2023-08-21 22:00:56.791212
59,2023-05-08 00:00:00+05:30,156.1999969482422,160.0,154.0,154.8000030517578,45307,0.0,0.0,2023-05-08,135.91999893188478,9.062972957082945,144.9829718889677,126.85702597480183,154.04594484605067,117.79405301771888,111.6858466653169,300.8941230114678,1795242,92736.15065080393,67249.83035429961,136.78381723932597,83.35542608531962,156.26666768391928,158.53333536783856,152.53333536783856,162.26666768391928,150.26666768391928,164.53333536783856,146.53333536783856,-0.1166382918283596,-15.639088566141917,5.531762791464729,2.775762642379876,2.756000149084853,76.40407396022144,22.93954414296146,150.35,135.91999893188478,131.32900009155273,137.4670002746582,BIRLACABLE.BO,2023-08-21 22:00:56.791212
60,2023-05-05 00:00:00+05:30,147.14999389648438,159.6999969482422,147.14999389648438,157.39999389648438,38660,0.0,0.0,2023-05-05,134.67999877929688,7.975132144802759,142.65513092409964,126.70486663449412,150.6302630689024,118.72973448969137,134.65495268952617,324.8617810994194,1840549,80459.87519593327,60878.25028017353,136.7127331418909,78.08293560837458,154.74999491373697,162.34999593098956,149.79999287923175,167.29999796549478,142.19999186197916,174.89999898274738,137.24998982747394,-0.021521164956280626,-6.980283049405601,4.773159682426666,2.086762605108662,2.686397077318004,82.11671630093517,20.47564038452505,145.9199981689453,134.67999877929688,131.04599990844727,137.50050018310546,BIRLACABLE.BO,2023-08-21 22:00:56.791212
61,2023-05-04 00:00:00+05:30,151.4499969482422,151.4499969482422,144.89999389648438,148.25,41050,0.0,0.0,2023-05-04,133.1149990081787,6.142542175825306,139.257541184004,126.97245683235339,145.40008335982932,120.82991465652809,130.73093081016302,273.97484174173985,1801889,80467.5275184111,55982.844051233595,136.64284978716512,74.36350564175162,148.1999969482422,151.5,144.9499969482422,154.75,141.64999389648438,158.0500030517578,138.39999389648438,-0.11981511264939748,-20.810295273090233,3.4735375174741705,1.4151633357791609,2.05837418169501,76.3344131076868,17.84973182080271,140.96999816894532,133.1149990081787,130.62599990844726,137.50800018310548,BIRLACABLE.BO,2023-08-21 22:00:56.791212
62,2023-05-03 00:00:00+05:30,149.85000610351562,153.89999389648438,147.0,149.0,74015,0.0,0.0,2023-05-03,131.9299991607666,5.2969309445624795,137.2269301053291,126.63306821620414,142.52386104989156,121.33613727164166,233.1058135382717,336.44963392238606,1842939,145820.57472658143,49861.67318443922,136.6010659563424,89.93735530943383,149.96666463216147,152.93332926432294,146.03333536783856,156.86665852864584,143.0666707356771,159.8333231608073,139.13334147135419,-0.14069375212796328,-18.047863712849196,2.658133727643701,0.9005697903554084,1.7575639372882927,78.2603900699394,15.910681248407865,137.73999938964843,131.9299991607666,130.46099990844726,137.60600021362305,BIRLACABLE.BO,2023-08-21 22:00:56.791212
63,2023-05-02 00:00:00+05:30,133.0,147.14999389648438,133.0,142.3000030517578,27604,0.0,0.0,2023-05-02,130.4949993133545,4.203879541569407,134.69887885492392,126.29111977178509,138.9027583964933,122.08724023021568,304.5749149826441,212.67520751205606,1768924,51938.53814162638,25871.94779890366,136.5200628582436,80.21621038199368,140.81666564941406,148.63333129882812,134.48333740234375,154.96665954589844,126.66667175292969,162.7833251953125,120.33334350585938,-0.024797831218535585,-23.774472038260676,1.5000313947903692,0.4611788060333353,1.038852588757034,72.5060301044066,13.117881216677002,133.78999938964844,130.4949993133545,130.1299998474121,137.70350021362304,BIRLACABLE.BO,2023-08-21 22:00:56.791212
64,2023-04-28 00:00:00+05:30,133.75,134.14999389648438,131.39999389648438,132.64999389648438,12273,0.0,0.0,2023-04-28,129.41249923706056,3.7690512604119966,133.18155049747256,125.64344797664856,136.95060175788456,121.87439671623656,148.33728483852755,75.07885540607617,1741320,21526.36809230233,19355.30021322298,136.50594553505786,76.34138611397601,132.73332722981772,134.06666056315106,131.31666056315106,135.48332722981772,129.98332722981772,136.81666056315106,128.56666056315106,-0.12241865209158279,-37.2340667296498,0.654429904527916,0.2014656588440768,0.45296424568383925,57.43914644386254,10.978621997795106,131.15999755859374,129.41249923706056,130.02399978637695,137.8620001220703,BIRLACABLE.BO,2023-08-21 22:00:56.791212
65,2023-04-27 00:00:00+05:30,130.0,134.0,130.0,132.64999389648438,12001,0.0,0.0,2023-04-27,129.01499938964844,3.8283938108430204,132.84339320049145,125.18660557880541,136.6717870113345,121.3582117679624,128.80998199453657,65.81528889624482,1753593,21049.29059526768,18812.53324345314,136.5101374376494,74.67132230830228,132.21666463216147,134.43332926432294,130.43332926432294,136.21666463216147,128.21666463216147,138.43332926432294,126.43332926432294,-0.12052226554082163,-37.2340667296498,0.512267839036582,0.08822459742311702,0.424043241613465,57.43914644386254,11.647015022787386,130.43999938964845,129.01499938964844,130.19699996948242,138.10300018310548,BIRLACABLE.BO,2023-08-21 22:00:56.791212
66,2023-04-26 00:00:00+05:30,133.0,135.64999389648438,126.75,132.10000610351562,31408,0.0,0.0,2023-04-26,128.5724998474121,3.896977702683413,132.46947755009552,124.67552214472869,136.36645525277893,120.77854444204527,68.19803385516481,51.272642202467345,1741592,54860.0139431593,18253.343905499507,136.5142452601963,71.88048652252728,131.5,136.25,127.35000610351562,140.39999389648438,122.60000610351562,145.14999389648438,118.45001220703125,-0.17885290663858722,-43.08500449647587,0.3224956818690998,-0.01778621298024924,0.34028189484934906,56.261218648046395,12.304659696128606,129.95,128.5724998474121,130.41900009155273,138.34800018310546,BIRLACABLE.BO,2023-08-21 22:00:56.791212
67,2023-04-25 00:00:00+05:30,128.0500030517578,134.5,128.0500030517578,129.25,8278,0.0,0.0,2023-04-25,128.28249969482422,3.835987546069552,132.11848724089378,124.44651214875468,135.95447478696332,120.61052460268512,-32.774705236530956,31.383020120800317,1710184,14147.143785752964,9101.676396084556,136.52657341670434,60.700971745660055,130.6000010172526,133.14999898274738,126.70000203450519,137.04999796549478,124.15000406901041,139.59999593098956,120.250005086263,-0.30060360877780035,-64.48594265830998,0.12880898022933707,-0.1028566866925865,0.23166566692192359,49.541695019094156,13.012892421265304,129.4199981689453,128.28249969482422,130.6030000305176,138.6525001525879,BIRLACABLE.BO,2023-08-21 22:00:56.791212
68,2023-04-24 00:00:00+05:30,134.3000030517578,134.3000030517578,127.0,129.14999389648438,5344,0.0,0.0,2023-04-24,127.97749977111816,3.994253702527334,131.9717534736455,123.98324606859083,135.96600717617284,119.9889923660635,-76.3218722228331,17.97931889757733,1701906,9125.856452927925,7840.309548667454,136.5319335319896,57.2493426931897,130.1499989827474,133.2999979654948,125.999994913737,137.45000203450522,122.84999593098959,140.60000101725262,118.69999186197919,-0.2685815268603881,-44.58599592774913,0.15956207726057414,-0.1607731034230674,0.32033518068364153,49.28785843509833,13.784464179848728,129.68999938964845,127.97749977111816,130.7750001525879,138.95900009155272,BIRLACABLE.BO,2023-08-21 22:00:56.791212
69,2023-04-21 00:00:00+05:30,134.9499969482422,134.9499969482422,128.5,129.0500030517578,3122,0.0,0.0,2023-04-21,127.62750015258788,4.188092071750552,131.81559222433845,123.43940808083734,136.00368429608898,119.25131600908678,-46.19043934097787,25.65688822950396,1696562,5327.257771100008,7518.922822602336,136.53544561931753,58.584521329501726,130.83333333333334,133.16666666666669,126.7166697184245,137.28333028157553,124.38333638509116,139.61666361490887,120.26667277018231,-0.20303401139335384,-43.29264321402321,0.20636683930194977,-0.24085689859397777,0.4472237378959275,49.0498555104619,14.682885068460564,129.93999938964845,127.62750015258788,130.97500015258788,139.26550018310547,BIRLACABLE.BO,2023-08-21 22:00:56.791212
70,2023-04-20 00:00:00+05:30,129.0,131.5500030517578,128.9499969482422,130.1999969482422,3267,0.0,0.0,2023-04-20,127.27750015258789,4.352235651994574,131.62973580458245,122.92526450059331,135.98197145657704,118.57302884859874,-71.51858489671154,10.119514582426541,1699684,5624.35729759187,8066.839085477917,136.5375267505927,51.61447979498201,130.23333231608072,131.51666768391925,128.91666158040363,132.83333841959634,127.6333262125651,134.11667378743488,126.316655476888,-0.1999948190849873,-36.28048269894584,0.27301193087646425,-0.35266283306795965,0.6256747639444239,51.63777662644152,15.122429053061134,130.48999938964843,127.27750015258789,131.2050001525879,139.50600021362305,BIRLACABLE.BO,2023-08-21 22:00:56.791212
71,2023-04-19 00:00:00+05:30,129.85000610351562,131.85000610351562,129.0,129.4499969482422,6222,0.0,0.0,2023-04-19,127.05750045776367,4.307711329619171,131.36521178738283,122.7497891281445,135.672923117002,118.44207779852532,-37.39722552089156,4.637349020302232,1696417,10649.883205764503,8677.45953244943,136.53937110600341,47.95805980333263,130.1000010172526,131.2000020345052,128.34999593098956,132.95000712076822,127.24999491373697,134.05000813802081,125.49998982747394,-0.210264833151914,-40.85365513263056,0.24094432451312287,-0.5090815240540656,0.7500258485671885,50.04152552542978,15.821558838962828,130.63999938964844,127.05750045776367,131.41300033569337,139.74250030517578,BIRLACABLE.BO,2023-08-21 22:00:56.791212
72,2023-04-18 00:00:00+05:30,130.0500030517578,133.64999389648438,130.0500030517578,130.60000610351562,5273,0.0,0.0,2023-04-18,126.85250053405761,4.285361774816198,131.13786230887382,122.56713875924142,135.42322408369,118.28177698442522,31.613484345409482,22.008413578959683,1702639,9105.708900536665,8184.3536141206605,136.54330256856164,51.55103267037908,131.43333435058594,132.81666564941406,129.2166748046875,135.0333251953125,127.83334350585938,136.41665649414062,125.61668395996094,-0.1485101985560197,-33.84140157612185,0.2701010356916811,-0.6965879861958626,0.9666890218875437,52.509166478618205,16.590772653023645,131.12999877929687,126.85250053405761,131.63100051879883,139.9745002746582,BIRLACABLE.BO,2023-08-21 22:00:56.791212
73,2023-04-17 00:00:00+05:30,127.0,133.0,127.0,130.39999389648438,8386,0.0,0.0,2023-04-17,126.63500022888184,4.194578371167463,130.8295786000493,122.44042185771437,135.02415697121677,118.2458434865469,16.124709203263894,1.1251342478634432,1697366,14459.231892283313,7954.014792516659,136.546097077868,48.99198990609084,130.13333129882812,133.26666259765625,127.26666259765625,136.13333129882812,124.13333129882812,139.26666259765625,121.26666259765625,-0.10880438543934844,-35.06098865824952,0.1900795440192553,-0.9382602416677485,1.1283397856870039,52.127941805971105,17.752459349795277,131.6699981689453,126.63500022888184,131.93600051879883,140.21650024414063,BIRLACABLE.BO,2023-08-21 22:00:56.791212
74,2023-04-13 00:00:00+05:30,131.4499969482422,134.0500030517578,129.75,131.8000030517578,1796,0.0,0.0,2023-04-13,126.36750068664551,4.111608631013852,130.47910931765938,122.25589205563166,134.59071794867322,118.14428342461781,53.996325245356914,23.02482390203926,1705752,3129.929434798462,6327.710517574995,136.5506964651377,61.815386638655255,131.86666870117188,133.98333740234375,129.68333435058594,136.1666717529297,127.56666564941406,138.28334045410156,125.38333129882812,-0.13943564878739675,-26.524344290512566,0.10444596455508304,-1.2203451880894993,1.3247911526445824,54.99758697729316,18.791435866857608,132.22999877929686,126.36750068664551,132.0890007019043,140.43350036621095,BIRLACABLE.BO,2023-08-21 22:00:56.791212
75,2023-04-12 00:00:00+05:30,132.1999969482422,133.4499969482422,130.89999389648438,130.9499969482422,1675,0.0,0.0,2023-04-12,126.11000061035156,3.9097905728629696,130.01979118321452,122.20021003748859,133.9295817560775,118.29041946462563,63.24784596181648,16.50292636036532,1703956,2900.2343884453458,7127.155788269128,136.55145797971292,51.51076639516148,131.76666259765625,132.63333129882812,130.0833282470703,134.31666564941406,129.21665954589844,135.18333435058594,127.5333251953125,-0.16844571600016556,-30.057793781380305,-0.14465317087757512,-1.5515429762506447,1.4068898053730696,53.556162386845095,19.683551265050514,131.8699981689453,126.11000061035156,132.177000579834,140.58800033569335,BIRLACABLE.BO,2023-08-21 22:00:56.791212
76,2023-04-11 00:00:00+05:30,133.25,134.5,131.39999389648438,131.89999389648438,4940,0.0,0.0,2023-04-11,126.11750106811523,3.9196955392169937,130.03719660733222,122.19780552889824,133.95689214654922,118.27810998968124,92.70675314588156,22.77587105336956,1705631,8615.579973323434,8183.8861382250725,136.55229550117352,45.62078671936332,132.5999959309896,133.7999979654948,130.69999186197919,135.70000203450522,129.49998982747397,136.90000406901044,127.59998575846356,-0.14061815726259028,-24.566480488810587,-0.37767111179167046,-1.9032654275939118,1.5255943158022414,55.39764413143953,20.243155156390667,130.8999984741211,126.11750106811523,132.40000076293944,140.71400039672852,BIRLACABLE.BO,2023-08-21 22:00:56.791212
77,2023-04-10 00:00:00+05:30,132.64999389648438,136.14999389648438,130.89999389648438,133.3000030517578,7589,0.0,0.0,2023-04-10,126.17250137329101,4.011741430829601,130.1842428041206,122.16075994246141,134.1959842349502,118.14901851163181,143.42454814267893,29.97918944200224,1710571,13376.038369916616,8075.962679450482,136.55434792088374,51.12457418123417,133.4499969482422,136.0,130.75,138.6999969482422,128.1999969482422,141.25,125.5,-0.11548516778991383,-16.473939877709153,-0.7638427035950457,-2.284664006544472,1.5208213029494262,58.132911534642574,20.67257452209029,129.43000030517578,126.17250137329101,132.65800094604492,140.86250045776367,BIRLACABLE.BO,2023-08-21 22:00:56.791212
78,2023-04-06 00:00:00+05:30,131.25,133.64999389648438,130.3000030517578,133.1999969482422,4996,0.0,0.0,2023-04-06,126.21000137329102,4.084714409694552,130.29471578298558,122.12528696359647,134.37943019268013,118.04057255390191,185.87540875993272,14.816484823362625,1702982,8799.12400691711,6750.943756833947,136.55655497979916,41.95075016706202,132.38333129882812,134.46665954589844,131.11666870117188,135.7333221435547,129.03334045410156,137.816650390625,127.76667785644531,-0.10985106158930541,-3.040520860987749,-1.3845656780354858,-2.664869332281828,1.2803036542463424,57.995351228900525,21.13502614668988,126.83000030517579,126.21000137329102,132.92900100708007,140.98350036621093,BIRLACABLE.BO,2023-08-21 22:00:56.791212
79,2023-04-05 00:00:00+05:30,128.10000610351562,131.64999389648438,127.5,130.0,1744,0.0,0.0,2023-04-05,126.27750167846679,4.215369175326573,130.49287085379336,122.06213250314022,134.70824002911993,117.84676332781365,196.2695281218316,-19.199905237286814,1697986,2997.7998022358543,6238.898694313156,136.55805423764514,40.39668642966123,129.71666463216147,131.93332926432294,127.78333536783856,133.86665852864584,125.56667073567709,136.0833231608073,123.63334147135419,-0.1805357364832494,-12.89058192631552,-2.1484518293889607,-2.984945245843414,0.8364934164544531,53.45072015365144,22.253642168699315,124.32000122070312,126.27750167846679,133.22300094604492,141.20350036621093,BIRLACABLE.BO,2023-08-21 22:00:56.791212
80,2023-04-03 00:00:00+05:30,126.3499984741211,127.05000305175781,125.44999694824219,126.0999984741211,4894,0.0,0.0,2023-04-03,126.4275016784668,4.403959930567117,130.8314616090339,122.02354174789969,135.23542153960102,117.61958181733256,124.81082075045082,-61.88023508482833,1696242,8160.031590008012,7049.173417332481,136.55907693927097,35.76235975153277,126.1999994913737,126.95000203450522,125.34999593098959,127.80000559488933,124.59999338785808,128.55000813802084,123.74998982747397,-0.24836049769418866,-17.613664934447918,-2.778754068728432,-3.1940685999570273,0.4153145312285953,46.95587994295713,23.929910361628078,123.26000061035157,126.4275016784668,133.5690010070801,141.47500030517577,BIRLACABLE.BO,2023-08-21 22:00:56.791212
81,2023-03-31 00:00:00+05:30,125.19999694824219,127.0,120.44999694824219,124.55000305175781,2966,0.0,0.0,2023-03-31,126.64750175476074,4.495684374395071,131.14318612915582,122.15181738036567,135.6388705035509,117.6561330059706,20.611899645804378,-90.30243576831349,1691348,4884.585128870522,6771.458874163598,136.563655984601,27.301390993951685,124.0,127.55000305175781,121.0,130.5500030517578,117.44999694824219,134.10000610351562,114.44999694824219,-0.2834089792212929,-55.11809036924454,-3.1595385420200444,-3.297897232764176,0.13835869074413143,44.07626735832547,24.248741340197217,122.80000152587891,126.64750175476074,134.0130010986328,141.84150032043456,BIRLACABLE.BO,2023-08-21 22:00:56.791212
82,2023-03-29 00:00:00+05:30,122.0,123.5,119.75,120.30000305175781,4212,0.0,0.0,2023-03-29,126.98000144958496,4.577559523461494,131.55756097304646,122.40244192612347,136.13512049650794,117.82488240266197,-114.59073496330312,-127.19776581029465,1688382,6699.8764573303,7243.177310486867,136.56684443035002,21.401045225213636,121.18333435058594,122.61666870117188,118.86666870117188,124.93333435058594,117.43333435058594,126.36666870117188,115.11666870117188,-0.15350838944966919,-88.97335049898555,-3.4465351966527464,-3.3324869054502084,-0.11404829120253801,35.10675449333142,24.574174011357726,123.1500015258789,126.98000144958496,134.46900115966798,142.12050025939942,BIRLACABLE.BO,2023-08-21 22:00:56.791212
83,2023-03-28 00:00:00+05:30,120.25,124.9000015258789,119.94999694824219,120.6500015258789,5654,0.0,0.0,2023-03-28,127.33250122070312,4.299059689453833,131.63156091015696,123.0334415312493,135.9306205996108,118.73438184179545,-114.09679811145577,-127.79220378491412,1692594,9019.779683032619,7379.002523776008,136.57297764427193,17.66150802822709,121.83333333333333,123.71666971842447,118.76666514078775,126.78333791097005,116.88332875569661,128.6666742960612,113.81666056315103,-0.1668816739320332,-89.18917185106507,-3.3431970469529233,-3.3039748326495735,-0.03922221430334982,35.54268510934887,23.58846490432835,123.72000122070312,127.33250122070312,135.0080010986328,142.4155002593994,BIRLACABLE.BO,2023-08-21 22:00:56.791212
84,2023-03-27 00:00:00+05:30,124.94999694824219,125.4000015258789,123.25,124.69999694824219,1324,0.0,0.0,2023-03-27,127.66500129699708,4.001910714706683,131.66691201170377,123.6630905822904,135.66882272641044,119.66117986758371,-0.19786621436653623,-106.14779651839743,1698248,2183.0677887962843,6968.808233961855,136.581040639942,18.53958491574228,124.4499994913737,125.6499989827474,123.4999974568685,126.60000101725261,122.2999979654948,127.80000050862631,121.34999593098959,-0.2158501566125981,-64.86487724923924,-3.1947079467286557,-3.294169279073736,0.09946133234508014,41.015009023371846,22.564204652401564,124.02000122070312,127.66500129699708,135.58800094604493,142.6765002441406,BIRLACABLE.BO,2023-08-21 22:00:56.791212
85,2023-03-24 00:00:00+05:30,123.5,126.3499984741211,123.5,123.80000305175781,2047,0.0,0.0,2023-03-24,128.01000175476074,4.030169147052629,132.04017090181335,123.9798326077081,136.070340048866,119.94966346065547,-11.367119719162488,-111.83403059600658,1696924,3350.821487694015,8165.243345253247,136.58244963820465,23.74656185394919,124.5500005086263,125.6000010172526,122.7500025431315,127.39999898274739,121.7000020345052,128.4499994913737,119.90000406901041,-0.21373660234343364,-73.59998632813057,-3.3550554214208006,-3.319034612160005,-0.03602080926079543,39.079533952562485,22.114072031573528,123.49000244140625,128.01000175476074,136.0760011291504,142.87650024414063,BIRLACABLE.BO,2023-08-21 22:00:56.791212
86,2023-03-23 00:00:00+05:30,123.44999694824219,127.6500015258789,123.19999694824219,126.30000305175781,2559,0.0,0.0,2023-03-23,128.43250160217286,4.008454074908245,132.44095567708112,124.42404752726462,136.44940975198935,120.41559345235638,9.197364784649087,-104.15104247064406,1698971,4273.52688670366,9368.848809643054,136.58479375553085,35.504866926012426,125.71666717529297,128.23333740234375,123.78333282470703,130.1666717529297,121.26666259765625,132.68334197998047,119.33332824707031,-0.24591782376474972,-60.68600117158484,-3.420878843586209,-3.310029409844806,-0.11084943374140277,42.69292342465775,21.6819206143757,123.89000244140625,128.43250160217286,136.60000106811523,143.12900024414063,BIRLACABLE.BO,2023-08-21 22:00:56.791212
87,2023-03-22 00:00:00+05:30,122.55000305175781,125.25,122.05000305175781,123.1500015258789,4813,0.0,0.0,2023-03-22,128.81750144958497,4.159778385003211,132.9772798345882,124.65772306458176,137.13705821959138,120.49794467957855,-66.43011251691665,-137.15267161325644,1696412,7837.238746943606,10642.679290377902,136.58715213038207,37.647286985318914,123.48333485921223,124.91666666666666,121.71666971842447,126.68333180745442,120.28333791097005,128.11666361490884,118.51667277018228,-0.2721004456341821,-78.22784105987894,-3.6995333940315334,-3.2823170514094557,-0.41721634262207763,35.741354598703566,21.216526780470346,123.7000015258789,128.81750144958497,137.02900100708007,143.3300001525879,BIRLACABLE.BO,2023-08-21 22:00:56.791212
88,2023-03-21 00:00:00+05:30,124.0,124.0,118.8499984741211,122.1500015258789,8910,0.0,0.0,2023-03-21,129.55500106811525,4.402537354219039,133.9575384223343,125.15246371389621,138.36007577655332,120.74992635967718,-108.75512710343975,-166.69938520205844,1691599,14390.768089356632,11344.039426236477,136.5929498536474,45.69156638176898,121.66666666666667,124.48333485921225,119.33333333333334,126.81666819254558,116.51666514078777,129.63333638509116,114.18333180745444,-0.2939895776592409,-83.29113024317864,-3.6900147000979757,-3.178012965753936,-0.5120017343440395,33.3583488817675,19.87159882301298,124.32000122070312,129.55500106811525,137.60200103759766,143.54050010681152,BIRLACABLE.BO,2023-08-21 22:00:56.791212
89,2023-03-20 00:00:00+05:30,120.19999694824219,126.1500015258789,120.19999694824219,122.05000305175781,9557,0.0,0.0,2023-03-20,130.3175006866455,4.373040306011661,134.69054099265716,125.94446038063384,139.06358129866882,121.57142007462218,-101.4391295476638,-162.58214573792242,1682689,15423.117751783602,10582.357260456438,136.60449541435912,44.83706679245662,122.8000005086263,125.40000406901041,119.44999949137369,128.750005086263,116.84999593098958,131.35000864664713,113.49999491373697,-0.3219741643795509,-89.94562400538038,-3.5234337252876458,-3.050012532167926,-0.47342119311971986,33.12807075531386,17.96091937648776,124.9000015258789,130.3175006866455,138.16700088500977,143.6475001525879,BIRLACABLE.BO,2023-08-21 22:00:56.791212
90,2023-03-17 00:00:00+05:30,126.05000305175781,127.0999984741211,125.25,125.80000305175781,2009,0.0,0.0,2023-03-17,131.24750022888185,4.498286601639749,135.7457868305216,126.7492136272421,140.24407343216134,122.25092702560235,-64.91611095076995,-131.61181161372855,1692246,3341.7455785025013,9372.167137624647,136.6169857082423,41.147858837589894,126.0500005086263,126.8500010172526,125.0000025431315,127.89999898274739,124.2000020345052,128.6999994913737,123.15000406901041,-0.2870153307554738,-74.41860258804962,-3.246925904400541,-2.931657233887996,-0.31526867051254515,37.65941542540176,16.09646897169933,125.82000122070312,131.24750022888185,138.70600082397462,143.7400001525879,BIRLACABLE.BO,2023-08-21 22:00:56.791212
91,2023-03-16 00:00:00+05:30,125.25,126.0,121.4000015258789,125.3499984741211,2681,0.0,0.0,2023-03-16,131.77749977111816,4.446832343092137,136.22433211421028,127.33066742802602,140.67116445730244,122.88383508493388,-114.12376612682816,-161.80361123025975,1690237,4443.589590265857,10879.77252740518,136.61893743237388,34.58663552639159,124.25,127.0999984741211,122.5,128.8499984741211,119.6500015258789,131.6999969482422,117.9000015258789,-0.3038003379809443,-77.03490757567626,-3.2130344381980933,-2.8528400662598594,-0.3601943719382339,36.69454577901552,14.921640025738482,126.88000183105468,131.77749977111816,139.2340007019043,143.81550018310546,BIRLACABLE.BO,2023-08-21 22:00:56.791212
92,2023-03-15 00:00:00+05:30,126.94999694824219,127.5,125.0,126.25,3741,0.0,0.0,2023-03-15,132.5099998474121,4.538012837305749,137.04801268471786,127.97198701010636,141.5860255220236,123.4339741728006,-108.0316653628226,-147.38528343204578,1692918,6244.99203354687,12488.81826169001,136.62165147576215,26.412536019129973,126.25,127.5,125.0,128.75,123.75,130.0,122.5,-0.21056839250006867,-82.88589607439731,-3.0766421186989703,-2.7627914732753003,-0.31385064542367,37.78049811975826,13.258409051753175,128.41000213623047,132.5099998474121,139.90100067138673,143.8685001373291,BIRLACABLE.BO,2023-08-21 22:00:56.791212
93,2023-03-14 00:00:00+05:30,127.19999694824219,127.19999694824219,123.69999694824219,125.05000305175781,4061,0.0,0.0,2023-03-14,132.81999969482422,4.29302772478623,137.11302741961046,128.52697197003798,141.40605514439667,124.23394424525176,-144.74331316549257,-168.116408015439,1689177,6714.744464591201,14049.774818725795,136.62513820757897,23.194281893861046,125.31666564941406,126.93333435058594,123.43333435058594,128.81666564941406,121.81666564941406,130.43333435058594,119.93333435058594,-0.22489445659566962,-90.93956191941112,-2.9440393429692335,-2.684328811919382,-0.2597105310498513,35.41402529877105,12.130968639976663,129.97000274658203,132.81999969482422,140.62300079345704,143.90700019836424,BIRLACABLE.BO,2023-08-21 22:00:56.791212
94,2023-03-13 00:00:00+05:30,130.75,131.5500030517578,125.44999694824219,126.6500015258789,4941,0.0,0.0,2023-03-13,133.41749954223633,3.9744651228001127,137.39196466503645,129.4430344194362,141.36642978783655,125.4685692966361,-105.93803364702066,-143.45132182014822,1693238,8274.33017826011,15883.532407259441,136.62936392547383,28.64469632809798,127.88333384195964,130.3166707356771,124.21666463216147,133.98333994547528,121.78332773844402,136.41667683919272,118.11665852864584,-0.24460834933983489,-92.23297854584206,-2.611479433034276,-2.6194011791569194,0.007921746122643292,37.16408341256077,10.812168314059518,131.87000274658203,133.41749954223633,140.88100067138672,143.97000022888184,BIRLACABLE.BO,2023-08-21 22:00:56.791212
95,2023-03-10 00:00:00+05:30,131.85000610351562,132.0,130.10000610351562,131.10000610351562,5176,0.0,0.0,2023-03-10,134.14999961853027,4.011396870336326,138.1613964888666,130.13860274819396,142.17279335920293,126.12720587785762,-31.94316440141762,-108.22994810264292,1698179,8972.423688198456,17785.83296450927,136.63379850078817,26.029144060378542,131.0666707356771,132.03333536783856,130.13334147135419,132.96666463216147,129.16667683919272,133.93332926432294,128.2333475748698,-0.28017388998054116,-67.73159730821206,-2.303709709689599,-2.62138161568758,0.3176719059979809,42.60099491612481,9.724437964210393,133.14000244140624,134.14999961853027,141.05100051879882,144.00750015258788,BIRLACABLE.BO,2023-08-21 22:00:56.791212
96,2023-03-09 00:00:00+05:30,134.0500030517578,135.5,131.14999389648438,133.0,16023,0.0,0.0,2023-03-09,134.7824993133545,4.475613582039944,139.25811289539445,130.30688573131454,143.73372647743437,125.83127214927461,36.254571177115324,-84.84636687445251,1703355,28177.876891112104,19989.185283586976,136.6363757340771,39.2746636857218,133.21666463216147,135.28333536783856,130.93332926432294,137.5666707356771,128.86665852864584,139.63334147135419,126.58332316080731,-0.26335812643475587,-66.34383049660168,-2.313024534270255,-2.7007995921870753,0.3877750579168202,45.22404862979722,9.578218480046363,133.02000122070314,134.7824993133545,141.14600051879881,143.99100006103515,BIRLACABLE.BO,2023-08-21 22:00:56.791212
97,2023-03-08 00:00:00+05:30,134.89999389648438,134.89999389648438,132.5,134.0500030517578,1858,0.0,0.0,2023-03-08,135.19749946594237,4.681695995122074,139.87919546106446,130.5158034708203,144.5608914561865,125.83410747569822,48.116659750710106,-80.9005110251151,1719378,3293.254785470692,17942.012381705692,136.64162593311542,47.39033849445904,133.81666564941406,135.13333129882812,132.73333740234375,136.21665954589844,131.4166717529297,137.5333251953125,130.33334350585938,-0.2599986396388264,-61.25906845249971,-2.477025117148173,-2.79774335666628,0.32071823951810696,46.69959047040015,9.683668827724622,132.66000061035157,135.19749946594237,141.16500045776368,143.98650009155273,BIRLACABLE.BO,2023-08-21 22:00:56.791212
98,2023-03-06 00:00:00+05:30,134.3000030517578,137.60000610351562,134.0,134.5500030517578,4087,0.0,0.0,2023-03-06,135.38749961853028,4.709700586674018,140.0972002052043,130.67779903185627,144.80690079187832,125.96809844518225,69.57916185945311,-65.25520730195967,1721236,7271.117174349417,21604.20178076444,136.64205989682767,53.72858104596123,135.38333638509116,136.7666727701823,133.16666666666669,138.98334248860678,131.78333028157553,140.36667887369794,129.56666056315106,-0.27318472225667095,-58.83776023078094,-2.752874268246103,-2.8779229165458067,0.12504864829970375,47.38319104085773,10.139050493959152,131.31999969482422,135.38749961853028,141.08500045776367,143.97400009155274,BIRLACABLE.BO,2023-08-21 22:00:56.791212
99,2023-03-03 00:00:00+05:30,132.3000030517578,137.8000030517578,132.25,133.0,11498,0.0,0.0,2023-03-03,135.6174991607666,4.77846749056826,140.39596665133487,130.83903167019835,145.17443414190313,126.06056417963009,30.358659854203644,-80.43704927782902,1717149,20220.260156899894,25187.472932368193,136.64283075417006,51.54473174202169,134.3500010172526,136.4500020345052,130.89999898274738,139.9000040690104,128.79999796549478,142.000005086263,125.34999593098956,-0.269490432961077,-66.34383049660168,-3.1135769803601647,-2.909185078620732,-0.20439190173943267,45.06852903106716,10.819313045141039,129.86999969482423,135.6174991607666,140.83100036621093,143.975,BIRLACABLE.BO,2023-08-21 22:00:56.791212
100,2023-03-02 00:00:00+05:30,138.60000610351562,138.60000610351562,130.0500030517578,130.5,5138,0.0,0.0,2023-03-02,135.9949993133545,4.858359291408483,140.85335860476297,131.13664002194602,145.71171789617148,126.27828073053753,-13.705030940363251,-99.13077087455282,1705651,8865.789288979184,26429.276126235265,136.64661089190136,47.27947717474606,133.0500030517578,136.0500030517578,127.5,141.60000610351562,124.5,144.60000610351562,118.94999694824219,-0.2212707971118361,-78.45037160519553,-3.3755585312215715,-2.858087103185874,-0.5174714280356976,41.19410099626902,11.551903484875378,129.59000091552736,135.9949993133545,140.7600003051758,144.00149993896486,BIRLACABLE.BO,2023-08-21 22:00:56.791212
101,2023-03-01 00:00:00+05:30,127.80000305175781,132.0,126.55000305175781,131.1999969482422,16996,0.0,0.0,2023-03-01,136.49999961853027,4.781433439565992,141.28143305809627,131.71856617896427,146.06286649766224,126.93713273939828,-74.93137454557909,-139.04467500409532,1710789,29484.471057170646,30820.147835549284,136.6494624194843,50.84998107277271,129.91666666666666,133.2833302815755,127.83333333333331,135.36666361490884,124.46666971842447,138.7333272298177,122.38333638509113,-0.20767211480313377,-76.32186714260058,-3.41361735723018,-2.7287192461769494,-0.6848981110532306,41.96364403166927,12.340847035358511,129.94000091552735,136.49999961853027,140.92400024414061,144.09199996948243,BIRLACABLE.BO,2023-08-21 22:00:56.791212
102,2023-02-28 00:00:00+05:30,131.6999969482422,131.6999969482422,126.05000305175781,127.3499984741211,10302,0.0,0.0,2023-02-28,136.95750007629394,4.684388390428729,141.64188846672266,132.27311168586522,146.32627685715138,127.58872329543648,-122.2734528699484,-160.08282834619482,1693793,17347.35569017812,31154.06703014394,136.6578380085731,50.08935618036007,128.36666615804037,130.68332926432294,125.03333536783856,134.01666005452475,122.716672261556,136.3333231608073,119.38334147135419,-0.2735836587015016,-94.02300955235273,-3.4795618057767115,-2.5574947184136416,-0.9220670873630699,35.84264454774268,11.663971785464833,130.5000015258789,136.95750007629394,141.2320004272461,144.24399993896483,BIRLACABLE.BO,2023-08-21 22:00:56.791212
103,2023-02-27 00:00:00+05:30,133.8000030517578,133.8000030517578,126.19999694824219,127.30000305175781,17943,0.0,0.0,2023-02-27,137.88250045776368,4.510726744744546,142.39322720250823,133.37177371301914,146.90395394725277,128.8610469682746,-141.1208286926709,-160.11197988222852,1683491,30202.039060739353,34605.74486513539,136.66651741352564,53.21527468343773,129.1000010172526,132.000005086263,124.39999898274738,136.70000712076822,121.49999491373697,139.60001118977863,116.79999287923175,-0.1915346737502287,-94.90738058941295,-3.1321035332709073,-2.326977946572874,-0.8051255866980331,35.760940047941375,10.844760990492722,132.61000061035156,137.88250045776368,141.62900039672851,144.34049995422365,BIRLACABLE.BO,2023-08-21 22:00:56.791212
104,2023-02-24 00:00:00+05:30,132.1999969482422,133.6999969482422,130.0500030517578,131.60000610351562,16360,0.0,0.0,2023-02-24,138.42000045776368,3.76162856892284,142.18162902668652,134.65837188884083,145.94325759560937,130.896743319918,-125.0770435405013,-137.5661036714633,1701434,28467.675222121514,35706.6713162344,136.6817543793353,53.97807154003967,131.78333536783853,133.51666768391925,129.86667378743488,135.4333292643229,128.13334147135416,137.16666158040363,126.2166798909505,-0.13811112031205242,-91.26758844080106,-2.634871748341027,-2.1256965498983655,-0.5091751984426613,39.809494162109544,9.98953074123965,134.62999877929687,138.42000045776368,142.02000045776367,144.38549995422363,BIRLACABLE.BO,2023-08-21 22:00:56.791212
105,2023-02-23 00:00:00+05:30,134.10000610351562,135.14999389648438,131.0,132.25,39311,0.0,0.0,2023-02-23,138.65,3.450440377095493,142.1004403770955,135.1995596229045,145.55088075419098,131.74911924580903,-141.5405551641683,-128.32101030670512,1717794,68742.06371911603,37516.420339762626,136.6893029811562,59.10267354749668,132.79999796549478,134.59999593098956,130.4500020345052,136.94999186197916,128.6500040690104,138.74998982747394,126.30000813802081,-0.15888737654099283,-92.55952516110281,-2.3818272371517537,-1.9984027502876998,-0.38342448686405395,40.45232202927034,9.792864735362688,136.43999633789062,138.65,142.37900039672851,144.3564998626709,BIRLACABLE.BO,2023-08-21 22:00:56.791212
106,2023-02-22 00:00:00+05:30,137.4499969482422,137.4499969482422,133.14999389648438,134.0,9679,0.0,0.0,2023-02-22,139.1425003051758,3.181332460201111,142.3238327653769,135.96116784497468,145.505165225578,132.77983538477358,-112.65116932899826,-106.31951430849173,1757105,17149.366506275015,29710.009494924267,136.70520498492704,66.91998821412777,134.86666361490884,136.58333333333331,132.2833302815755,139.16666666666666,130.56666056315103,140.88333638509113,127.98332722981769,-0.11164278315127386,-84.14631309715098,-2.0857798416139417,-1.9025466285716863,-0.18323321304225537,42.15403862422888,9.77235458383513,137.2699951171875,139.1425003051758,142.73900039672853,144.31599983215332,BIRLACABLE.BO,2023-08-21 22:00:56.791212
107,2023-02-21 00:00:00+05:30,137.8000030517578,140.89999389648438,137.39999389648438,137.89999389648438,10372,0.0,0.0,2023-02-21,139.68250045776367,3.1790984560108924,142.86159891377457,136.50340200175276,146.04069736978545,133.32430354574188,-16.570804749515425,-60.14548904807887,1766784,18912.090993297777,32850.17024208658,136.7075929988045,66.25325182012358,138.73332722981772,140.06666056315106,136.56666056315106,142.23332722981772,135.23332722981772,143.56666056315106,133.06666056315106,-0.10027709320914956,-60.36587578422223,-1.8474952239691333,-1.8567383253111225,0.009243101341989135,46.17360735105908,10.189954611536196,138.4699951171875,139.68250045776367,143.0570002746582,144.24599983215333,BIRLACABLE.BO,2023-08-21 22:00:56.791212
108,2023-02-20 00:00:00+05:30,141.6999969482422,141.6999969482422,135.25,137.39999389648438,20903,0.0,0.0,2023-02-20,140.13000106811523,3.525973881764232,143.65597494987946,136.604027186351,147.1819488316437,133.07805330458677,-33.84253849466442,-61.19206571142378,1756412,37975.90459907568,36334.690054283776,136.7064639778679,60.05402692044237,138.11666361490884,140.9833272298177,134.5333302815755,144.56666056315103,131.66666666666666,147.43332417805988,128.08333333333331,-0.10693617422331697,-63.96398377895388,-1.8985166620326481,-1.8590491006466197,-0.03946756138602847,45.555570408230686,10.336200308479357,137.37999572753907,140.13000106811523,143.34000045776367,144.13299987792968,BIRLACABLE.BO,2023-08-21 22:00:56.791212
109,2023-02-17 00:00:00+05:30,136.0500030517578,146.6999969482422,135.6999969482422,140.64999389648438,35091,0.0,0.0,2023-02-17,140.65500106811524,3.8636272422804274,144.51862831039566,136.79137382583482,148.3822555526761,132.92774658355438,50.59606584204329,-23.60149701443542,1777315,65260.178298037994,35924.38641808579,136.70513804806936,70.75064517556252,141.01666259765625,146.3333282470703,135.3333282470703,152.01666259765625,130.01666259765625,157.3333282470703,124.33332824707031,-0.10750081791771364,-44.4444749925539,-1.8858317355831673,-1.8491822103001123,-0.036649525283054984,48.947764518426936,10.493695674418149,137.29999694824218,140.65500106811524,143.60500045776368,144.03549995422364,BIRLACABLE.BO,2023-08-21 22:00:56.791212
110,2023-02-16 00:00:00+05:30,141.9499969482422,141.9499969482422,134.6999969482422,136.39999389648438,18491,0.0,0.0,2023-02-16,140.9875015258789,4.139473581336806,145.1269751072157,136.8480279445421,149.26644868855252,132.7085543632053,-51.91454804953927,-54.93282674391476,1742224,33349.363018669384,28590.438448097742,136.69243611798356,61.8702978229038,137.6833292643229,140.66666158040363,133.41666158040363,144.9333292643229,130.4333292643229,147.91666158040363,126.16666158040363,-0.12067581169389285,-65.26613541593649,-2.1610937352716064,-1.8400198289793483,-0.32107390629225807,43.87279409541625,10.561651271525395,137.42999877929688,140.9875015258789,143.95500045776367,143.8915000152588,BIRLACABLE.BO,2023-08-21 22:00:56.791212
111,2023-02-15 00:00:00+05:30,136.39999389648438,141.1999969482422,131.39999389648438,140.0,27162,0.0,0.0,2023-02-15,141.58250198364257,4.297591311314115,145.88009329495668,137.28491067232846,150.17768460627082,132.98731936101433,-68.02968160330204,-58.28092756064508,1760715,50280.84576555327,27400.707305454827,136.69293314591843,51.641221412420705,137.53333028157553,143.66666666666669,133.86666361490887,147.33333333333334,127.73332722981772,153.4666697184245,124.06666056315106,-0.11049504730350676,-45.09804089183104,-2.062208057065561,-1.7597513524062838,-0.30245670465927743,47.59415006371656,11.168645165936436,138.9,141.58250198364257,144.39000045776368,143.8565000152588,BIRLACABLE.BO,2023-08-21 22:00:56.791212
112,2023-02-14 00:00:00+05:30,138.0500030517578,138.0500030517578,131.5,132.4499969482422,6510,0.0,0.0,2023-02-14,141.95000228881835,4.466101515928521,146.41610380474688,137.48390077288983,150.88220532067538,133.01779925696133,-197.69363517414996,-98.28898774215668,1733553,11401.073222569006,21680.672690430212,136.68465618998601,39.9132194311196,134.0,136.5,129.9499969482422,140.5500030517578,127.44999694824219,143.0500030517578,123.39999389648438,-0.2412875274385028,-87.3949622932798,-2.258904902631855,-1.6841371762414643,-0.5747677263903905,37.22473544689987,11.661807000452368,139.16000061035157,141.95000228881835,144.75100051879883,143.80349998474122,BIRLACABLE.BO,2023-08-21 22:00:56.791212
113,2023-02-13 00:00:00+05:30,141.8000030517578,142.3000030517578,136.5500030517578,137.0,9171,0.0,0.0,2023-02-13,142.69000244140625,4.0122382650293735,146.70224070643562,138.67776417637688,150.71447897146498,134.66552591134752,-93.49909682235442,-54.37852440966708,1740063,16613.07609440626,24250.572557395513,136.68719789984385,39.917305862645186,138.61666870117188,140.68333435058594,134.93333435058594,144.36666870117188,132.86666870117188,146.43333435058594,129.18333435058594,-0.2500624766088752,-61.904757834124624,-1.7329497315908498,-1.5404452446438666,-0.1925044869469832,41.85974712960293,11.499144667504384,140.24000244140626,142.69000244140625,145.27700057983398,143.82500007629395,BIRLACABLE.BO,2023-08-21 22:00:56.791212
114,2023-02-10 00:00:00+05:30,145.60000610351562,147.8000030517578,140.6999969482422,141.3000030517578,21460,0.0,0.0,2023-02-10,143.32250213623047,4.064786509603567,147.38728864583405,139.2577156266269,151.4520751554376,135.19292911702334,88.20115649143838,-7.118342239974445,1749234,40094.48897780633,26159.946673142826,136.68693318381085,38.85018682503357,143.26666768391928,145.83333841959637,138.73333231608075,150.3666737874349,136.16666158040366,152.933344523112,131.63332621256512,-0.21610630325643068,-48.00935395663503,-1.4814172793464593,-1.4923191229071204,0.01090184356066115,46.994753207807,12.298986493046051,140.6700012207031,143.32250213623047,145.70000045776368,143.8385001373291,BIRLACABLE.BO,2023-08-21 22:00:56.791212
115,2023-02-09 00:00:00+05:30,142.0,146.10000610351562,139.25,143.75,11676,0.0,0.0,2023-02-09,143.71250228881837,4.231301561417182,147.94380385023555,139.4812007274012,152.17510541165274,135.249899165984,96.97480950681181,-11.264250442117412,1770694,22192.934602451103,22676.311096976948,136.67777995089736,39.15822910523745,143.03333536783853,146.81667073567706,139.96666463216144,149.88334147135416,136.1833292643229,153.6666768391927,133.11665852864581,-0.1741459228122326,-36.53396169509017,-1.5604189512014557,-1.4950445837972857,-0.06537436740417002,50.256494400613356,12.368553457008506,140.52000122070314,143.71250228881837,146.0090003967285,143.83700004577636,BIRLACABLE.BO,2023-08-21 22:00:56.791212
116,2023-02-08 00:00:00+05:30,139.9499969482422,143.89999389648438,137.1999969482422,141.3000030517578,5814,0.0,0.0,2023-02-08,144.02500228881837,4.45889083186407,148.48389312068244,139.5661114569543,152.9427839525465,135.10722062509024,26.750684902355022,-36.217556042079536,1759018,10862.505075347904,22797.15522060841,136.67013677740977,34.12577875715665,140.79999796549478,144.39999898274738,137.7000020345052,147.49999491373697,134.1000010172526,151.09999593098956,131.000005086263,-0.1748574124185989,-48.00935395663503,-1.8792098979305365,-1.4787009919462433,-0.40050890598429323,46.8297294861653,12.787581584743466,139.89000244140624,144.02500228881837,146.2770002746582,143.80000007629394,BIRLACABLE.BO,2023-08-21 22:00:56.791212
117,2023-02-07 00:00:00+05:30,139.0,140.35000610351562,137.0,137.85000610351562,13239,0.0,0.0,2023-02-07,144.34750213623047,4.484607039253144,148.83210917548362,139.86289509697733,153.31671621473677,135.37828805772418,-61.155329729060526,-63.22747507074214,1753204,24130.96921218569,25780.817756923534,136.66764389888152,29.512160339343296,138.4000040690104,139.80000813802081,136.4500020345052,141.75001017252603,135.04999796549478,143.15001424153644,133.09999593098956,-0.20637464594764257,-64.16858562858332,-2.0175984575836026,-1.3785737654501697,-0.6390246921334328,41.566155775012184,13.701289488967307,139.70000305175782,144.34750213623047,146.7020002746582,143.88650001525878,BIRLACABLE.BO,2023-08-21 22:00:56.791212
118,2023-02-06 00:00:00+05:30,140.0,141.5,138.0,139.14999389648438,8002,0.0,0.0,2023-02-06,145.04500198364258,4.505636820997549,149.55063880464013,140.53936516264503,154.05627562563768,136.03372834164747,-46.098935896347754,-55.188349024030785,1766443,14722.939666197854,26193.27989310799,136.66619246865866,36.88584931093404,139.54999796549478,141.09999593098956,137.59999593098956,143.04999796549478,136.04999796549478,144.59999593098956,134.09999593098956,-0.2670034010353434,-59.50228743684175,-1.8244356495461318,-1.2188175924168114,-0.6056180571293204,43.05757942136471,14.008481407140321,141.3000030517578,145.04500198364258,147.14300003051758,143.97900001525878,BIRLACABLE.BO,2023-08-21 22:00:56.791212
119,2023-02-03 00:00:00+05:30,141.3000030517578,141.3000030517578,136.10000610351562,140.5500030517578,10022,0.0,0.0,2023-02-03,145.60750198364258,4.432601666425644,150.04010365006823,141.17490031721692,154.47270531649386,136.7422986507913,-62.73693328757704,-61.21325277780396,1774445,18625.075910805594,29060.86494983552,136.664348182887,31.28160423473969,139.3166707356771,142.53333536783856,137.33333841959637,144.51666768391928,134.1166737874349,147.73333231608075,132.13334147135419,-0.28418333806867513,-53.167406130855476,-1.67751485750955,-1.0674130781344813,-0.6101017793750687,44.66001289234979,14.539574065620878,141.0800048828125,145.60750198364258,147.55600021362304,144.0976013946533,BIRLACABLE.BO,2023-08-21 22:00:56.791212
120,2023-02-02 00:00:00+05:30,140.39999389648438,142.8000030517578,138.9499969482422,140.60000610351562,11339,0.0,0.0,2023-02-02,146.03000183105468,4.326611765722603,150.35661359677727,141.7033900653321,154.68322536249988,137.37677829960947,-46.484046148162335,-50.59521307647064,1784467,21080.11076527382,31669.812209592998,136.66073129135327,29.824893144761617,140.78333536783853,142.61667378743488,138.76666768391925,144.63334147135416,136.9333292643229,146.4666798909505,134.91666158040363,-0.31817666947919865,-52.94114804059251,-1.6018745200046283,-0.9148876332907141,-0.6869868867139142,44.715200664901424,15.06716483426511,140.2100036621094,146.03000183105468,147.8070002746582,144.13637382507324,BIRLACABLE.BO,2023-08-21 22:00:56.791212
121,2023-02-01 00:00:00+05:30,146.9499969482422,148.0500030517578,138.3000030517578,140.35000610351562,14466,0.0,0.0,2023-02-01,146.61000137329103,4.337885822789673,150.9478871960807,142.27211555050135,155.28577301887037,137.93422972771168,-32.22268465202862,-39.94069681210019,1773128,26845.6355696231,34317.23757067279,136.65657825705665,34.69177436672628,142.23333740234375,146.1666717529297,136.4166717529297,151.98333740234375,132.48333740234375,155.9166717529297,126.66667175292969,-0.37175052126803615,-55.773374706043874,-1.4856856835993995,-0.7431409116122354,-0.7425447719871641,44.39618357913253,16.18004324714367,140.51000366210937,146.61000137329103,148.0720002746582,144.1588077545166,BIRLACABLE.BO,2023-08-21 22:00:56.791212
122,2023-01-31 00:00:00+05:30,138.89999389648438,147.60000610351562,138.10000610351562,145.85000610351562,27271,0.0,0.0,2023-01-31,147.52750091552736,4.854038789580458,152.38153970510783,142.67346212594688,157.23557849468827,137.81942333636644,-14.154690978189484,-27.72267529703363,1787594,52592.07532025709,36185.138070935216,136.65160389853622,40.851914793838326,143.85000610351562,149.60000610351562,140.10000610351562,153.35000610351562,134.35000610351562,159.10000610351562,130.60000610351562,-0.4476867782325126,-31.808229907097566,-1.289797162995768,-0.5575047186154443,-0.7322924443803238,50.32905566573843,17.378527691782114,141.4000030517578,147.52750091552736,148.31800003051757,144.18918632507325,BIRLACABLE.BO,2023-08-21 22:00:56.791212
123,2023-01-30 00:00:00+05:30,130.1999969482422,139.9499969482422,130.1999969482422,138.0500030517578,10139,0.0,0.0,2023-01-30,148.35250091552734,5.853259685840802,154.20576060136815,142.49924122968653,160.05902028720894,136.64598154384575,-153.33390547838553,-107.78311523587725,1760323,18507.354226618518,32083.40375860474,136.62818984908392,29.90122939416112,136.06666564941406,141.93333435058594,132.18333435058594,145.81666564941406,126.31666564941406,151.68333435058594,122.43333435058594,-0.11916165489187704,-66.16376234432909,-1.5611247818745255,-0.3744316075203633,-1.1866931743541622,39.721094108013396,18.58754098720015,141.60000305175782,148.35250091552734,148.49699996948243,144.20069633483888,BIRLACABLE.BO,2023-08-21 22:00:56.791212
124,2023-01-27 00:00:00+05:30,140.3000030517578,143.39999389648438,133.5500030517578,136.1999969482422,21940,0.0,0.0,2023-01-27,148.34750061035157,5.86255942195568,154.21006003230724,142.4849411883959,160.07261945426293,136.6223817664402,-201.32250134515306,-99.96164331225125,1750184,39511.772700759786,35477.416141601294,136.62684302171385,51.72213621178371,137.71666463216147,141.88332621256512,132.03333536783856,147.56665547688803,127.8666737874349,151.73331705729169,122.183344523112,-0.1291964799814856,-90.2214214326938,-1.1166708300101789,-0.07775831393182278,-1.038912516078356,36.745933511604605,18.326455410750572,143.57000122070312,148.34750061035157,148.77800003051757,144.3085196685791,BIRLACABLE.BO,2023-08-21 22:00:56.791212
125,2023-01-25 00:00:00+05:30,142.25,144.3000030517578,139.1999969482422,142.10000610351562,17867,0.0,0.0,2023-01-25,148.29500045776368,5.98058116109498,154.27558161885867,142.3144192966687,160.25616277995363,136.33383813557373,-236.8780381335524,-64.72215681742523,1772124,33570.55550137208,34468.82700181167,136.62771976674037,65.20211612849442,141.86666870117188,144.53334045410156,139.43333435058594,146.9666748046875,136.76666259765625,149.6333465576172,134.3333282470703,-0.11747101905173415,-86.48014187474702,-0.34851826280717546,0.18196981508776625,-0.5304880778949417,43.03629371864724,18.57622265279334,145.79000244140624,148.29500045776368,148.99900009155274,144.3695092010498,BIRLACABLE.BO,2023-08-21 22:00:56.791212
126,2023-01-24 00:00:00+05:30,146.5500030517578,147.85000610351562,143.25,144.8000030517578,5985,0.0,0.0,2023-01-24,147.98250045776368,6.464992668585989,154.44749312634966,141.5175077891777,160.91248579493566,135.0525151205917,-227.92951342681783,-33.48781541482129,1789991,11458.968338771081,34693.394876921564,136.6185509583063,65.91960919194594,145.3000030517578,147.35000610351562,142.75,149.90000915527344,140.6999969482422,151.95001220703125,138.14999389648438,-0.11927642974643402,-91.09193335940775,0.05916886874106808,0.31459183456150164,-0.25542296582043356,46.412494032971516,19.895823552935976,147.03000183105468,147.98250045776368,149.02800003051757,144.13441627502442,BIRLACABLE.BO,2023-08-21 22:00:56.791212
127,2023-01-23 00:00:00+05:30,146.1999969482422,151.5500030517578,146.10000610351562,146.85000610351562,13504,0.0,0.0,2023-01-23,147.44000015258788,7.163589247664101,154.603589400252,140.27641090492378,161.7671786479161,133.11282165725967,-70.63010602805134,-8.479695148104238,1795976,26220.996460945837,40502.00151145918,136.61395653706975,57.32138083509656,148.1666717529297,150.23333740234375,144.78334045410156,153.61666870117188,142.7166748046875,155.68333435058594,139.33334350585938,-0.10093427078600788,-94.84535650014472,0.3143266503093969,0.37844757601661005,-0.06412092570721317,49.12983450911,20.626507963814014,147.54000244140624,147.44000015258788,149.06699996948242,143.87281829833984,BIRLACABLE.BO,2023-08-21 22:00:56.791212
128,2023-01-20 00:00:00+05:30,147.35000610351562,149.6999969482422,147.0,147.89999389648438,21678,0.0,0.0,2023-01-20,146.6,8.15305918800039,154.75305918800038,138.4469408119996,162.90611837600076,130.29388162399923,-73.62676224557582,-10.990053164680495,1809480,42393.58672216117,44072.252774087516,136.60097034859407,73.67234206282977,148.1999969482422,149.39999389648438,146.6999969482422,150.89999389648438,145.5,152.09999084472656,144.0,-0.04305340854455299,-92.41382116558908,0.43434916630621956,0.3944778074434133,0.03987135886280624,50.53708061795985,20.691590219995106,147.62000122070313,146.6,149.0379997253418,143.60061935424804,BIRLACABLE.BO,2023-08-21 22:00:56.791212
129,2023-01-19 00:00:00+05:30,148.5500030517578,149.1999969482422,147.0,147.3000030517578,5555,0.0,0.0,2023-01-19,145.29750022888183,9.840618258985703,155.13811848786753,135.45688196989613,164.97873674685323,125.61626371091043,-102.56403942517505,-16.888063284799554,1787802,10819.311201920591,44491.919287069104,136.57791177678277,81.65527471602385,147.83333333333334,148.66666666666669,146.4666697184245,150.03333028157553,145.63333638509116,150.86666361490887,144.2666727701823,-0.0523142665303049,-64.18603704881298,0.4780254205657286,0.38450996772771173,0.09351545283801688,49.77371413538818,21.09489689502582,147.97000122070312,145.29750022888183,149.18399978637694,143.31445587158203,BIRLACABLE.BO,2023-08-21 22:00:56.791212
130,2023-01-18 00:00:00+05:30,150.5,150.5,147.4499969482422,148.3000030517578,14791,0.0,0.0,2023-01-18,144.40499992370604,10.440608455353695,154.84560837905974,133.96439146835235,165.28621683441344,123.52378301299865,-69.44439852680402,-9.62777782651972,1793357,29003.572202980038,52910.07130835622,136.57230177481023,82.49501043087926,148.75,150.0500030517578,147.0,151.8000030517578,145.6999969482422,153.10000610351562,143.9499969482422,-0.11176358393932158,-61.08526185501454,0.5857914592791644,0.3611311045182075,0.22466035476095692,50.991627170722325,21.618579729471996,148.3300018310547,144.40499992370604,149.38099960327148,143.0446863555908,BIRLACABLE.BO,2023-08-21 22:00:56.791212
131,2023-01-17 00:00:00+05:30,147.5500030517578,152.3000030517578,147.0,147.35000610351562,14750,0.0,0.0,2023-01-17,143.92499961853028,10.472741050649443,154.3977406691797,133.45225856788085,164.87048171982917,122.97951751723139,-68.02706132577529,-9.86281143955577,1778566,28737.89622688524,58886.69608470027,136.55594056774623,83.40054580957563,148.88333638509116,150.7666727701823,145.4666697184245,154.18333943684897,143.58333333333334,156.06667582194012,140.16666666666669,-0.12576612875421575,-57.681542279841906,0.6164041685519237,0.3049660158279683,0.3114381527239554,49.91043622282241,22.080439431134867,148.6700012207031,143.92499961853028,149.66999954223633,142.75254302978516,BIRLACABLE.BO,2023-08-21 22:00:56.791212
132,2023-01-16 00:00:00+05:30,149.5500030517578,150.6999969482422,146.25,147.25,17706,0.0,0.0,2023-01-16,143.88749961853028,10.461167949380384,154.34866756791067,133.4263316691499,164.80983551729105,122.96516371976952,-88.80645887458971,-18.321450568372843,1763816,34473.75231866459,66423.89604915402,136.54090268822983,83.45327248892713,148.06666564941406,149.88333129882812,145.43333435058594,152.51666259765625,143.61666870117188,154.3333282470703,140.98333740234375,-0.1203262496176609,-57.96088891389398,0.7398185614090664,0.22710647764697944,0.512712083762087,49.80219103697575,22.577826802156423,148.75,143.88749961853028,149.77199935913086,142.47682891845704,BIRLACABLE.BO,2023-08-21 22:00:56.791212
133,2023-01-13 00:00:00+05:30,149.6999969482422,150.64999389648438,148.6999969482422,149.64999389648438,19064,0.0,0.0,2023-01-13,143.88499946594237,10.460327979074656,154.34532744501703,133.4246714868677,164.8056554240917,122.96434350779306,-65.20891054281381,-4.758494780545584,1781522,37722.76572978543,74411.43198177638,136.52296321195956,86.13875836718981,149.66666158040366,150.63332621256512,148.68332926432294,151.61665852864584,147.71666463216147,152.5833231608073,146.73333231608075,-0.10963442110531872,-50.273989324700345,0.8964660963768267,0.09892845670645768,0.7975376396703691,52.322028157925125,23.35314459067361,149.66000061035157,143.88499946594237,149.822999420166,142.16548843383788,BIRLACABLE.BO,2023-08-21 22:00:56.791212
134,2023-01-12 00:00:00+05:30,153.14999389648438,153.14999389648438,147.3000030517578,149.10000610351562,9901,0.0,0.0,2023-01-12,143.74500007629393,10.397658831024021,154.14265890731795,133.34734124526992,164.54031773834197,122.9496824142459,-25.014524253795248,-3.7159000254679264,1762458,19519.537152402077,83583.5985447741,136.49924396023425,88.97222784474545,149.8500010172526,152.39999898274738,146.55000813802081,155.69999186197916,144.00001017252603,158.24998982747394,140.70001729329425,-0.12430866839366228,-39.41604817386174,0.8470765551836621,-0.10045595321113457,0.9475325083947966,51.80309679592707,23.70862063305841,149.81000061035155,143.74500007629393,149.76499954223632,141.83064292907716,BIRLACABLE.BO,2023-08-21 22:00:56.791212
135,2023-01-11 00:00:00+05:30,147.9499969482422,151.6999969482422,147.0,150.0,12207,0.0,0.0,2023-01-11,143.76749992370605,10.41033575294526,154.1778356766513,133.3571641707608,164.58817142959657,122.94682841781554,-2.7145169478298325,-5.564406665619777,1772359,24211.015031245413,99599.6138928671,136.487407984319,87.21534402991408,149.56666564941406,152.13333129882812,147.43333435058594,154.26666259765625,144.86666870117188,156.8333282470703,142.73333740234375,-0.13378119847850817,-37.53910562169466,0.8251739471274675,-0.3373390803098337,1.1625130274373012,52.67423185663173,24.091440986395884,149.78999938964844,143.76749992370605,149.67699935913086,141.53891372680664,BIRLACABLE.BO,2023-08-21 22:00:56.791212
136,2023-01-10 00:00:00+05:30,152.35000610351562,153.39999389648438,146.5,147.75,14313,0.0,0.0,2023-01-10,143.77999992370604,10.418360170821165,154.1983600945272,133.36163975288488,164.61672026534836,122.94327958206371,7.420989661034075,-7.6662860833964235,1760152,27962.175331373997,118446.76360827251,136.4717412295678,79.33482005989518,149.21666463216147,151.93332926432294,145.03333536783856,156.11665852864584,142.3166707356771,158.8333231608073,138.13334147135419,-0.16358995479676292,-42.23149382440649,0.6959935735664828,-0.6279673371691591,1.323960910735642,50.75168712605776,24.68560917235233,150.22999877929686,143.77999992370604,149.65799942016602,141.22284103393554,BIRLACABLE.BO,2023-08-21 22:00:56.791212
137,2023-01-09 00:00:00+05:30,152.10000610351562,160.64999389648438,149.10000610351562,151.8000030517578,76050,0.0,0.0,2023-01-09,143.88749961853028,10.472431593834774,154.35993121236507,133.4150680246955,164.83236280619982,122.94263643086074,52.025274616986444,34.02991309329288,1774465,152645.42499418437,141067.91067749713,136.45638816897187,77.99759298248847,153.8500010172526,158.59999593098956,147.05000813802081,165.39998881022134,142.30001322428384,170.14998372395831,135.50002034505206,-0.18811247795764038,-33.78518869506637,0.7416491017563089,-0.9589575648530695,1.7006066666093784,54.44872881670051,25.325482603382348,152.4199981689453,143.88749961853028,149.6309992980957,140.92035919189453,BIRLACABLE.BO,2023-08-21 22:00:56.791212
138,2023-01-06 00:00:00+05:30,149.35000610351562,157.5,147.25,150.39999389648438,63481,0.0,0.0,2023-01-06,143.89999961853027,10.482517458230507,154.3825170767608,133.41748216029976,164.86503453499128,122.93496470206927,49.06396120868035,16.368269117428294,1698415,126242.14695236013,138173.53209832532,136.3445984576134,70.75841317560172,151.71666463216147,156.18332926432294,145.93332926432294,161.96666463216147,141.46666463216147,166.43332926432294,135.68332926432294,-0.1359145768151834,-36.70491600346354,0.3900009683299288,-1.384109231505414,1.7741101998353428,53.35812196416837,25.592906850023947,154.52999877929688,143.89999961853027,149.47899917602538,140.5818318939209,BIRLACABLE.BO,2023-08-21 22:00:56.791212
139,2023-01-05 00:00:00+05:30,154.1999969482422,154.9499969482422,147.35000610351562,149.0,13515,0.0,0.0,2023-01-05,143.91249961853026,10.49082216716622,154.40332178569648,133.42167745136405,164.8941439528627,122.93085528419782,54.86353094481424,3.7506212390049884,1634934,26626.563094369343,141156.37838481663,136.2585959667616,62.67690212369931,150.43333435058594,153.51666259765625,145.9166717529297,158.0333251953125,142.83334350585938,161.1166534423828,138.31668090820312,-0.1344859741530781,-39.62461148956658,0.07175538145750693,-1.8276367814642496,1.8993921629217565,52.29759100941349,26.217317168137527,152.03999938964844,143.91249961853026,149.12799942016602,140.25285011291504,BIRLACABLE.BO,2023-08-21 22:00:56.791212
140,2023-01-04 00:00:00+05:30,157.9499969482422,159.35000610351562,151.1999969482422,152.1999969482422,49967,0.0,0.0,2023-01-04,144.3699993133545,10.915288912653065,155.28528822600757,133.45471040070143,166.20057713866063,122.53942148804836,95.4447997081454,34.883753267132704,1648449,100556.63059545736,169788.83220742847,136.24197624847736,61.71228181607342,154.25,157.3000030517578,149.14999389648438,162.40000915527344,146.09999084472656,165.45001220703125,140.99998474121094,-0.15689840149941073,-32.950999076835245,-0.19890442377024442,-2.3024848221946885,2.103580398424444,54.949433974080314,27.16852119117386,149.2699981689453,144.3699993133545,148.77399948120117,139.93885818481445,BIRLACABLE.BO,2023-08-21 22:00:56.791212
141,2023-01-03 00:00:00+05:30,163.0,168.0,156.8000030517578,158.6999969482422,167272,0.0,0.0,2023-01-03,144.6674991607666,11.216849105959886,155.88434826672648,133.45065005480672,167.10119737268636,122.23380094884682,180.51983505778998,92.11552168775586,1698416,351004.72421384125,187096.88261042122,136.16464552418068,62.67540766420633,161.16666666666666,165.5333302815755,154.33333333333331,172.36666361490884,149.96666971842447,176.7333272298177,143.13333638509113,-0.16220193352952358,-19.39521093566773,-0.8575685037936864,-2.8283799218007992,1.9708114180071128,60.760653022266936,27.618354514297863,146.0,144.6674991607666,148.39699966430663,139.6878971862793,BIRLACABLE.BO,2023-08-21 22:00:56.791212
142,2023-01-02 00:00:00+05:30,142.9499969482422,165.5,135.75,162.35000610351562,238692,0.0,0.0,2023-01-02,144.63499946594237,11.174914729652782,155.80991419559516,133.4600847362896,166.98482892524794,122.2851700066368,175.0372913327337,38.57590252078905,1865688,512392.7385411497,146119.92220956623,135.7930415079742,55.723170869291756,154.53333536783853,173.31667073567706,143.56667073567706,184.28333536783853,124.78333536783853,203.06667073567706,113.81667073567706,-0.1589261155377624,-6.930680105592842,-2.3280161743722942,-3.321082776302577,0.9930666019302827,64.30679148256056,27.195483088403023,141.05,144.63499946594237,147.8359996032715,139.39668380737305,BIRLACABLE.BO,2023-08-21 22:00:56.791212
143,2022-12-30 00:00:00+05:30,140.8000030517578,140.8000030517578,136.0,137.9499969482422,10541,0.0,0.0,2022-12-30,144.4549991607666,10.90016765393788,155.35516681470446,133.55483150682872,166.25533446864236,122.65466385289083,23.30629542771175,-102.15523589965674,1626996,19227.2114409848,54551.71812667034,135.15308506127428,28.096604404679837,138.25,140.5,135.6999969482422,143.0500030517578,133.4499969482422,145.3000030517578,130.89999389648438,-0.3637901551294085,-47.58419591305661,-4.534832409202551,-3.5693494267851475,-0.9654829824174032,44.02988239616606,26.956144005437373,134.58999938964843,144.4549991607666,147.19099960327148,139.03580856323242,BIRLACABLE.BO,2023-08-21 22:00:56.791212
144,2022-12-29 00:00:00+05:30,132.1999969482422,137.35000610351562,132.1999969482422,135.14999389648438,7320,0.0,0.0,2022-12-29,145.46499900817872,11.197498019379283,156.662497027558,134.26750098879944,167.85999504693729,123.07000296942016,-22.136526677655805,-138.25869991938927,1616455,13080.968660980161,63382.844798091726,135.15010546698764,23.368938928575176,134.8999989827474,137.60000101725262,132.44999186197919,140.05000813802084,129.74998982747397,142.75001017252606,127.29998270670575,-0.35690637878726955,-55.78332783748739,-4.888485135334008,-3.327978681180796,-1.560506454153212,40.423474386648216,28.00105706466626,131.36999969482423,145.46499900817872,147.05899978637694,138.93823654174804,BIRLACABLE.BO,2023-08-21 22:00:56.791212
145,2022-12-28 00:00:00+05:30,136.0,138.3000030517578,133.14999389648438,135.85000610351562,18768,0.0,0.0,2022-12-28,146.54499931335448,11.191912445891655,157.73691175924614,135.35308686746282,168.9288242051378,124.16117442157118,-24.703469593474605,-139.42979939184153,1623775,33712.46051082549,75958.31383236962,135.15010554958732,22.40716408707047,135.76666768391928,138.38334147135419,133.23333231608075,140.91667683919272,130.61665852864584,143.53335062662762,128.0833231608073,-0.36520736741689425,-60.64755802331194,-4.9914419593696095,-2.937852067642493,-2.0535898917271167,41.03731110217458,28.354724787702626,130.2300003051758,146.54499931335448,146.96399978637695,138.90331130981446,BIRLACABLE.BO,2023-08-21 22:00:56.791212
146,2022-12-27 00:00:00+05:30,133.5,135.4499969482422,131.5,133.9499969482422,38764,0.0,0.0,2022-12-27,147.60999870300293,11.133916263959241,158.74391496696217,136.4760824390437,169.8778312309214,125.34216617508444,-50.86376172804854,-173.88744261139345,1605007,68656.88362441439,86519.77716275565,135.14877449023408,27.432768122410693,133.63333129882812,135.76666259765625,131.81666564941406,137.5833282470703,129.68333435058594,139.71665954589844,127.86666870117188,-0.3831282186660871,-66.786148297961,-5.1165705808444955,-2.4244545947107135,-2.692115986133782,38.69083855887408,28.87198222191273,130.79999847412108,147.60999870300293,146.8359996032715,138.8999922180176,BIRLACABLE.BO,2023-08-21 22:00:56.791212
147,2022-12-26 00:00:00+05:30,120.05000305175781,131.39999389648438,120.05000305175781,130.0500030517578,48077,0.0,0.0,2022-12-26,149.0399990081787,11.123772080380856,160.16377108855957,137.91622692779785,171.28754316894043,126.79245484741699,-115.46401818720867,-258.75806368909764,1566243,82672.39521375256,90985.50054734095,135.15350185965198,19.372057137826786,127.16666666666667,134.28333028157553,122.93333943684897,138.51665751139325,115.81667582194011,145.6333211263021,111.5833485921224,-0.4226579596325239,-76.10513216812309,-5.012127223640022,-1.7514255981772677,-3.2607016254627537,33.658751334868825,28.78414091601337,133.3300003051758,149.0399990081787,146.8079997253418,138.91022888183593,BIRLACABLE.BO,2023-08-21 22:00:56.791212
148,2022-12-23 00:00:00+05:30,130.0,130.0,121.30000305175781,121.8499984741211,17143,0.0,0.0,2022-12-23,150.53249855041503,10.422132940365996,160.95463149078103,140.11036561004903,171.37676443114702,129.68823266968303,-189.30097321816854,-312.44462693828797,1518166,27620.093659441747,93063.77688073803,135.1785852965472,28.623415438949877,124.38333384195964,127.46666463216147,118.76666768391928,133.08333079020184,115.68333689371745,136.16666158040366,110.06667073567709,-0.4723766709771969,-98.75987477812822,-4.418376447358725,-0.9362501918115792,-3.4821262555471453,20.999181905625335,27.68892114747057,136.75999908447267,150.53249855041503,146.8629997253418,138.8956164550781,BIRLACABLE.BO,2023-08-21 22:00:56.791212
149,2022-12-22 00:00:00+05:30,138.0,139.14999389648438,128.10000610351562,129.4499969482422,84516,0.0,0.0,2022-12-22,152.42999877929688,8.12723469573055,160.55723347502743,144.30276408356633,168.68446817075798,136.17552938783578,-234.61380312753448,-231.08381863555974,1535309,144661.7693697191,109424.69768606209,135.20198521708676,35.66573598830679,132.23333231608072,136.36665852864581,125.31667073567706,143.28332010904947,121.18334452311197,147.41664632161456,114.26668294270831,-0.4424062496544716,-96.40481682132705,-2.783674223150115,-0.06571862792479272,-2.7179555952253223,25.125526813849106,26.14440972283762,141.76000061035157,152.42999877929688,147.11899963378906,138.95211517333985,BIRLACABLE.BO,2023-08-21 22:00:56.791212
150,2022-12-21 00:00:00+05:30,147.35000610351562,148.75,137.0,138.6999969482422,30442,0.0,0.0,2022-12-21,153.61249923706055,6.067121103461285,159.67962034052184,147.54537813359926,165.74674144398313,141.47825703013797,-180.68704073071368,-121.00118327519706,1619825,55829.33139819576,100615.42976514783,135.25220509949636,43.97280138788594,141.48333231608072,145.96666463216144,134.21666463216144,153.23333231608072,129.73333231608072,157.71666463216144,122.46666463216144,-0.4255537122377628,-94.06632701429373,-1.3970678278926982,0.6137702708815378,-2.010838098774236,32.29828246380535,25.188195577271355,145.78000183105468,153.61249923706055,147.24299957275392,138.9380583190918,BIRLACABLE.BO,2023-08-21 22:00:56.791212
151,2022-12-20 00:00:00+05:30,149.75,149.75,144.60000610351562,146.60000610351562,56768,0.0,0.0,2022-12-20,154.36999969482423,4.950208700143721,159.32020839496795,149.4197909946805,164.27041709511167,144.4695822945368,-103.38909145403814,-51.49065537513893,1650267,110039.94785418235,111811.95435688584,135.24132830549195,44.642821442035206,146.98333740234375,149.36666870117188,144.2166748046875,152.13333129882812,141.83334350585938,154.51666259765625,139.06668090820312,-0.42892652435562195,-90.49880684174053,-0.5116086123299226,1.1164797955750967,-1.6280884079050193,41.750486151801745,25.444005236765314,148.09000244140626,154.36999969482423,147.25999969482422,138.81269325256346,BIRLACABLE.BO,2023-08-21 22:00:56.791212
152,2022-12-19 00:00:00+05:30,145.25,149.5,145.1999969482422,147.1999969482422,70888,0.0,0.0,2022-12-19,154.67249908447266,4.624546972106587,159.29704605657926,150.04795211236606,163.92159302868583,145.4234051402595,-103.3138965556165,-40.31087934300284,1707035,137972.7492852184,112254.9559825617,135.17411109175296,46.06839804771755,147.29999796549478,149.39999898274738,145.09999593098956,151.6000010172526,142.99999491373697,153.7000020345052,140.79999287923175,-0.4370667634828258,-90.22004744029113,-0.1482320544797915,1.5235018975513515,-1.671733952031143,42.630342850031106,27.372957129411663,148.75,154.67249908447266,147.2559994506836,138.637035446167,BIRLACABLE.BO,2023-08-21 22:00:56.791212
153,2022-12-16 00:00:00+05:30,149.8000030517578,154.0,145.1999969482422,146.85000610351562,26949,0.0,0.0,2022-12-16,155.05249938964843,4.27743297153926,159.3299323611877,150.77506641810916,163.60736533272694,146.49763344656992,-93.76394552209263,-19.605186529108593,1636147,52327.43140003176,105825.50765689753,135.0845828369575,54.45852971711792,148.68333435058594,152.1666717529297,143.36666870117188,157.48333740234375,139.88333129882812,160.9666748046875,134.56666564941406,-0.43090691471160864,-93.7381071230443,0.26015598646102944,1.9414353855591369,-1.6812793990981074,41.9678963154809,29.349112649647576,149.72000122070312,155.05249938964843,147.05199951171875,138.4474584197998,BIRLACABLE.BO,2023-08-21 22:00:56.791212
154,2022-12-15 00:00:00+05:30,151.85000610351562,152.8000030517578,148.35000610351562,149.5500030517578,38185,0.0,0.0,2022-12-15,155.31499938964845,3.8912210178799067,159.20622040752835,151.42377837176855,163.09744142540825,147.53255735388865,-87.23705012660982,-0.258944279351478,1663096,75507.83443517273,119200.02672111397,135.05119014747626,57.564041775990844,150.23333740234375,152.11666870117188,147.6666717529297,154.68333435058594,145.78334045410156,156.56666564941406,143.2166748046875,-0.40653601200062933,-94.0170572328262,0.8135434707604361,2.3617552353336637,-1.5482117645732276,45.752253348045876,31.477280132978557,150.47999877929686,155.31499938964845,146.7509994506836,138.26237113952638,BIRLACABLE.BO,2023-08-21 22:00:56.791212
155,2022-12-14 00:00:00+05:30,150.8000030517578,153.85000610351562,149.6999969482422,150.25,47143,0.0,0.0,2022-12-14,155.19999923706055,4.099004698621168,159.29900393568172,151.10099453843938,163.3980086343029,147.0019898398182,-92.0588894148765,12.702748348095804,1701281,93657.91606624877,130123.07479259929,134.99264694311825,62.40598870709376,151.26666768391928,152.83333841959637,148.68332926432294,155.41667683919272,147.11665852864584,156.9833475748698,144.5333201090495,-0.3883696464518489,-91.02561845347668,1.2438119372598635,2.7488081764769703,-1.5049962392171068,46.767493032099445,32.96553518567637,152.1999969482422,155.19999923706055,146.3339993286133,138.0443445587158,BIRLACABLE.BO,2023-08-21 22:00:56.791212
156,2022-12-13 00:00:00+05:30,153.0,154.1999969482422,149.10000610351562,149.89999389648438,67990,0.0,0.0,2022-12-13,154.86499938964843,4.747355893339038,159.61235528298747,150.1176434963094,164.3597111763265,145.37028760297036,-128.93116651426976,14.54022661526069,1654138,134759.51834079876,139239.3644741869,134.91620740577417,59.25754666533369,151.06666564941406,153.0333251953125,147.93333435058594,156.16665649414062,145.9666748046875,158.13331604003906,142.83334350585938,-0.37674028487797645,-92.52137044738882,1.7069012299624546,3.1250572362812465,-1.418156006318792,46.21335768764733,34.20057671891573,153.77999572753907,154.86499938964843,145.89299926757812,137.82624732971192,BIRLACABLE.BO,2023-08-21 22:00:56.791212
157,2022-12-12 00:00:00+05:30,150.0,154.0,148.60000610351562,152.0500030517578,75038,0.0,0.0,2022-12-12,154.7074996948242,4.967876725586456,159.67537642041066,149.73962296923776,164.6432531459971,144.7717462436513,-182.6644138159804,20.878008896408197,1722128,150862.2140469037,140359.32600753393,134.80715440193066,67.24962805169568,151.5500030517578,154.5,149.10000610351562,156.9499969482422,146.15000915527344,159.89999389648438,143.70001220703125,-0.35062925845786747,-83.33330072909595,2.3084040129360233,3.4795962378609446,-1.1711922249249214,49.13063019424094,35.53062144701964,155.40999755859374,154.7074996948242,145.43499938964842,137.63095329284667,BIRLACABLE.BO,2023-08-21 22:00:56.791212
158,2022-12-09 00:00:00+05:30,159.25,160.1999969482422,148.14999389648438,150.64999389648438,31632,0.0,0.0,2022-12-09,154.37499923706054,5.362012724723362,159.7370119617839,149.01298651233716,165.09902468650725,143.65097378761382,-233.34580963941337,33.961576365327204,1647090,63009.86717117172,137733.60399769148,134.66752918826452,72.67747268798041,152.99999491373697,157.84999593098956,145.79999287923175,165.04999796549478,140.94999186197916,169.89999898274738,133.74998982747394,-0.4139139294063375,-89.31624349626975,2.831790704436827,3.772394294092175,-0.940603589655348,47.11192873494177,36.997972550293895,156.7499969482422,154.37499923706054,144.9259992980957,137.28200675964356,BIRLACABLE.BO,2023-08-21 22:00:56.791212
159,2022-12-08 00:00:00+05:30,158.10000610351562,161.89999389648438,157.5,158.14999389648438,56729,0.0,0.0,2022-12-08,154.60249938964844,5.291712780075097,159.89421216972355,149.31078660957334,165.18592494979865,144.01907382949824,-35.11022885308102,79.95992774607987,1678722,118627.97069854406,156414.5382043214,134.6127861380948,76.57341100386387,159.1833292643229,160.86665852864581,156.46666463216144,163.58332316080728,154.78333536783853,165.2666524251302,152.06667073567706,-0.4128709858109717,-62.03706189273922,3.596858041355887,4.007545191506011,-0.4106871501501246,58.69970836581755,38.578196815358474,158.2499969482422,154.60249938964844,144.4659994506836,136.94458549499512,BIRLACABLE.BO,2023-08-21 22:00:56.791212
160,2022-12-07 00:00:00+05:30,159.10000610351562,161.14999389648438,157.0,158.14999389648438,126501,0.0,0.0,2022-12-07,154.55249938964843,5.26106488007954,159.81356426972798,149.2914345095689,165.07462914980752,144.03036962948934,-24.074227132886616,80.70501656333147,1735451,264530.6090595026,165861.18008076574,134.46730903318868,77.0884569215813,158.76666259765625,160.5333251953125,156.38333129882812,162.91665649414062,154.61666870117188,164.68331909179688,152.23333740234375,-0.37774091791707737,-56.54013029848642,3.7832418584514187,4.1102169790435426,-0.32697512059212386,58.69970836581756,37.742869506686155,157.96999816894532,154.55249938964843,143.8279995727539,136.57324539184572,BIRLACABLE.BO,2023-08-21 22:00:56.791212
161,2022-12-06 00:00:00+05:30,158.0,165.64999389648438,157.0500030517578,158.0500030517578,131155,0.0,0.0,2022-12-06,154.78249969482422,5.520756605747076,160.3032563005713,149.26174308907716,165.8240129063184,143.74098648333006,39.82176575872916,95.04066416362592,1608950,274089.34564823046,141193.8228360815,134.13634044418265,91.4513117342156,160.25,163.4499969482422,154.85000610351562,168.84999084472656,151.65000915527344,172.04998779296875,146.25001525878906,-0.27328852099438355,-47.285459043650825,3.964547777938094,4.1919607591915735,-0.22741298125347953,58.58259090698858,36.927103570174204,157.7699981689453,154.78249969482422,143.3229995727539,136.1929960632324,BIRLACABLE.BO,2023-08-21 22:00:56.791212
162,2022-12-05 00:00:00+05:30,156.3000030517578,161.5500030517578,156.3000030517578,158.75,82058,0.0,0.0,2022-12-05,154.50249938964845,5.488228090795651,159.9907274804441,149.0142712988528,165.47895557123974,143.52604320805716,14.680079808192374,89.98958635522499,1740105,172245.32977807123,107969.94213304423,133.78475452022474,87.81301244212425,158.86666870117188,161.43333435058594,156.18333435058594,164.11666870117188,153.61666870117188,166.68333435058594,150.93333435058594,-0.160103794662773,-43.537411788396994,4.14645297353519,4.248814004504943,-0.10236103096975313,59.682686029994386,36.033341796399924,158.6699981689453,154.50249938964845,142.85599945068358,135.7711808013916,BIRLACABLE.BO,2023-08-21 22:00:56.791212
163,2022-12-02 00:00:00+05:30,157.5,161.8000030517578,155.89999389648438,158.14999389648438,76310,0.0,0.0,2022-12-02,154.05499954223632,5.488549765598781,159.5435493078351,148.56644977663754,165.03209907343387,143.07790001103876,18.40644881601732,91.94748239081147,1658047,159574.4759118951,91901.09522178747,133.55297733499307,82.5519237676288,158.61666361490884,161.33333333333331,155.43332417805988,164.51667277018228,152.7166544596354,167.23334248860675,149.53331502278644,-0.1521829815883684,-45.57824823966049,4.247582608244954,4.274404262247382,-0.02682165400242731,59.07095315257129,35.51899754476233,158.89999694824218,154.05499954223632,142.3729995727539,135.33939582824706,BIRLACABLE.BO,2023-08-21 22:00:56.791212
164,2022-12-01 00:00:00+05:30,158.64999389648438,161.10000610351562,156.1999969482422,156.75,13796,0.0,0.0,2022-12-01,153.4849998474121,5.631001773866159,159.11600162127826,147.85399807354594,164.74700339514442,142.22299629967978,16.1300932101124,91.28732728340206,1581737,28593.908882015185,74982.75004926056,133.3387654131581,74.57138214247733,158.01666768391928,159.83333841959637,154.93332926432294,162.91667683919272,153.11665852864584,164.7333475748698,150.0333201090495,-0.1456353717290422,-50.34013075843943,4.371793383965951,4.281109675747988,0.09068370821796279,57.67968373757047,34.965088350691076,159.22999877929686,153.4849998474121,141.97699981689453,134.93736862182618,BIRLACABLE.BO,2023-08-21 22:00:56.791212
165,2022-11-30 00:00:00+05:30,163.8000030517578,165.14999389648438,156.60000610351562,157.14999389648438,25209,0.0,0.0,2022-11-30,152.88249969482422,5.901433188253832,158.78393288307805,146.9810665065704,164.68536607133188,141.07963331831655,57.27069242548518,106.24654208285064,1595533,52382.08494052852,86579.9603410719,133.30184712348552,74.82257646524816,159.63333129882812,162.66665649414062,154.11666870117188,168.18331909179688,151.08334350585938,171.21664428710938,145.56668090820312,-0.14000872407824716,-48.979607724681706,4.6024597095963315,4.258438748693497,0.3440209609028342,58.20459287765969,34.44326217921403,158.5,152.88249969482422,141.66499969482422,134.51914924621582,BIRLACABLE.BO,2023-08-21 22:00:56.791212
166,2022-11-29 00:00:00+05:30,160.85000610351562,171.5500030517578,160.85000610351562,162.5500030517578,75375,0.0,0.0,2022-11-29,152.47750015258788,5.8710143972729245,158.3485145498608,146.60648575531496,164.21952894713374,140.73547135804202,153.74891500765034,148.25738251295192,1620742,162004.50848083766,95129.42919120775,133.23292993467538,63.61802748212519,164.98333740234375,169.11666870117188,158.4166717529297,175.68333435058594,154.28334045410156,179.81666564941406,147.7166748046875,-0.14459611726366414,-30.612235365190976,4.788654928975376,4.172433508467789,0.6162214205075873,65.69961997335987,33.78232656426139,157.84000244140626,152.47750015258788,141.32299987792967,134.15830406188965,BIRLACABLE.BO,2023-08-21 22:00:56.791212
167,2022-11-28 00:00:00+05:30,163.0,164.8000030517578,158.0500030517578,159.89999389648438,28650,0.0,0.0,2022-11-28,151.6699996948242,5.512411922486032,157.18241161731024,146.1575877723382,162.6948235397963,140.64517584985214,136.48914663300374,127.65989008140991,1545367,60573.946157389364,78410.65936880026,132.97740451369475,63.89502828492657,160.91666666666666,163.7833302815755,157.0333302815755,167.66666666666666,154.16666666666666,170.5333302815755,150.2833302815755,-0.12978058255623123,-24.78815504477419,4.422666771388691,4.018378153340891,0.4042886180477998,63.56143827116427,31.98836708840171,155.86000061035156,151.6699996948242,141.07099975585936,133.60239723205567,BIRLACABLE.BO,2023-08-21 22:00:56.791212
168,2022-11-25 00:00:00+05:30,154.0,164.64999389648438,154.0,159.8000030517578,51633,0.0,0.0,2022-11-25,150.8849998474121,5.395371603835442,156.28037145124753,145.48962824357668,161.675743055083,140.09425663974122,139.69935555117206,124.31652895191226,1516717,109098.03697576212,82869.83767165299,132.88791568949065,66.54057714167249,159.48333231608072,164.96666463216144,154.31667073567706,170.1333262125651,148.83333841959634,175.61665852864581,143.6666768391927,-0.10643653653938061,-25.21184495522581,4.148066671719221,3.917305998828941,0.23076067289027957,63.481670764122526,30.61625519304466,154.84000244140626,150.8849998474121,140.815,133.0640813446045,BIRLACABLE.BO,2023-08-21 22:00:56.791212
169,2022-11-24 00:00:00+05:30,154.6999969482422,156.60000610351562,152.89999389648438,153.10000610351562,16570,0.0,0.0,2022-11-24,149.5375,6.335195176486533,155.87269517648653,143.20230482351346,162.20789035297307,136.86710964702692,53.78862245753746,93.51961417695335,1465084,33543.66484686797,76312.7878456257,132.72573038299277,64.58603336782514,154.20000203450522,155.50001017252606,151.7999979654948,157.90001424153647,150.49998982747397,159.2000223795573,148.09998575846356,-0.11435899907602406,-53.60165519024989,3.7434934201575913,3.8596158306063706,-0.11612241044877925,57.72396970359674,29.15215690596,153.3000030517578,149.5375,140.63920257568358,132.53072502136231,BIRLACABLE.BO,2023-08-21 22:00:56.791212
170,2022-11-23 00:00:00+05:30,153.6999969482422,161.0,152.0,153.85000610351562,77418,0.0,0.0,2022-11-23,148.4474998474121,7.464696204577763,155.91219605198987,140.98280364283434,163.37689225656763,133.51810743825658,66.70673724015892,108.60854686929898,1481654,157489.73752004732,87005.06859531513,132.68624992388405,66.66593972933859,155.61666870117188,159.23333740234375,150.23333740234375,164.61666870117188,146.61666870117188,168.23333740234375,141.23333740234375,-0.09939490419549622,-50.42368991045162,3.828645647225187,3.8886464332185655,-0.060000785993378436,58.685742736200716,28.39746194757678,152.1300018310547,148.4474998474121,140.4657473754883,132.08268188476563,BIRLACABLE.BO,2023-08-21 22:00:56.791212
171,2022-11-22 00:00:00+05:30,153.0500030517578,155.0,150.64999389648438,152.64999389648438,7185,0.0,0.0,2022-11-22,147.4224998474121,8.066978964323358,155.48947881173547,139.35552088308873,163.5564577760588,131.2885419187654,10.325599223623566,94.67120643345932,1404236,14502.282388317833,69383.90136413208,132.49289197838465,61.07936643067198,152.76666259765625,154.88333129882812,150.5333251953125,157.11666870117188,148.41665649414062,159.23333740234375,146.18331909179688,-0.04260621601275716,-55.50848608282417,3.805792882679498,3.9036466297169095,-0.09785374703741168,57.63707565071437,27.584713530856384,150.07000122070312,147.4224998474121,140.245615234375,131.64495704650878,BIRLACABLE.BO,2023-08-21 22:00:56.791212
172,2022-11-21 00:00:00+05:30,155.0,156.39999389648438,149.9499969482422,154.8000030517578,34809,0.0,0.0,2022-11-21,146.3224998474121,8.784666978221052,155.10716682563316,137.53783286919105,163.8918338038542,128.75316589097,27.10502336744049,107.82596468627318,1411421,71248.43110344607,83104.30610808564,132.4757858946973,64.82935783878253,153.71666463216147,157.48333231608075,151.03333536783856,160.16666158040366,147.26666768391928,163.93332926432294,144.58333841959637,-0.04317570202116542,-46.39828015388097,3.8370539108448156,3.928110066476262,-0.09105615563144642,60.178343529874645,27.4510084030708,148.89000244140624,146.3224998474121,140.0603726196289,131.20438369750977,BIRLACABLE.BO,2023-08-21 22:00:56.791212
173,2022-11-18 00:00:00+05:30,149.85000610351562,157.75,147.85000610351562,152.10000610351562,78021,0.0,0.0,2022-11-18,145.0875,9.253829519307173,154.34132951930718,135.83367048069283,163.59515903861436,126.57984096138566,16.775578745633542,106.51364028455681,1376612,156911.05325367622,86068.27485924553,132.3836237139574,66.83012736414207,152.5666707356771,157.28333536783856,147.38334147135419,162.46666463216147,142.66667683919272,167.18332926432294,137.4833475748698,-0.0736257460202418,-57.83894222998093,3.6071969935697723,3.9508741053841234,-0.3436771118143511,58.019942396290425,27.307018265455557,147.01000061035157,145.0875,139.9043927001953,130.71211822509767,BIRLACABLE.BO,2023-08-21 22:00:56.791212
174,2022-11-17 00:00:00+05:30,144.0,150.25,143.0,147.25,32052,0.0,0.0,2022-11-17,144.05,9.58356385303758,153.6335638530376,134.46643614696242,163.21712770607516,124.88287229392485,-60.197398621454205,66.76317973430235,1298591,62405.55231660664,68357.58026063786,132.1994782328219,63.06209962462602,146.83333333333334,150.66666666666669,143.41666666666669,154.08333333333334,139.58333333333334,157.91666666666669,136.16666666666669,-0.066572483455528,-57.542779197923856,3.524164776301035,4.036793383337711,-0.5126286070366763,53.847383693440506,27.151951963408372,147.62999877929687,144.05,139.83903930664061,130.22062019348144,BIRLACABLE.BO,2023-08-21 22:00:56.791212
175,2022-11-16 00:00:00+05:30,147.89999389648438,150.5,142.14999389648438,143.5500030517578,12795,0.0,0.0,2022-11-16,143.2074996948242,10.018235367571931,153.22573506239613,133.1892643272523,163.24397042996807,123.17102895968034,-80.29642240663755,57.158449620936935,1266539,24286.016738126335,69845.58724664566,132.14150886702114,60.40099460227388,145.3999989827474,148.65000406901044,140.2999979654948,153.75000508626303,137.04999287923178,157.00001017252606,131.94999186197919,-0.07774447499745321,-57.812489755452084,3.8421140571698515,4.16495053509688,-0.3228364779270283,50.35163955143661,28.00569900678493,149.60999755859376,143.2074996948242,139.74001831054687,129.77118782043456,BIRLACABLE.BO,2023-08-21 22:00:56.791212
176,2022-11-15 00:00:00+05:30,144.0500030517578,150.0,144.0500030517578,146.75,22950,0.0,0.0,2022-11-15,142.50249938964845,10.478415967040002,152.98091535668846,132.02408342260844,163.45933132372846,121.54566745556845,-73.84581361127506,71.25403745134841,1279334,44532.142847775474,81235.47987377549,132.12394060733914,61.14466886700214,146.93333435058594,149.81666564941406,143.86666870117188,152.88333129882812,140.98333740234375,155.76666259765625,137.9166717529297,-0.06528981143816578,-49.47916470054131,4.5553652744398505,4.2456596545786365,0.30970561986121403,53.61282564072267,28.92511889965199,153.4499969482422,142.50249938964845,139.24083251953124,129.36865447998048,BIRLACABLE.BO,2023-08-21 22:00:56.791212
177,2022-11-14 00:00:00+05:30,154.9499969482422,154.9499969482422,144.60000610351562,145.39999389648438,34573,0.0,0.0,2022-11-14,141.79249954223633,10.655059951033754,152.4475594932701,131.13743959120256,163.10261944430383,120.48237964016882,-52.82422417849736,81.7007634098706,1256384,66468.25053824252,90411.3141302755,132.0834297547729,64.00681440481634,148.31666564941406,152.0333251953125,141.68333435058594,158.66665649414062,137.9666748046875,162.38331604003906,131.33334350585938,-0.06574750583506375,-52.99480545541424,5.084371068702012,4.168233249613333,0.9161378190886786,52.40523351720944,29.533489827777263,154.58999633789062,141.79249954223633,138.67863662719728,128.86433280944823,BIRLACABLE.BO,2023-08-21 22:00:56.791212
178,2022-11-11 00:00:00+05:30,159.9499969482422,161.0500030517578,154.4499969482422,155.1999969482422,12193,0.0,0.0,2022-11-11,141.1625,10.802019152852676,151.96451915285266,130.36048084714733,162.76653830570535,119.55846169429464,86.2688696805356,154.2739436524763,1290957,25021.59993071597,96397.08002828374,132.02763331281875,68.73585376212267,156.8999989827474,159.35000101725262,152.749994913737,163.50000508626303,150.29999287923178,165.95000712076825,146.14998881022137,-0.012682001956053549,-27.473965188902014,5.8175780114187035,3.9391987948411638,1.8783792165775397,63.558547881071284,30.080405906022044,155.46999816894532,141.1625,138.1632389831543,128.44181465148927,BIRLACABLE.BO,2023-08-21 22:00:56.791212
179,2022-11-10 00:00:00+05:30,161.0500030517578,165.75,151.8000030517578,157.14999389648438,113629,0.0,0.0,2022-11-10,140.1349998474121,10.365009512521048,150.50000935993316,129.76999033489105,160.8650188724542,119.40498082237,120.2634241672572,172.82257069261834,1303150,236111.0686543423,114240.95005267567,131.99334071414773,70.34748855017065,158.23333231608072,164.66666158040363,150.71666463216144,172.1833292643229,144.28333536783853,178.61665852864581,136.76666768391925,0.007159405350355807,-22.39584833797422,5.7030081449295835,3.469603990696779,2.2334041542328045,66.16020449098747,28.41162278594218,153.77999877929688,140.1349998474121,137.4449119567871,127.91436714172363,BIRLACABLE.BO,2023-08-21 22:00:56.791212
180,2022-11-09 00:00:00+05:30,152.0500030517578,164.0,151.75,162.75,82449,0.0,0.0,2022-11-09,139.05999984741212,9.593659577220453,148.65365942463256,129.46634027019167,158.24731900185301,119.87268069297122,143.28199679061748,196.10290513461376,1416779,177426.78516159582,83773.42040225901,131.6415432098196,94.89192660037212,159.5,167.25,155.0,171.75,147.25,179.5,142.75,0.07722956274457322,-3.4106410585477422,5.277869629371452,2.9112529521385784,2.3666166772328734,74.26681985432106,26.61447173354848,151.28999938964844,139.05999984741212,136.70837310791015,127.43077369689941,BIRLACABLE.BO,2023-08-21 22:00:56.791212
181,2022-11-07 00:00:00+05:30,151.0,154.75,148.39999389648438,152.4499969482422,79250,0.0,0.0,2022-11-07,137.9,7.816446159015638,145.71644615901565,130.08355384098437,153.5328923180313,122.26710768196872,85.98692869427667,138.91238869395096,1334330,159749.49156738276,60360.079212424804,131.3226510459783,93.42201183457927,151.86666361490884,155.33333333333331,148.9833272298177,158.21666971842447,145.51665751139322,161.68333943684894,142.63332112630206,-0.12991724349203612,-16.193673997422565,4.102080025327751,2.3195987828303597,1.7824812424973917,67.45642083001937,24.820518923813726,148.55,137.9,135.835086517334,126.89315994262695,BIRLACABLE.BO,2023-08-21 22:00:56.791212
182,2022-11-04 00:00:00+05:30,147.0,151.0,143.8000030517578,149.8000030517578,17826,0.0,0.0,2022-11-04,137.5974998474121,7.32536019872103,144.92286004613314,130.27213964869108,152.24822024485417,122.94677944997005,65.65384393417433,107.6840174045401,1255080,35308.43903681072,35512.72612368531,131.112406551368,87.54351762594438,148.20000203450522,152.60000101725262,145.40000406901044,155.3999989827474,141.00000508626303,159.7999979654948,138.20000712076825,-0.2165012228858967,-24.0,3.548954544561184,1.8739784722060113,1.6749760723551725,65.25990646888866,23.7751679677086,147.33999938964843,137.5974998474121,135.1816584777832,126.4451824951172,BIRLACABLE.BO,2023-08-21 22:00:56.791212
183,2022-11-03 00:00:00+05:30,145.39999389648438,149.5,145.39999389648438,146.75,5868,0.0,0.0,2022-11-03,136.9574996948242,6.7388155155059835,143.6963152103302,130.21868417931822,150.4351307258362,123.47986866381224,69.75668239111947,98.28455835427432,1237254,11386.257700686121,35563.79789540395,131.0704827189782,86.50210098122031,147.21666463216147,149.03333536783856,144.93332926432294,151.3166707356771,143.11665852864584,153.13334147135419,140.8333231608073,-0.2741440595437635,-33.760009765625,3.0479985242249654,1.4552344541172182,1.5927640701077472,62.55916147022149,23.098962533820433,146.21999816894532,136.9574996948242,134.50797744750977,126.09052360534668,BIRLACABLE.BO,2023-08-21 22:00:56.791212
184,2022-11-02 00:00:00+05:30,149.6999969482422,150.85000610351562,144.0,144.6999969482422,6316,0.0,0.0,2022-11-02,136.20999984741212,6.416888266405884,142.626888113818,129.79311158100623,149.0437763802239,123.37622331460035,81.01451514017842,89.47038767194657,1231386,12084.353943348904,41608.18294408341,131.058895018558,85.7286016633154,146.51666768391928,149.03333536783856,142.18332926432294,153.3666737874349,139.66666158040366,155.88334147135419,135.3333231608073,-0.2560561777763851,-40.32001953125,2.660820305949102,1.0570434365902812,1.6037768693588206,60.649889061246,21.97240473117208,143.43999938964845,136.20999984741212,133.89628631591796,125.78517303466796,BIRLACABLE.BO,2023-08-21 22:00:56.791212
185,2022-11-01 00:00:00+05:30,155.0,157.3000030517578,147.1999969482422,149.0500030517578,45103,0.0,0.0,2022-11-01,135.4099998474121,6.299008853615711,141.7090087010278,129.1109909937964,148.00801755464354,122.81198214018069,155.46220036880425,143.21206941498608,1237702,88889.44869622342,48989.140194267035,131.04803547326858,84.76946107095854,151.18333435058594,155.1666717529297,145.06666564941406,161.28334045410156,141.0833282470703,165.2666778564453,134.96665954589844,-0.2512878559932579,-26.4,2.326693640587962,0.656099219250576,1.6705944213373858,67.42461129783985,20.75918863601231,140.76000061035157,135.4099998474121,133.40082809448242,125.4899284362793,BIRLACABLE.BO,2023-08-21 22:00:56.791212
186,2022-10-31 00:00:00+05:30,146.0,151.0,145.0,146.39999389648438,72545,0.0,0.0,2022-10-31,134.36749954223632,5.610474484514151,139.97797402675047,128.75702505772216,145.58844851126463,123.14655057320802,209.4445186305552,114.89006057500137,1192599,140430.466119725,39014.063068777934,130.94511033697603,79.40650146542335,147.46666463216147,149.93332926432294,143.93332926432294,153.46666463216147,141.46666463216147,155.93332926432294,137.93332926432294,-0.164879747967194,-18.436900465591886,1.4352476324598058,0.23845061391622946,1.1967970185435763,65.22740670766711,18.687329736483683,137.62000122070313,134.36749954223632,132.78768264770508,125.16553741455078,BIRLACABLE.BO,2023-08-21 22:00:56.791212
187,2022-10-28 00:00:00+05:30,133.75,147.9499969482422,133.60000610351562,144.1999969482422,16311,0.0,0.0,2022-10-28,133.39749984741212,5.071863541285315,138.46936338869745,128.3256363061268,143.54122692998274,123.25377276484149,289.31787205634816,64.82202735679951,1120054,31099.874223656687,13659.962306041165,130.801666610386,46.52499628494237,141.91666666666666,150.2333272298177,135.88333638509113,156.26665751139322,127.5666758219401,164.58331807454425,121.53334554036456,0.03139749903443715,-17.12329244348324,0.533166180792989,-0.060748640719664654,0.5939148215126537,63.320189771445236,17.068214184656593,134.47000122070312,133.39749984741212,132.20971908569337,124.89684867858887,BIRLACABLE.BO,2023-08-21 22:00:56.791212
188,2022-10-27 00:00:00+05:30,127.3499984741211,133.75,127.3499984741211,132.85000610351562,4823,0.0,0.0,2022-10-27,132.51749992370605,4.60421020050908,137.12171012421513,127.91328972319698,141.7259203247242,123.3090795226879,-18.851939694119686,-38.970388885255026,1103743,8472.11094443578,9299.984326637285,130.77364798300786,43.38048352179967,131.31666819254556,135.28333791097003,128.88333638509113,137.71666971842447,124.91666666666666,141.68333943684894,122.48333485921222,-0.043922313927756154,-68.29834956076733,-0.4131833447080169,-0.2092273460978281,-0.2039559986101888,50.2474402124888,15.664863656114816,131.6500030517578,132.51749992370605,131.6846646118164,124.65560447692872,BIRLACABLE.BO,2023-08-21 22:00:56.791212
189,2022-10-25 00:00:00+05:30,133.14999389648438,133.6999969482422,130.10000610351562,131.3000030517578,6707,0.0,0.0,2022-10-25,132.25749969482422,4.729561333569019,136.98706102839324,127.5279383612552,141.71662236196227,122.79837702768619,-12.130418639582498,-29.993234296273386,1098920,11644.097579315996,9506.95267218766,130.7723632770523,48.031429357269005,131.70000203450522,133.2999979654948,129.70000712076825,135.29999287923178,128.10001118977866,136.89998881022137,126.10001627604169,-0.09948032076774731,-75.5244720422665,-0.5007350275777469,-0.15823834644528087,-0.342496681132466,47.89243545045042,16.46702021317376,131.35000305175782,132.25749969482422,131.37770080566406,124.51796112060546,BIRLACABLE.BO,2023-08-21 22:00:56.791212
190,2022-10-24 00:00:00+05:30,131.39999389648438,134.1999969482422,131.39999389648438,133.35000610351562,2360,0.0,0.0,2022-10-24,132.00499954223633,4.914556166567166,136.9195557088035,127.09044337566917,141.83411187537067,122.175887209102,21.203440511195502,-14.00726248283575,1105627,4161.192782920055,8972.666445405574,130.77190889215754,54.71548396152954,132.98333231608072,134.56667073567706,131.76666768391925,135.78333536783853,130.1833292643229,137.36667378743488,128.96666463216144,-0.10457670970283624,-65.96734689812605,-0.4525890024033572,-0.07261417616216434,-0.37997482624119283,50.848341534978154,16.59232593430389,131.1700012207031,132.00499954223633,131.10371688842773,124.40274703979492,BIRLACABLE.BO,2023-08-21 22:00:56.791212
191,2022-10-21 00:00:00+05:30,131.6999969482422,132.0500030517578,130.0,130.64999389648438,2044,0.0,0.0,2022-10-21,131.98249893188478,4.909101271952629,136.8916002038374,127.07339765993214,141.80070147579005,122.16429638797952,-60.80687753720019,-29.296772949811455,1103267,3531.0435906318476,10175.534861026954,130.7711274425731,58.58908415554213,130.8999989827474,131.7999979654948,129.749994913737,132.95000203450522,128.8499959309896,133.85000101725262,127.69999186197919,-0.13299561080680794,-78.55481818563369,-0.5859843312940427,0.022379530398133868,-0.6083638616921766,46.835313577928936,16.358741188408896,130.38999938964844,131.98249893188478,130.97879470825194,124.30365943908691,BIRLACABLE.BO,2023-08-21 22:00:56.791212
192,2022-10-20 00:00:00+05:30,129.3000030517578,131.9499969482422,129.3000030517578,130.10000610351562,2119,0.0,0.0,2022-10-20,132.18499908447265,4.9347069994128425,137.1197060838855,127.25029208505981,142.05441308329833,122.31558508564697,-76.5774114883683,-29.604440948251057,1101223,3645.197530308739,11836.65767862573,130.77115925150034,59.39505821868796,130.45000203450522,131.60000101725262,128.95000712076825,133.0999959309896,127.80000813802084,134.249994913737,126.30001322428387,-0.1250961340813889,-81.11886420529441,-0.48198193151017676,0.17447049582117802,-0.6564524273313548,46.001381070409,16.530397649763273,130.77000122070314,132.18499908447265,130.9573680114746,124.23899627685547,BIRLACABLE.BO,2023-08-21 22:00:56.791212
193,2022-10-19 00:00:00+05:30,127.5,136.9499969482422,127.5,131.35000610351562,10581,0.0,0.0,2022-10-19,132.40999908447264,4.9372264396031635,137.3472255240758,127.47277264486948,142.28445196367898,122.53554620526631,-61.403471380904016,-13.068543209917356,1103342,18376.788008011452,13884.522715704976,130.7713420087159,61.69264871314484,131.93333435058594,136.36666870117188,126.91667175292969,141.38333129882812,122.48333740234375,145.81666564941406,117.4666748046875,-0.14686064726333156,-75.2913575486912,-0.2873591229110275,0.33858360265401666,-0.6259427255650442,47.576310306195616,16.73484697121216,131.31000061035155,132.40999908447264,130.88061752319337,124.15953994750977,BIRLACABLE.BO,2023-08-21 22:00:56.791212
194,2022-10-18 00:00:00+05:30,128.0,132.4499969482422,128.0,130.39999389648438,9658,0.0,0.0,2022-10-18,132.75999908447267,5.10344564546973,137.8634447299424,127.65655343900293,142.96689037541213,122.5531077935332,-90.92413819109557,-22.596611905381923,1092761,16652.428048613427,12761.456392628355,130.77055411776195,51.993380497451106,130.28333028157553,132.56666056315106,128.11666361490887,134.73332722981772,125.83333333333334,137.01665751139325,123.66666666666669,-0.18048058547312443,-74.34785262398098,-0.15693508579681748,0.49506928404527767,-0.6520043698420952,46.27832851426952,16.955023163541732,131.96999816894532,132.75999908447267,130.81747329711914,124.08243225097657,BIRLACABLE.BO,2023-08-21 22:00:56.791212
195,2022-10-17 00:00:00+05:30,126.05000305175781,134.0500030517578,126.05000305175781,129.4499969482422,8183,0.0,0.0,2022-10-17,133.29749908447266,5.399328686962493,138.69682777143515,127.89817039751017,144.09615645839764,122.49884171054768,-96.72385003821843,-22.91027530523128,1083103,14006.427880548199,11788.713478632086,130.77101522181263,50.96220419833221,129.8500010172526,133.64999898274738,125.64999898274738,137.8500010172526,121.8500010172526,141.64999898274738,117.64999898274738,-0.19479209931781066,-78.47827413807745,0.10598681674332511,0.6580703765058014,-0.5520835597624763,45.01415336460759,18.053502424128553,133.0199981689453,133.29749908447266,130.84262283325197,123.98166282653808,BIRLACABLE.BO,2023-08-21 22:00:56.791212
196,2022-10-14 00:00:00+05:30,134.89999389648438,136.64999389648438,131.0,132.5500030517578,2248,0.0,0.0,2022-10-14,133.82749938964844,5.520665891364539,139.34816528101297,128.3068334982839,144.86883117237753,122.78616760691936,-24.46889742156529,6.082522451221273,1091286,3939.933055565028,11234.284878153057,130.77240944543036,44.76351705071208,133.3999989827474,135.7999979654948,130.15000406901044,139.04999287923178,127.75000508626303,141.44999186197919,124.50001017252606,-0.30017328631611606,-59.68061926919851,0.5345609699474778,0.7960912664464203,-0.26153029649894244,48.470254455199196,19.236480089375895,135.03999938964844,133.82749938964844,130.96398483276369,123.96810081481934,BIRLACABLE.BO,2023-08-21 22:00:56.791212
197,2022-10-13 00:00:00+05:30,133.35000610351562,135.14999389648438,132.0500030517578,132.8000030517578,817,0.0,0.0,2022-10-13,134.69749908447267,6.578442573048697,141.27594165752137,128.11905651142396,147.85438423057008,121.54061393837527,-13.598662557167799,8.124030676236112,1093534,1434.606965849671,13057.872833800066,130.77189390137593,41.62295969784715,133.33333333333334,134.61666361490887,131.5166727701823,136.4333241780599,130.23334248860678,137.71665445963544,128.41668192545575,-0.23994519337332146,-58.68261539876602,0.7698627169618817,0.8614738405711558,-0.09161112360927415,48.750546304587964,19.39951947145459,137.80999755859375,134.69749908447267,131.01245803833007,123.94680168151855,BIRLACABLE.BO,2023-08-21 22:00:56.791212
198,2022-10-12 00:00:00+05:30,133.0500030517578,137.6999969482422,131.25,134.64999389648438,9171,0.0,0.0,2022-10-12,135.41249923706056,7.11647241061675,142.5289716476773,128.2960268264438,149.64544405829406,121.17955441582706,14.592246915038382,18.536059011999708,1094351,16328.106530756444,15963.689300787664,130.77168010705918,35.40446287427268,134.53333028157553,137.81666056315106,131.36666361490887,140.98332722981772,128.08333333333334,144.26665751139325,124.91666666666669,-0.23948534159889648,-51.29742330555889,1.0348344579581976,0.8843766214734744,0.15045783648472322,50.76784851635485,19.837843422603036,138.64999694824218,135.41249923706056,130.92823318481445,123.8749920654297,BIRLACABLE.BO,2023-08-21 22:00:56.791212
199,2022-10-11 00:00:00+05:30,136.89999389648438,140.39999389648438,133.8000030517578,135.64999389648438,683,0.0,0.0,2022-10-11,136.2305061340332,7.919201961639828,144.14970809567302,128.31130417239336,152.06891005731285,120.39210221075354,49.65407783119291,34.83280806995167,1103522,1225.0484804623673,15872.584993295468,130.76708541273993,34.932337976727354,136.61666361490884,139.43332417805988,132.83333333333331,143.2166544596354,130.01667277018228,146.03331502278644,126.23334248860675,-0.01459847488516091,-47.30540782382893,1.1762032028901217,0.8467621623522936,0.3294410405378281,51.84465852724743,20.309884600762903,138.0799987792969,136.2305061340332,130.78523071289064,123.76092483520507,BIRLACABLE.BO,2023-08-21 22:00:56.791212
200,2022-10-10 00:00:00+05:30,142.9499969482422,143.39999389648438,137.60000610351562,139.5500030517578,17353,0.0,0.0,2022-10-10,136.66936874389648,8.125848872832384,144.79521761672888,128.5435198710641,152.92106648956124,120.41767099823171,115.0193696993957,60.82822600707643,1104205,32019.69647722778,19534.469121503742,130.76665455431083,31.365579396276033,140.18333435058594,142.76666259765625,136.9666748046875,145.9833221435547,134.3833465576172,148.566650390625,131.16668701171875,-0.02258615247035549,-31.73651089708877,1.240891926281904,0.7644019022178365,0.4764900240640675,56.15830167594965,20.255932171542575,136.68999938964845,136.66936874389648,130.6331170654297,123.68437309265137,BIRLACABLE.BO,2023-08-21 22:00:56.791212
201,2022-10-07 00:00:00+05:30,137.14999389648438,147.5,137.14999389648438,146.39999389648438,11250,0.0,0.0,2022-10-07,136.83403854370118,8.220120537908919,145.0541590816101,128.61391800579227,153.274279619519,120.39379746788335,213.5136426610711,87.42194738212851,1121558,21777.417380204104,16413.16228257273,130.74691920988482,32.80250549781684,143.6833292643229,150.21666463216144,139.86665852864581,154.03333536783853,133.33332316080728,160.56667073567706,129.5166524251302,-0.030122376760225358,-4.391241395231827,0.9208198912977537,0.6452793962018196,0.27554049509593403,64.9755117026755,19.288849646267266,134.4199981689453,136.83403854370118,130.36538681030274,123.54852813720703,BIRLACABLE.BO,2023-08-21 22:00:56.791212
202,2022-10-06 00:00:00+05:30,130.5500030517578,140.0,130.5500030517578,137.0,3515,0.0,0.0,2022-10-06,136.68343200683594,8.061698659311554,144.7451306661475,128.62173334752438,152.80682932545906,120.56003468821284,131.46925354719733,38.960949394867406,1110308,6367.349522608004,15072.09850816489,130.72408451065374,18.621987183184217,135.8500010172526,141.14999898274738,131.7000020345052,145.29999796549478,126.40000406901041,150.59999593098956,122.250005086263,-0.0793777982579299,-47.282609296581036,-0.1775414320080131,0.576394272427836,-0.7539357044358491,56.21586492725785,18.24737615750924,130.53999938964844,136.68343200683594,130.0180714416504,123.27142524719238,BIRLACABLE.BO,2023-08-21 22:00:56.791212
203,2022-10-04 00:00:00+05:30,130.5,133.0,128.25,131.8000030517578,5058,0.0,0.0,2022-10-04,137.18348236083983,8.386015468009735,145.56949782884956,128.7974668928301,153.9555132968593,120.41145142482037,13.425606943598119,7.045252731457791,1106793,8814.689911587202,17248.285754554112,130.72122268267145,29.654965017094213,131.01666768391928,133.78333536783856,129.03333536783856,135.76666768391928,126.26666768391928,138.53333536783856,124.28333536783856,-0.10031574192289039,-69.59347608612805,-0.6553297662532032,0.7648781985367983,-1.4202079647900014,49.761691855268786,18.15558858106493,128.45999908447266,137.18348236083983,129.84291732788085,123.08584754943848,BIRLACABLE.BO,2023-08-21 22:00:56.791212
204,2022-10-03 00:00:00+05:30,127.0999984741211,133.10000610351562,127.0999984741211,128.6999969482422,10719,0.0,0.0,2022-10-03,138.03509902954102,8.670545377465459,146.70564440700647,129.36455365207556,155.37618978447193,120.6940082746101,-30.664530976098288,-2.2716704052999375,1101735,18240.87222765515,19356.68471529584,130.7205143487563,26.83256334483535,129.63333384195963,132.16666920979816,126.16666158040363,135.63334147135416,123.6333262125651,138.1666768391927,120.1666539510091,-0.15518183268011657,-79.67479674796748,-0.7449934679788441,1.1199301897342986,-1.8649236577131427,45.29792727765954,19.350589494455836,127.62999877929687,138.03509902954102,129.77374282836914,122.90277450561524,BIRLACABLE.BO,2023-08-21 22:00:56.791212
205,2022-09-30 00:00:00+05:30,126.05000305175781,131.6999969482422,126.05000305175781,128.1999969482422,4020,0.0,0.0,2022-09-30,138.71504669189454,8.429829570406339,147.14487626230087,130.28521712148822,155.57470583270722,121.85538755108186,-56.45472332505724,-9.574825902898962,1091016,6814.388057966969,19635.63783720601,130.72332979850393,45.537546721396716,128.6499989827474,131.249994913737,125.60000101725262,134.29999287923178,123.00000508626303,136.89998881022137,119.95000712076825,0.008339892558172813,-81.30081300813008,-0.5431987657816251,1.586161104162584,-2.129359869944209,44.56017294267031,20.637513555030658,127.13999938964844,138.71504669189454,129.75468978881835,122.74377212524413,BIRLACABLE.BO,2023-08-21 22:00:56.791212
206,2022-09-29 00:00:00+05:30,126.0999984741211,131.0,126.0999984741211,127.0,2531,0.0,0.0,2022-09-29,138.23458251953124,9.290584095809756,147.525166615341,128.9439984237215,156.81575071115077,119.65341432791173,-79.22930199407497,-14.933386604477063,1086996,4250.193079707507,22840.95028201577,130.72464914395533,46.12885272128437,128.03333282470703,129.96666717529297,125.06666564941406,132.93333435058594,123.13333129882812,134.86666870117188,120.16666412353516,0.003164050742564606,-85.20324210810467,-0.22736768848699285,2.118501071648636,-2.345868760135629,42.842225568145686,22.14681283207472,128.0799987792969,138.23458251953124,129.7594953918457,122.64371963500976,BIRLACABLE.BO,2023-08-21 22:00:56.791212
207,2022-09-28 00:00:00+05:30,126.0,129.6999969482422,124.5,126.5999984741211,8764,0.0,0.0,2022-09-28,137.81659278869628,9.98476093236181,147.8013537210581,127.83183185633447,157.7861146534199,117.84707092397267,-104.67597349384143,-23.36642446364279,1084465,14670.633341598732,27488.63958259283,130.7258756746857,42.76088423738872,126.93333180745442,129.36666361490884,124.16666666666666,132.1333287556966,121.73333485921223,134.56666056315103,118.96666971842447,-0.006231640541738318,-86.50406007844258,0.2986182794441845,2.7049682616825432,-2.4063499822383587,42.28869327977822,23.63508368743952,129.6199981689453,137.81659278869628,129.8269071960449,122.62446556091308,BIRLACABLE.BO,2023-08-21 22:00:56.791212
208,2022-09-27 00:00:00+05:30,127.8499984741211,134.89999389648438,125.05000305175781,127.6500015258789,7690,0.0,0.0,2022-09-27,137.46809844970704,10.504937954533998,147.97303640424104,126.96316049517304,158.47797435877504,116.45822254063904,-98.51598632436196,-8.316454593033209,1093229,12979.559625729036,30693.141142841352,130.73058561145388,41.91155132811166,129.1999994913737,133.34999593098956,123.500005086263,139.04999033610025,119.35000864664713,143.19998677571613,113.65001424153644,-0.009251741236537828,-83.08941600768547,1.006909278367715,3.3065557572421325,-2.2996464788744175,43.31107056501203,24.989632110000223,131.21999969482422,137.46809844970704,129.6380142211914,122.59683769226075,BIRLACABLE.BO,2023-08-21 22:00:56.791212
209,2022-09-26 00:00:00+05:30,132.0,132.0,122.44999694824219,126.25,21822,0.0,0.0,2022-09-26,137.04978065490724,11.067972306913257,148.11775296182049,125.98180834799398,159.18572526873376,114.91383604108073,-151.18029684305276,-23.783726799030646,1085539,36428.28552688046,35121.53652211943,130.73367442044733,34.88843767899496,126.89999898274739,131.3500010172526,121.79999796549478,136.4500020345052,117.34999593098958,140.9000040690104,112.24999491373697,0.014100317433372327,-87.64226649834858,1.7950707979774734,3.881467376960736,-2.086396578983263,41.56187962930248,26.53862769025833,133.36000061035156,137.04978065490724,129.42317153930665,122.59385139465331,BIRLACABLE.BO,2023-08-21 22:00:56.791212
210,2022-09-23 00:00:00+05:30,132.60000610351562,136.14999389648438,132.35000610351562,132.89999389648438,4769,0.0,0.0,2022-09-23,136.75343322753906,11.445274778617739,148.1987080061568,125.30815844892132,159.64398278477455,113.86288367030359,-114.32880874977046,23.263059921541515,1107361,8380.40634782158,34794.84927092917,130.74646816633293,52.99848852793852,133.79999796549478,135.24998982747394,131.4500020345052,137.59998575846353,130.00001017252603,139.0499776204427,127.65001424153644,0.02940973923855236,-96.26684557358897,2.914837275663217,4.403066521706552,-1.4882292460433346,48.10941695017312,27.68164914048201,136.33999938964843,136.75343322753906,129.3184912109375,122.60387527465821,BIRLACABLE.BO,2023-08-21 22:00:56.791212
211,2022-09-22 00:00:00+05:30,132.0,137.9499969482422,132.0,134.6999969482422,19519,0.0,0.0,2022-09-22,136.0627170562744,12.088818343617637,148.15153539989205,123.97389871265678,160.24035374350967,111.88508036903913,-136.22750456997397,31.81489651829577,1112130,34764.65658524146,41398.46000170606,130.7451244196913,60.10772571091247,134.88333129882812,137.76666259765625,131.81666564941406,140.8333282470703,128.93333435058594,143.71665954589844,125.86666870117188,0.014877466575873275,-57.51712792246134,3.6493898478092035,4.775123833217385,-1.1257339854081811,50.092884117237965,28.942596799073026,137.77000122070314,136.0627170562744,129.06299255371093,122.66123840332031,BIRLACABLE.BO,2023-08-21 22:00:56.791212
212,2022-09-21 00:00:00+05:30,136.5,139.35000610351562,133.10000610351562,134.60000610351562,10776,0.0,0.0,2022-09-21,135.31664695739747,12.625859562423818,147.94250651982128,122.69078739497365,160.5683660822451,110.06492783254983,-169.02982254952778,38.80437348472735,1092611,19178.53617326577,43056.91085582221,130.73499835714102,61.83834442415186,135.68333943684897,138.2666727701823,132.0166727701823,141.93333943684897,129.43333943684897,144.5166727701823,125.76667277018231,0.038327223278828745,-56.655677070196376,4.35727291844708,5.056557329569429,-0.6992844111223491,49.986512718184144,30.300540431401814,140.82000122070312,135.31664695739747,128.6863621520996,122.67634887695313,BIRLACABLE.BO,2023-08-21 22:00:56.791212
213,2022-09-20 00:00:00+05:30,145.0,145.0,136.5500030517578,138.35000610351562,14577,0.0,0.0,2022-09-20,134.39244422912597,13.33752991596065,147.72997414508663,121.05491431316533,161.06750406104726,107.71738439720467,-134.07593986448558,70.8154508902459,1103387,26666.13848090423,49026.50452646131,130.72952728010492,62.347205270835246,139.96666971842447,143.38333638509113,134.93333943684894,148.41666666666666,131.51667277018228,151.83333333333331,126.48334248860675,0.04507595793022868,-46.77760755912554,5.207406055434632,5.2313784323500165,-0.023972376915384785,53.993823903848664,31.544199531774915,143.32000122070312,134.39244422912597,128.30579208374024,122.71027740478516,BIRLACABLE.BO,2023-08-21 22:00:56.791212
214,2022-09-19 00:00:00+05:30,144.75,144.75,138.64999389648438,141.14999389648438,11287,0.0,0.0,2022-09-19,133.2832160949707,13.901643034932455,147.18485912990315,119.38157306003825,161.08650216483562,105.47993002510579,-126.47018712429698,86.49235567300315,1117964,21065.519920168015,54616.59603785057,130.71490726923255,64.94992237693862,141.51666259765625,144.38333129882812,138.2833251953125,147.61666870117188,135.41665649414062,150.48333740234375,132.18331909179688,0.03607480296008297,-39.40201447936684,5.847615813313581,5.237371526578862,0.6102442867347193,57.17159505735939,32.17767560793245,145.8520263671875,133.2832160949707,127.89773742675781,122.73293853759766,BIRLACABLE.BO,2023-08-21 22:00:56.791212
215,2022-09-16 00:00:00+05:30,148.25,150.0500030517578,138.0,140.0500030517578,47797,0.0,0.0,2022-09-16,132.22207069396973,14.07842195952265,146.30049265349237,118.14364873444708,160.378914613015,104.06522677492443,-57.45710012842034,101.55470073386888,1106677,88510.85889986079,63004.36506727121,130.69938277380322,65.50589474977716,142.70000203450522,147.40000406901044,135.35000101725262,154.75000508626303,130.6499989827474,159.45000712076825,123.29999796549481,0.06015687652933683,-35.92886404590003,6.302921693209981,5.084810454895182,1.2181112383147994,56.23190164840235,32.408329129091385,146.50747680664062,132.22207069396973,127.37329879760742,122.71770065307618,BIRLACABLE.BO,2023-08-21 22:00:56.791212
216,2022-09-15 00:00:00+05:30,148.3000030517578,153.1999969482422,145.0,149.9499969482422,27804,1.5,0.0,2022-09-15,131.13920707702636,14.276147902216401,145.41535497924275,116.86305917480996,159.69150288145914,102.58691127259355,65.11146580882715,162.78128340484986,1154474,55127.27619774721,56627.74160912381,130.64009997499537,72.36822514339617,149.38333129882812,153.76666259765625,145.56666564941406,157.5833282470703,141.18333435058594,161.96665954589844,137.36666870117188,0.124179624266072,-13.778370871352859,6.898684809100246,4.780282645316483,2.118402163783763,68.85790540565532,32.65672522880101,147.06615600585937,131.13920707702636,126.99360824584961,122.75503875732421,BIRLACABLE.BO,2023-08-21 22:00:56.791212
217,2022-09-14 00:00:00+05:30,147.49596237671545,149.77274870952354,145.51615080118907,147.10000610351562,7086,0.0,0.0,2022-09-14,129.51679801940918,13.863712539090146,143.38051055849934,115.65308548031904,157.24422309758947,101.78937294122889,52.54724162858374,163.22934228017317,1126670,13782.45656401641,57002.85796196795,130.56862080031473,71.00283169067059,147.46296853807607,149.40978627496307,145.1531883666286,151.71956644641054,143.2063706297416,153.66638418329754,140.89659045829413,0.09729793470186139,-20.15501144444003,6.5819172054105195,4.250682104370541,2.3312351010399786,66.86934811896307,31.34909416109642,145.75372924804688,129.51679801940918,126.13379470825195,122.72208419799804,BIRLACABLE.BO,2023-08-21 22:00:56.791212
218,2022-09-13 00:00:00+05:30,144.03129297004446,152.44549221571717,140.913095762083,151.0101318359375,73134,0.0,0.0,2022-09-13,128.0591613769531,13.443915835982565,141.5030772129357,114.61524554097055,154.94699304891824,101.17132970498798,64.30641718697133,180.5213438865825,1133756,146028.6962597316,67807.95831145583,130.55301045199803,74.46913910016904,148.12290660457924,155.33271744707548,143.80032099344132,159.6553030582134,136.59051015094508,166.86511390070964,132.26792453980715,0.06741945401589547,-11.40639864192216,6.357313580767055,3.667873329110546,2.6894402516565092,72.79058908723442,30.241635543259317,145.7339294433594,128.0591613769531,125.31316268920898,122.71366989135743,BIRLACABLE.BO,2023-08-21 22:00:56.791212
219,2022-09-12 00:00:00+05:30,143.53633694085008,148.68384393432788,142.84340592139864,144.42724609375,6349,0.0,0.0,2022-09-12,126.38374557495118,12.48706430800197,138.87080988295315,113.8966812669492,151.35787419095513,101.40961695894724,60.67360805433861,167.0376940629186,1060622,12124.595289856023,48252.773824386895,130.35167539892637,66.46812835205917,145.31816531649216,147.79292471158567,141.95248669865643,151.1586033294214,139.47772730356292,153.6333627245149,136.1120486857272,-0.046626083972728244,-26.135111328596516,5.588341806162759,2.9955132661964186,2.592828539966341,68.42090805608132,29.048987800973205,145.29837036132812,126.38374557495118,124.42224746704102,122.66862915039063,BIRLACABLE.BO,2023-08-21 22:00:56.791212
220,2022-09-09 00:00:00+05:30,143.73430815788143,145.66462129945455,141.80399501630828,142.84339904785156,17482,0.0,0.0,2022-09-09,125.04242362976075,11.872564415273061,136.9149880450338,113.16985921448769,148.78755246030687,101.29729479921463,62.70761318281389,161.30407906490234,1054273,33019.01287202085,57284.81845801962,130.33963895760533,63.2078322322638,143.43733845453812,145.07068189276796,141.2100556096217,147.2979647376844,139.57671217139185,148.93130817591424,137.34942932647542,-0.023491128031327437,-29.678850198189,5.16746757228384,2.3473061312048333,2.820161441079007,67.24813734549514,28.095667545097005,144.87271118164062,125.04242362976075,123.69961639404296,122.77058944702148,BIRLACABLE.BO,2023-08-21 22:00:56.791212
221,2022-09-08 00:00:00+05:30,152.34649868953025,152.34649868953025,140.56662554817342,143.3878631591797,13157,0.0,0.0,2022-09-08,124.2554485321045,11.128877280646291,135.38432581275077,113.1265712514582,146.51320309339707,101.99769397081191,89.16991871915349,192.01813011205294,1071755,24944.916878126885,63351.269854519305,130.31012806749058,68.38444170911139,145.43366246562778,150.30069938308213,138.5208262417253,157.2135356069846,133.65378932427095,162.08057252443896,126.74095310036847,-0.0024967793425950072,-28.460652620709457,4.706310988394293,1.6422657709350816,3.064045217459211,68.05017490847919,27.35207137573784,140.0221740722656,124.2554485321045,123.04429885864258,122.90967132568359,BIRLACABLE.BO,2023-08-21 22:00:56.791212
222,2022-09-07 00:00:00+05:30,146.60505081335026,151.55457967126534,144.0807880748609,147.00100708007812,42455,0.0,0.0,2022-09-07,123.56498832702637,10.275005073546442,133.8399934005728,113.28998325347993,144.11499847411926,103.01497817993348,133.61562790135324,228.25392506132232,1084912,82520.51866381487,72952.8580986174,130.2868572264909,71.58372258687261,147.54545827540144,151.010128475942,143.53633687953754,155.0192498718059,140.071666678997,158.48392007234645,136.0625452831331,0.031919300021155596,-20.3765143277618,3.990961608838319,0.8762544665702787,3.11470714226804,73.49117047583843,26.551275501043353,135.07264251708983,123.56498832702637,122.34839477539063,123.04330856323242,BIRLACABLE.BO,2023-08-21 22:00:56.791212
223,2022-09-06 00:00:00+05:30,147.89191387396488,156.10813466802142,145.12018984154756,148.83233642578125,96302,0.0,0.0,2022-09-06,122.52806205749512,8.713160130227575,131.24122218772268,113.81490192726754,139.95438231795026,105.10174179703998,235.6286803204392,277.48845451869107,1127367,189515.78986964154,70560.94295731802,130.19033293031796,76.21792217320774,150.02022031178342,154.92025078201928,143.93230595554542,161.00816513825728,139.03227548530955,165.90819560849314,132.94436112907155,0.0158623893119438,-16.279052390259984,2.6587885835783425,0.09757768100326858,2.5612109025750738,76.36528663862453,24.97558929761937,129.5984634399414,122.52806205749512,121.51984375,123.15318817138672,BIRLACABLE.BO,2023-08-21 22:00:56.791212
224,2022-09-05 00:00:00+05:30,118.88767792226827,142.2989501953125,118.88767792226827,142.2989501953125,68746,0.0,0.0,2022-09-05,121.49608497619629,6.3301236485718375,127.82620862476813,115.16596132762444,134.15633227333996,108.83583767905262,333.333333333334,130.75427733389097,1031065,129348.65689736258,40822.231229237135,129.94288827152047,67.18741961554055,134.49519277096442,150.10270761966058,126.69143534661634,157.90646504400866,111.08392049792019,173.5139798927048,103.28016307357211,0.08753222561568941,-0.0,0.7325605538038502,-0.5427250446404999,1.27528559844435,72.84669134801416,23.065667943217747,123.68872528076172,121.49608497619629,120.60220108032226,123.27148193359375,BIRLACABLE.BO,2023-08-21 22:00:56.791212
225,2022-09-02 00:00:00+05:30,118.49171688271065,120.07557214638588,118.1452513759248,118.59071350097656,6633,0.0,0.0,2022-09-02,120.96401100158691,4.736039579068391,125.7000505806553,116.22797142251852,130.4360901597237,111.49193184345013,17.20612583727398,-50.30063797747309,962319,10400.961121852533,18690.624812205773,129.82468964315348,52.26510088380116,118.93717900776242,119.72910663960005,117.79878586913897,120.8674997782235,117.00685823730134,121.65942741006113,115.86846509867789,-0.11271973001859059,-36.68120926203073,-1.101254879100722,-0.8615464442515873,-0.23970843484913462,45.481743423022664,22.17758176986629,119.29354553222656,120.96401100158691,119.80235733032227,123.4793621826172,BIRLACABLE.BO,2023-08-21 22:00:56.791212
226,2022-09-01 00:00:00+05:30,118.98667089337366,120.57052617207536,118.44222724965393,118.64020538330078,7880,0.0,0.0,2022-09-01,121.8103801727295,5.703338853707159,127.51371902643666,116.10704131902233,133.2170578801438,110.40370246531518,34.49621170909327,-45.33679179660749,968952,12361.492253766788,20763.04073479408,129.8350680204281,36.974525210894924,119.21765293501001,119.99307862036609,117.86477969794466,121.34595185743144,117.08935401258857,122.12137754278753,115.73648077552322,-0.11852402399203928,-36.24455793200836,-1.0975065561939488,-0.8016193355393036,-0.2958872206546451,45.57167674688497,22.39154300377276,119.39253692626953,121.8103801727295,119.49647644042969,123.9129409790039,BIRLACABLE.BO,2023-08-21 22:00:56.791212
227,2022-08-30 00:00:00+05:30,122.5008399594168,122.5008399594168,118.44222778234882,119.63011169433594,7787,0.0,0.0,2022-08-30,122.62705307006836,6.357408982248726,128.98446205231707,116.26964408781963,135.3418710345658,109.9122351055709,96.31298962570824,-28.758748805657028,976832,12317.525687044792,22863.427855050904,129.847368098117,35.505540286341656,120.19105981203386,121.93989184171889,117.88127966465092,124.24967198910183,116.13244763496589,125.99850401878686,113.82266748758295,-0.06098781629970511,-56.99485066365239,-1.0809528803347064,-0.7276475303756423,-0.35330534995906404,47.290938412724,22.68616590233139,119.62021484375,122.62705307006836,119.05002899169922,124.30197395324707,BIRLACABLE.BO,2023-08-21 22:00:56.791212
228,2022-08-29 00:00:00+05:30,111.4138977565818,119.63011113990821,111.4138977565818,119.28364562988281,9142,0.0,0.0,2022-08-29,123.07498550415039,6.450066329588148,129.52505183373853,116.62491917456224,135.9751181633267,110.1748528449741,-99.30154218849819,-61.369442016505545,969045,14418.992453205536,25499.90339705243,129.85847362402802,36.82070229610809,116.77588484212428,122.13787192766677,113.92165854434036,124.99209822545069,108.55967145879788,130.35408531099318,105.70544516101396,-0.0639816226711643,-58.80831669005629,-1.1408718580814963,-0.6393211928858763,-0.50155066519562,46.62995169283343,23.003452208823646,118.9173828125,123.07498550415039,118.72039031982422,124.68407752990723,BIRLACABLE.BO,2023-08-21 22:00:56.791212
229,2022-08-26 00:00:00+05:30,116.8088828871963,121.90689920164776,116.8088828871963,120.32305145263672,7958,0.0,0.0,2022-08-26,123.4857967376709,6.457528399150369,129.94332513682127,117.02826833852053,136.40085353597163,110.57073993937016,77.82780831856445,-25.879498144229178,978187,12660.928780695864,28270.13113301415,129.87198512938144,34.820464832072204,119.67961118049361,122.55033947379091,117.45232315933946,124.77762749494507,114.58159486604215,127.64835578824237,112.354306844888,-0.098649196047244,-59.89972399887824,-1.1661787117568991,-0.5139335265869712,-0.6522451851699279,48.30121993668038,22.48366626381575,118.29374237060547,123.4857967376709,118.38382232666015,125.04836296081542,BIRLACABLE.BO,2023-08-21 22:00:56.791212
230,2022-08-25 00:00:00+05:30,118.83819402179357,122.40185338264604,118.78869571096125,119.0856704711914,12622,0.0,0.0,2022-08-25,123.87185974121094,6.4892218086318305,130.36108154984277,117.38263793257912,136.8503033584746,110.89341612394728,120.77949255036224,-18.114169000097903,970229,19874.69514057456,32172.43172109372,129.88261752977647,34.526979390121454,120.09207318826623,121.3954506655712,117.78229299388641,123.70523085995102,116.47891551658144,125.00860833725599,114.16913532220163,-0.0938100643627777,-68.0850734270438,-1.2832755037525914,-0.3508722302944892,-0.9324032734581021,46.1649815011046,22.990307035235222,118.2145492553711,123.87185974121094,118.15317428588867,125.39334503173828,BIRLACABLE.BO,2023-08-21 22:00:56.791212
231,2022-08-24 00:00:00+05:30,119.67960590682347,121.75840645782219,116.06644843235489,119.77859497070312,35229,0.0,0.0,2022-08-24,124.22575073242187,6.406941877231044,130.6326926096529,117.81880885519082,137.03963448688395,111.41186697795979,11.453891165367088,-23.621468710274208,982851,55794.61995368018,35246.8658662235,129.90171911096223,28.950814558508156,119.20114995362674,122.33585147489859,116.64389344943129,124.89310797909404,113.50919192815944,128.0278095003659,110.95193542396399,-0.07909207863062719,-68.36521219181085,-1.291888034669114,-0.11777141192996365,-1.1741166227391502,47.17213978355958,24.002408549590438,118.07596130371094,124.22575073242187,117.95123336791993,125.75218589782715,BIRLACABLE.BO,2023-08-21 22:00:56.791212
232,2022-08-23 00:00:00+05:30,116.16544229587987,118.59071599923541,114.38361641528131,116.11595153808594,11517,0.0,0.0,2022-08-23,124.68853225708008,6.403083468671786,131.09161572575186,118.2854487884083,137.49469919442365,111.88236531973651,-75.08956806648384,-48.14894679698587,947622,17682.51544111876,30109.92734435933,129.95195393150385,30.36948053935211,116.36342798420088,118.34323955312045,114.13613996916635,120.57052756815499,112.15632840024678,122.55033913707456,109.92904038521225,-0.09851805262098257,-86.51078430209326,-1.351583187314617,0.1757577437548239,-1.5273409310694408,40.8120101993387,24.904422478414116,117.62060546875,124.68853225708008,117.70870651245117,126.11201667785645,BIRLACABLE.BO,2023-08-21 22:00:56.791212
233,2022-08-22 00:00:00+05:30,117.00686183486991,119.43213556170312,115.81897790297165,116.16544342041016,16129,0.0,0.0,2022-08-22,125.29484939575195,6.1163187902346285,131.41116818598658,119.17853060551732,137.5274869762212,113.0622118152827,-64.0041759713693,-36.809896783502495,959139,24774.06028971782,33216.78032016947,129.97443645713878,42.007229810593834,117.1388522950283,118.45872668708495,114.84556902835348,120.75200995375977,113.52569463629683,122.07188434581641,111.23241136962201,-0.10423067324420612,-86.33094061286133,-1.0468176554845883,0.5575929765221841,-1.6044106320067724,40.87443525597734,24.898141592777474,117.98686981201172,125.29484939575195,117.67306976318359,126.5094637298584,BIRLACABLE.BO,2023-08-21 22:00:56.791212
234,2022-08-19 00:00:00+05:30,115.37352083239271,121.26345715917121,115.37352083239271,119.92708587646484,20501,0.0,0.0,2022-08-19,125.90364112854004,5.755088741808932,131.65872987034896,120.14855238673111,137.4138186121579,114.39346364492218,-47.39258094539111,-16.927775257355556,975268,32509.113007320422,35327.46032778238,130.0059323537593,46.75856817399829,118.85468795600958,122.33585507962646,116.44591875284796,124.74462428278808,112.96475162923109,128.22579140640494,110.55598242606946,-0.11490414422363485,-72.66187762518737,-0.6456387485146564,0.9586956345238771,-1.6043343830385335,45.762209023675176,25.17996637390262,118.25414428710937,125.90364112854004,117.67405975341796,126.91829467773438,BIRLACABLE.BO,2023-08-21 22:00:56.791212
235,2022-08-18 00:00:00+05:30,118.83819284883907,120.32305153057025,117.7987887506745,118.39273071289062,4853,0.0,0.0,2022-08-18,126.29465408325196,5.590980003810983,131.88563408706293,120.70367407944097,137.4766140908739,115.11269407562999,-58.348767053213216,-12.937205726308104,954767,7597.104891464768,36032.04715789787,130.03523664896002,46.42370893682045,118.83819033137847,119.87759191208244,117.35332913218669,121.36245311127422,116.31392755148272,122.40185469197819,114.82906635229094,-0.1654294870756011,-78.23742012327904,-0.4926905602855953,1.3597792302835103,-1.8524697905691057,43.19559694481647,25.48346998434508,117.78888854980468,126.29465408325196,117.57902877807618,127.35335838317872,BIRLACABLE.BO,2023-08-21 22:00:56.791212
236,2022-08-17 00:00:00+05:30,119.77860216376575,120.323053376372,115.81897895174045,117.50181579589844,29103,0.0,0.0,2022-08-17,126.79703140258789,5.286714910807177,132.08374631339507,121.51031649178071,137.37046122420224,116.22360158097354,-84.7583008071515,-16.707995048968968,949914,45216.31138531949,43140.78272450614,130.04325529746862,44.338001607221095,117.88128270800364,119.94358646426683,115.43951203963528,122.38535713263519,113.37720828337208,124.44766088889838,110.93543761500372,-0.17068486006081213,-81.47482831911195,-0.13829478712084153,1.8228966779257867,-1.9611914650466282,41.70555214425655,26.28648720640923,119.53112182617187,126.79703140258789,117.54339218139648,127.81217964172363,BIRLACABLE.BO,2023-08-21 22:00:56.791212
237,2022-08-16 00:00:00+05:30,122.74831469782507,122.74831469782507,117.35333130665558,117.94727325439453,20127,0.0,0.0,2022-08-16,127.44047012329102,4.8619183892118825,132.30238851250292,122.57855173407914,137.16430690171478,117.71663334486726,-94.01975539316227,-0.4240520138992347,979017,31389.163736790084,42621.9005593028,130.09527011123936,47.290812565006156,119.3496397529584,121.34594819926122,115.95096480809173,124.74462314412789,113.9546563617889,126.7409315904307,110.55598141692224,-0.14004353408649975,-79.85612422119549,0.4052761913638818,2.3131945441874437,-1.907918352823562,42.22558505044566,27.151274984016776,121.94649047851563,127.44047012329102,117.58397827148437,128.2229904937744,BIRLACABLE.BO,2023-08-21 22:00:56.791212
238,2022-08-12 00:00:00+05:30,113.88866565683087,120.76850796677209,113.88866565683087,117.50181579589844,5215,0.0,0.0,2022-08-12,127.40087394714355,4.945802662671071,132.34667660981464,122.45507128447248,137.2924792724857,117.50926862180141,-158.09464400296173,-11.75519265073474,958890,8102.362776155076,45430.08476493098,130.1302141489153,41.92569615466331,117.38632980650046,120.88399395617004,114.00415164622882,124.26617211644168,110.50648749655923,127.76383626611127,107.1243093362876,-0.11456813782089126,-81.47482831911195,1.0512004036422269,2.790174132393334,-1.7389737287511071,41.54880797530113,28.375297393514806,123.60953216552734,127.40087394714355,117.62654434204102,128.61449813842773,BIRLACABLE.BO,2023-08-21 22:00:56.791212
239,2022-08-11 00:00:00+05:30,119.28364395928575,122.20386292737787,112.40380195520073,117.6008071899414,88043,0.0,0.0,2022-08-11,127.37117652893066,5.009740566364507,132.38091709529516,122.36143596256615,137.39065766165967,117.35169539620165,-237.9486507315887,-9.011389998749184,964105,136904.5647200423,54762.01526212496,130.13963338674878,41.49445215858665,117.40282402417334,122.40184609314595,112.60178512096881,127.20288499635048,107.6027630519962,132.2019070653231,102.80172414879168,-0.1209435415982509,-81.11511321694081,1.9061226614316524,3.2249175645811103,-1.318794903149458,41.649483175610975,29.208215524332765,125.74772796630859,127.37117652893066,117.65822143554688,128.9867027282715,BIRLACABLE.BO,2023-08-21 22:00:56.791212
240,2022-08-10 00:00:00+05:30,128.78674901757387,130.51908414599367,122.40185215568312,127.10389709472656,18075,0.0,0.0,2022-08-10,127.54193534851075,4.708322414351794,132.25025776286253,122.83361293415895,136.95858017721434,118.12529051980717,-81.68431664095283,57.51698322249486,1052148,30377.355677265543,34226.377897645616,130.29954073453095,58.39885133968424,126.67494446546777,130.94803677525243,122.83080478494188,134.79217645577833,118.55771247515722,139.065268765563,114.71357279463132,-0.16590422001558125,-73.16389285477007,2.962052419924021,3.5546162903684744,-0.5925638704444536,52.97220729266267,30.105204280598258,128.5590606689453,127.54193534851075,117.70177719116211,129.37078620910646,BIRLACABLE.BO,2023-08-21 22:00:56.791212
241,2022-08-08 00:00:00+05:30,126.41096361929964,129.87563380912644,125.47055616015645,129.5786590576172,12808,0.0,0.0,2022-08-08,127.19299354553223,4.992524088038583,132.1855176335708,122.20046945749365,137.1780417216094,117.20794536945506,-44.14010373277716,72.1476380318886,1070223,21944.596205841775,35188.633452740636,130.3079293810575,64.2125969561755,128.3082830089667,131.14600985777696,126.74093220880695,132.71336065793668,123.9032053599967,135.55108750674694,122.33585455983696,-0.16122738853632884,-64.1104780045215,3.333172537978186,3.702757257979587,-0.3695847200014013,56.69321949332953,31.691027423621712,130.2419006347656,127.19299354553223,117.62852416992187,129.64449516296386,BIRLACABLE.BO,2023-08-21 22:00:56.791212
242,2022-08-05 00:00:00+05:30,128.1432965763613,132.15241789294254,125.42105575834191,126.26248168945312,23920,0.0,0.0,2022-08-05,126.50748443603516,5.557050817090004,132.06453525312517,120.95043361894515,137.62158607021516,115.39338280185515,-54.81138130748233,73.56172051659637,1057415,39934.50358112094,38499.642764465345,130.30928842559535,63.764629080440784,127.94531844691251,130.4695811354831,123.73821900088248,134.67668058151315,121.21395631231188,137.20094327008374,117.00685686628185,-0.2081293169032511,-84.6625670124363,3.514089578566228,3.795153437979937,-0.28106385941370915,52.531477156990405,32.53058257746556,131.3209014892578,126.50748443603516,117.52062454223633,129.90484046936035,BIRLACABLE.BO,2023-08-21 22:00:56.791212
243,2022-08-04 00:00:00+05:30,132.39989424304153,133.34030168587125,125.32206661041384,128.1927947998047,9804,0.0,0.0,2022-08-04,125.97293548583984,6.072181090795071,132.0451165766349,119.90075439504477,138.11729766743,113.8285733042497,-30.39216407332143,84.88482557708167,1081335,16618.036641447474,38140.92756030144,130.32342198698345,72.0314447992828,128.95172103202992,132.581375453646,124.56314037818859,136.96995610748735,120.93348595657251,140.59961052910342,116.54490530273118,-0.1812810527550558,-57.10846894909413,4.019067658023658,3.865419402833364,0.15364825519029424,55.40561512932235,33.4347188969897,131.7861572265625,125.97293548583984,117.43846237182618,130.2428932952881,BIRLACABLE.BO,2023-08-21 22:00:56.791212
244,2022-08-03 00:00:00+05:30,132.15242360050516,135.71609050354786,129.8261389409129,131.657470703125,25725,0.0,0.0,2022-08-03,125.46065940856934,6.302844905201034,131.76350431377037,119.15781450336831,138.0663492189714,112.85496959816727,61.858922780395055,115.76769535361252,1091139,44783.05168116676,43521.65029001493,130.32647628113455,75.15072046868966,132.39990004919525,134.9736611574776,129.08370959484265,138.28985161183022,126.50994848656029,140.86361272011257,123.19375803220768,-0.17540654072806153,-35.0104984903011,4.414591064672791,3.8270073390357906,0.5875837256370007,60.95762379259535,34.40840416416954,131.64757232666017,125.46065940856934,117.34739120483398,130.595299911499,BIRLACABLE.BO,2023-08-21 22:00:56.791212
245,2022-08-02 00:00:00+05:30,136.35952288918776,139.92318978336965,132.89485261614124,135.51809692382812,36673,0.0,0.0,2022-08-02,124.62418899536132,6.542704646525643,131.16689364188696,118.08148434883567,137.70959828841262,111.53877970231004,198.8587912366779,153.55604021807173,1116864,65713.7916426994,43206.29994222697,130.32145090734767,80.58406236474703,136.112046441113,139.32924026608475,132.30090309885634,143.1403836083414,129.08370927388458,146.35757743331317,125.27256593162792,-0.19843022287993184,-17.58897539464525,4.5128750559697295,3.6801114076265407,0.8327636483431888,68.01834270730109,34.176315079323444,130.92494049072266,124.62418899536132,117.12070281982422,130.68736122131347,BIRLACABLE.BO,2023-08-21 22:00:56.791212
246,2022-08-01 00:00:00+05:30,128.6877553902635,138.58681349720686,128.6877553902635,134.97366333007812,52147,0.0,0.0,2022-08-01,123.90155792236328,6.056210368112265,129.95776829047554,117.84534755425102,136.0139786585878,111.78913718613875,288.76626700500674,149.6319858106776,1080191,93066.02344519999,37579.42701710886,130.29332864706112,77.86509649311296,134.08274407251616,139.47773275476882,129.57867464782547,143.98180217945952,124.1836859655728,149.37679086171218,119.67961654088211,-0.10593006496845245,-15.240055353152016,4.190118264667461,3.4719204955407434,0.7181977691267178,67.5297713393168,32.91638182374922,129.05401916503905,123.90155792236328,116.972216796875,130.75121025085448,BIRLACABLE.BO,2023-08-21 22:00:56.791212
247,2022-07-29 00:00:00+05:30,127.94532763288126,131.162521557886,127.15339995346572,128.58876037597656,18502,0.0,0.0,2022-07-29,122.50084075927734,6.577808507064556,129.0786492663419,115.92303225221278,135.65645777340646,109.34522374514823,43.93073983327993,115.1893471639275,1028044,31458.24424215194,23707.77791008607,130.25703407168822,73.5267509186769,128.9682272957761,130.78305463808647,126.7739330336662,132.97734890019638,124.95910569135582,134.79217624250677,122.76481142924591,-0.18155917281010556,-33.89022263025795,3.7670235863290884,3.2923710532590635,0.47465253307002486,60.99212225997993,31.71238149467819,127.86613159179687,122.50084075927734,116.88114532470703,130.80268531799317,BIRLACABLE.BO,2023-08-21 22:00:56.791212
248,2022-07-28 00:00:00+05:30,128.58875761947874,129.82613987180153,126.70794263785362,127.49987030029297,16797,0.0,0.0,2022-07-28,121.37482299804688,7.361663088464671,128.73648608651155,114.01315990958221,136.09814917497621,106.65149682111753,17.937733466837667,110.75776578918308,1009542,28317.457599947877,21770.161327069603,130.26163682846283,66.81205026537268,128.01131760331603,129.31469256877844,126.19649533483053,131.12951483726394,124.89312036936812,132.43288980272635,123.07829810088262,-0.17693402474443692,-39.1407883183043,3.7970742726281372,3.1737079199915574,0.6233663526365798,59.705034432180376,31.45048263652209,127.79683837890624,121.37482299804688,116.82175094604492,130.93780754089354,BIRLACABLE.BO,2023-08-21 22:00:56.791212
249,2022-07-27 00:00:00+05:30,123.78771388655463,129.67764992718014,123.78771388655463,128.0443115234375,11153,0.0,0.0,2022-07-27,120.32304801940919,7.921882934982514,128.2449309543917,112.40116508442667,136.16681388937423,104.47928214944416,14.124205627793101,107.73615174952982,1026339,18882.730084623774,20133.337258850035,130.26857172351697,59.31091400958182,127.16989177905742,130.55206967156022,124.6621336309347,133.05982781968294,121.27995573843191,136.44200571218573,118.77219759030919,-0.16709669203612176,-36.00001653818937,3.8852560031067185,3.017866331832412,0.8673896712743066,60.62525517487197,31.396590131908773,127.96511993408203,120.32304801940919,116.73661895751952,131.03432327270508,BIRLACABLE.BO,2023-08-21 22:00:56.791212
250,2022-07-26 00:00:00+05:30,132.3504015015872,132.3504015015872,125.12409374420152,126.16349029541016,4180,0.0,0.0,2022-07-26,119.33561706542969,8.13668537757946,127.47230244300914,111.19893168785023,135.6089878205886,103.06224631027077,32.61294871866909,117.65208385552425,1015186,6973.049861300795,20445.9890524066,130.27228641888644,64.29298056801478,127.87932851373296,130.6345632832644,123.4082555258787,135.10563627111867,120.65302075634726,137.8608710406501,116.181947768493,-0.205762080847293,-44.94119450155281,3.88566861328691,2.8010189140138353,1.0846496992730748,58.560467902699116,31.36328480815986,127.90572662353516,119.33561706542969,116.73562911987305,131.1783544921875,BIRLACABLE.BO,2023-08-21 22:00:56.791212
251,2022-07-25 00:00:00+05:30,128.63825408594354,131.65746975927053,125.07459476083064,129.0342254638672,17401,0.0,0.0,2022-07-25,118.53131866455078,8.220839621733248,126.75215828628403,110.31047904281753,134.97299790801728,102.08963942108429,50.06907347625007,126.32931070773643,1019366,29688.750502026778,23814.22385018305,130.27485982723937,69.5446370836273,128.58876332798945,132.1029318951483,125.52005689670838,135.17163832642933,122.00588832954956,138.68580689358816,118.93718189826849,-0.17789977152117245,-30.504561030705943,4.01255550615231,2.5298564891955664,1.4826990169567438,63.26317477011567,30.909260356126268,128.361083984375,118.53131866455078,116.73166946411133,131.36792152404786,BIRLACABLE.BO,2023-08-21 22:00:56.791212
252,2022-07-22 00:00:00+05:30,129.1332034541918,129.92513108365432,127.69784312222025,128.24229431152344,8260,0.0,0.0,2022-07-22,117.50924034118653,8.116373640648584,125.62561398183512,109.39286670053794,133.7419876224837,101.27649305988936,61.13878205483665,128.93446707267123,1001965,14006.322444334197,22345.59218722212,130.278102996857,80.05532256607682,128.621756172466,129.54566922271175,127.3183812612777,130.84904413390007,126.39446821103193,131.77295718414584,125.09109329984362,-0.21475588111471167,-22.993826757810663,3.8314889659402525,2.15918173495638,1.6723072309838725,62.4933133036925,30.518061117399846,128.62835693359375,117.50924034118653,116.52477905273437,131.4253359222412,BIRLACABLE.BO,2023-08-21 22:00:56.791212
253,2022-07-21 00:00:00+05:30,127.89582349702326,132.69687256224276,127.69784536237536,128.34127807617188,25288,0.0,0.0,2022-07-21,116.3757984161377,8.121464715250807,124.49726313138851,108.25433370088689,132.6187278466393,100.13286898563608,88.46579841757759,141.70119460815275,1010225,42913.470319338056,24430.4096229441,130.2806323408872,83.92453420435152,129.57866533359666,131.45948530481797,126.46045810495056,134.57769253346407,124.57963813372926,136.45851250468536,121.46143090508316,-0.19934443890960699,-22.68520609703418,3.619609282248973,1.7411049272104115,1.8785043550385616,62.64762676378386,29.294760436296034,126.41096801757813,116.3757984161377,116.3287777709961,131.30951690673828,BIRLACABLE.BO,2023-08-21 22:00:56.791212
254,2022-07-20 00:00:00+05:30,129.82613806278084,133.73627800944732,126.80693749299438,127.74734497070312,14339,0.0,0.0,2022-07-20,115.10624465942382,8.13712793253963,123.24337259196345,106.9691167268842,131.38050052450308,98.83198879434457,116.85332163072731,145.7267529156617,984937,24220.52436552351,19809.64444884561,130.28803721361854,80.46111985140224,129.4301868243816,132.0534361557688,125.12409563931587,136.35952734083452,122.50084630792865,138.98277667222175,118.19475512286293,-0.13841335268836705,-24.53702521219741,3.2837481152129584,1.2714788384507711,2.0122692767621873,62.13538960585627,27.977359018077774,124.12428588867188,115.10624465942382,116.03180618286133,131.33277969360353,BIRLACABLE.BO,2023-08-21 22:00:56.791212
255,2022-07-19 00:00:00+05:30,129.18270644700596,131.5089911107541,127.6978477522128,128.44027709960938,9247,0.0,0.0,2022-07-19,113.8342155456543,8.044979895837164,121.87919544149146,105.78923564981714,129.92417533732862,97.74425575397997,164.52515031414703,146.94255647062639,999276,15704.166285308578,18706.924469676134,130.2935498351178,75.48796420064427,129.21570532085875,130.7335628895047,126.9224195309634,133.02684867940005,125.40456196231744,134.544706248046,123.1112761724221,-0.09859024272599591,-22.376537861005534,2.862483697876442,0.7684115192602241,2.094072178616218,63.07472489732609,26.55861902922734,122.77801361083985,113.8342155456543,115.73285446166992,131.14915214538576,BIRLACABLE.BO,2023-08-21 22:00:56.791212
256,2022-07-18 00:00:00+05:30,119.38263739345825,135.6170939455974,119.38263739345825,130.37059020996094,21087,0.0,0.0,2022-07-18,112.57703514099121,7.594336984735859,120.17137212572707,104.98269815625535,127.76570911046294,97.38836117151949,251.12751936423845,138.5748688723496,1008523,36350.23504496905,19457.61401576802,130.29614661743057,74.55485327428126,128.4567738496722,137.53091030588615,121.29645375374702,144.69123040181134,112.22231729753307,153.7653668580253,105.06199720160788,-0.03129852496731412,-16.358030586220718,2.211523306956707,0.24489347460616956,1.9666298323505373,65.65257038255595,25.25735560020189,121.11497039794922,112.57703514099121,115.52794387817383,131.0417473602295,BIRLACABLE.BO,2023-08-21 22:00:56.791212
257,2022-07-15 00:00:00+05:30,119.13516132826697,119.8775906770751,116.31393131327249,117.15534973144531,5351,0.0,0.0,2022-07-15,110.87439727783203,7.202253560538205,118.07665083837024,103.67214371729382,125.27890439890844,96.46989015675562,32.28098197669159,32.049267802993775,987436,8289.147534636468,15234.458758467765,130.29590798614018,67.3497990575247,117.78229057393098,119.25064983458947,115.68699047078685,121.3459499377336,114.21863121012836,122.81430919839208,112.12333110698424,-0.09699358264949164,-32.43241719665005,1.1544822227603646,-0.24676398348146478,1.4012462062418294,53.58764705305794,23.85599498432833,118.21454772949218,110.87439727783203,115.42202392578125,130.9917571258545,BIRLACABLE.BO,2023-08-21 22:00:56.791212
258,2022-07-14 00:00:00+05:30,120.86749042713993,120.86749042713993,114.87856517787613,116.90786743164062,8988,0.0,0.0,2022-07-14,110.17403869628906,7.2402774258089595,117.41431612209801,102.9337612704801,124.65459354790698,95.69348384467114,38.09147067373239,27.026890160422802,982085,13893.753705959296,16970.786564425587,130.30660561304384,66.74233743155166,117.55130767888556,120.224050179895,114.2351249306312,123.54023292814936,111.56238242962176,126.2129754291588,108.2461996813674,-0.07400441725072618,-33.66094722581622,1.0851581208360983,-0.5970755350419221,1.6822336558780204,53.299592419747974,24.537441120107616,117.8977783203125,110.17403869628906,115.55566116333007,131.0600605773926,BIRLACABLE.BO,2023-08-21 22:00:56.791212
259,2022-07-13 00:00:00+05:30,122.9462968631179,123.68872621024393,118.73919722940373,121.01598358154297,8254,0.0,0.0,2022-07-13,109.45140762329102,7.254044698199641,116.70545232149065,102.19736292509138,123.9594970196903,94.94331822689173,98.84302183084468,59.11956079328186,991073,13207.48095829057,17740.04477904216,130.3249523956079,72.85415118119016,121.14796900706354,123.55674078472335,118.60721180388315,126.09749798790374,116.19844002622334,128.50626976556356,113.65768282304295,-0.12109950450799836,-13.267795645114939,1.0043337301587485,-1.0176339490114272,2.0219676791701757,58.87801724938217,25.271306189408385,118.10565948486328,109.45140762329102,115.76453125,131.15657638549806,BIRLACABLE.BO,2023-08-21 22:00:56.791212
260,2022-07-12 00:00:00+05:30,116.01695066959651,122.74831277839667,116.01695066959651,120.12506103515625,19400,0.0,0.0,2022-07-12,108.84014091491699,6.723980532109815,115.5641214470268,102.11616038280717,122.28810197913661,95.39217985069736,91.62629435859766,42.23844938592415,982819,30814.00473609018,18873.185734230057,130.33667287687157,72.36471192034922,119.6301081610498,123.2432656525031,116.51190354370294,126.36147026984996,112.89874605224965,129.97462776130325,109.78054143490279,-0.1382877088871201,-12.183946586798902,0.4810496435411693,-1.523125868803971,2.0041755123451406,57.99399628344765,25.006652744260194,116.88807525634766,108.84014091491699,115.8892593383789,131.2521022796631,BIRLACABLE.BO,2023-08-21 22:00:56.791212
261,2022-07-11 00:00:00+05:30,115.71998948725486,117.74929184506779,115.17553827650546,115.86847686767578,10407,0.0,0.0,2022-07-11,108.28331909179687,6.179328800844806,114.46264789264167,102.10399029095207,120.64197669348648,95.92466149010725,59.842143727177316,10.598177126139662,963419,15944.233515736898,15887.980983765025,130.36698124286409,68.2942331955239,116.264435663083,117.35333304966055,114.77957948109822,118.83818923164533,113.69068209452068,119.92708661822287,112.2058259125359,-0.16033317378347067,-30.61673253137714,-0.10845881723479067,-2.024169746890256,1.9157109296554653,53.55638289033766,24.873668923429722,117.07615814208984,108.28331909179687,116.25948425292968,131.36247688293457,BIRLACABLE.BO,2023-08-21 22:00:56.791212
262,2022-07-08 00:00:00+05:30,118.88768562043737,118.88768562043737,114.58159688095975,115.57150268554688,11950,0.0,0.0,2022-07-08,107.87250785827636,5.91601881468627,113.78852667296263,101.9564890435901,119.7045454876489,96.04047022890383,75.6097990320088,10.727361154164285,953012,18261.29024057539,15873.917850772055,130.39010227829152,77.72980015240559,116.34692839564799,118.11225991033623,113.80617117085862,120.65301713512561,112.04083965617038,122.41834864981385,109.500082431381,-0.1852538484663739,-28.656122930204464,-0.4423559237455521,-2.503097479304122,2.06074155555857,53.23330911210199,25.623949145057765,115.29432678222656,107.87250785827636,116.66633560180664,131.47780082702636,BIRLACABLE.BO,2023-08-21 22:00:56.791212
263,2022-07-07 00:00:00+05:30,116.51190536561195,119.87758647264155,115.86847266111737,117.94727325439453,4253,0.0,0.0,2022-07-07,107.81063842773438,5.837210809768482,113.64784923750285,101.9734276179659,119.48506004727133,96.13621680819742,127.40818850163801,24.081962650189883,964962,6632.787468205308,15277.074753321222,130.41728729355464,76.62927743271536,117.89777746271783,119.92708226431829,115.9179684527941,121.90689127424201,113.88866365119364,123.93619607584247,111.90885464126991,-0.18911980678948637,-16.166675543093884,-0.83389558120885,-3.018282868193764,2.184387286984914,56.10856049023167,26.43194322988796,113.39370727539062,107.81063842773438,117.11476272583008,131.4639421081543,BIRLACABLE.BO,2023-08-21 22:00:56.791212
264,2022-07-06 00:00:00+05:30,122.55034166816056,122.74831980818874,114.03714570407418,114.92806243896484,20447,0.0,0.0,2022-07-06,107.7240219116211,5.6898732336824205,113.41389514530351,102.03414867793867,119.10376837898593,96.34427544425625,174.21137354547145,19.313960502184987,960709,31071.9475932071,17438.1465746002,130.4254343454613,73.88766146375752,117.23784265040926,120.43853959674435,111.72736549262979,125.94901675452383,108.5266685462947,129.1497137008589,103.01619138851522,-0.19701648743152345,-26.333334229349955,-1.556527614117158,-3.5643796899399924,2.0078520758228344,53.12541015823737,26.979100741416932,111.09712677001953,107.7240219116211,117.5681396484375,131.4584976196289,BIRLACABLE.BO,2023-08-21 22:00:56.791212
265,2022-07-05 00:00:00+05:30,107.75123868094852,122.74831220704343,103.54413927062646,121.06547546386719,26399,0.0,0.0,2022-07-05,107.7363956451416,5.706608853496364,113.44300449863796,102.02978679164524,119.14961335213432,96.32317793814887,207.6517264714221,6.976918073523686,981156,42259.1329030756,14029.696319948474,130.47426494716143,54.436412551980034,115.78597564717903,128.0278120237316,108.82363908731463,134.990148583596,96.58180271076206,147.23198496014857,89.61946615089767,-0.1367287845986594,-5.6666566919480985,-2.1607853242132364,-4.066342708895701,1.9055573846824645,60.94554052147471,27.568347292294288,109.7706527709961,107.7363956451416,118.06210250854492,131.31149658203125,BIRLACABLE.BO,2023-08-21 22:00:56.791212
266,2022-07-04 00:00:00+05:30,111.26540860097626,111.26540860097626,104.73203211503531,106.95932006835938,1381,0.0,0.0,2022-07-04,107.51366691589355,5.225658458247244,112.73932537414079,102.28800845764631,117.96498383238804,97.06234999939906,34.54509767477051,-66.77911345082856,954757,1953.1028141543609,6972.337174166692,130.5126972146937,46.0246870964317,107.65225359479031,110.57247507454531,104.03909858860436,114.18563008073126,101.11887710884936,117.10585156048626,97.50572210266341,-0.288781652249237,-31.96125061481505,-3.5061213218006912,-4.542732055066317,1.0366107332656256,43.05993699491801,28.202921653808787,107.57306213378907,107.51366691589355,118.51646926879883,131.11450538635253,BIRLACABLE.BO,2023-08-21 22:00:56.791212
267,2022-07-01 00:00:00+05:30,105.67244133145215,108.3946822088432,105.5239539549363,106.06840515136719,1720,0.0,0.0,2022-07-01,108.14225692749024,5.871662534616792,114.01391946210703,102.27059439287345,119.88558199672383,96.39893185825665,26.287869281700935,-79.34780502907526,953376,2412.2775743486873,8227.145764169774,130.51773122913545,41.214695724215666,106.66234710504891,107.80074025516151,104.93001200125462,109.5330753589558,103.79161885114202,110.6714685090684,102.05928374734773,-0.24829094973307467,-36.319602357473634,-3.7861934491270404,-4.801884738382723,1.0156912892556829,41.490523101871894,29.671284986920917,107.8997299194336,108.14225692749024,119.31037368774415,131.06253532409667,BIRLACABLE.BO,2023-08-21 22:00:56.791212
268,2022-06-30 00:00:00+05:30,108.39468399694286,110.27550650827942,105.62294476419615,106.46437072753906,6442,0.0,0.0,2022-06-30,108.84261550903321,6.420957529016849,115.26357303805005,102.42165798001636,121.6845305670669,96.00070045099952,49.5504714416473,-76.8936143340757,955096,9068.549035803948,9680.862811625046,130.5242411926316,37.556791490841135,107.45427400000487,109.2856032358136,104.63304149173032,112.10683574408814,102.8017122559216,113.93816497989687,99.98047974764705,-0.31682763325479274,-40.176578020929746,-3.9996624544224773,-5.0558075606966435,1.0561451062741662,41.973335409671925,30.50475223927689,107.80074005126953,108.84261550903321,120.11417709350586,130.99373680114746,BIRLACABLE.BO,2023-08-21 22:00:56.791212
269,2022-06-29 00:00:00+05:30,108.5926596425833,113.04723559505287,107.10780099176012,108.29569244384766,4720,0.0,0.0,2022-06-29,109.47368049621582,6.784830147800149,116.25851064401597,102.68885034841567,123.04334079181612,95.90402020061552,104.25488340003346,-63.19654974669308,961538,6758.743654932433,9833.94125558032,130.5482588439282,36.253243442171225,109.48357634355354,111.85935169534696,105.9199170920542,115.42301094684629,103.54414174026078,117.79878629863971,99.98048248876145,-0.3125057727882964,-36.099567311762996,-4.251363132273383,-5.319843837265185,1.068480704991802,44.15620387614523,31.42019530150525,107.09790649414063,109.47368049621582,120.91501083374024,130.86752380371092,BIRLACABLE.BO,2023-08-21 22:00:56.791212
270,2022-06-28 00:00:00+05:30,106.81083765920732,111.11692639198375,106.06840830692235,110.07752227783203,5431,0.0,0.0,2022-06-28,110.04782562255859,7.155620670818922,117.20344629337751,102.89220495173967,124.35906696419643,95.73658428092075,96.71774883483167,-70.61345667183157,966258,7904.806474909557,10602.740655742291,130.56454641770517,37.58539880232348,109.08761899224605,112.10682967756975,107.05831159250835,114.13613707730745,104.03910090718465,117.15534776263115,102.00979350744694,-0.3306522566879181,-33.84615997735966,-4.689559121699659,-5.586964013513135,0.8974048918134754,46.332531866475236,32.66592938674256,105.90012054443359,110.04782562255859,121.8415625,130.78189697265626,BIRLACABLE.BO,2023-08-21 22:00:56.791212
271,2022-06-27 00:00:00+05:30,113.49269704657796,113.49269704657796,107.40477510394268,108.59265899658203,3128,0.0,0.0,2022-06-27,110.71601181030273,7.757199064741099,118.47321087504383,102.95881274556163,126.23040993978493,95.20161368082053,115.72321433311153,-68.46037713235515,960827,4491.382117173946,11277.224200950473,130.58181508767626,37.10586142256502,109.83004371570088,112.25531232745908,106.1673903848238,115.91796565833616,103.7421217730656,118.34323427009436,100.07946844218853,-0.3518426165060147,-42.909108218758696,-5.355012089968142,-5.811315236466503,0.4563031464983611,44.20953359989639,33.539983284209555,104.54394989013672,110.71601181030273,122.7750437927246,130.66013854980469,BIRLACABLE.BO,2023-08-21 22:00:56.791212
272,2022-06-24 00:00:00+05:30,105.52395749925182,107.40478004273461,103.98960803007049,105.57345581054688,6000,0.0,0.0,2022-06-24,111.49556274414063,8.297190433572302,119.79275317771292,103.19837231056833,128.08994361128524,94.90118187699602,21.682398257854278,-108.4016177560434,957699,8375.655035732525,12973.684721894606,130.5924954602906,30.54606547544853,105.65594796111732,107.32228789216416,103.90711587950003,109.07111997378145,102.24077594845319,110.73745990482828,100.4919438668359,-0.3469907003455186,-54.166638157466814,-5.979620459674081,-5.925391023091093,-0.054229436582987844,39.68893355982751,34.69373847326008,102.08898468017578,111.49556274414063,123.73822235107421,130.52303665161133,BIRLACABLE.BO,2023-08-21 22:00:56.791212
273,2022-06-23 00:00:00+05:30,107.55326641083062,107.55326641083062,101.21786779623766,102.95020294189453,7069,0.0,0.0,2022-06-23,112.32460861206054,8.500206068229707,120.82481468029025,103.82440254383084,129.32502074851996,95.32419647560113,-27.943587097363586,-129.75670916201364,951699,9622.722957387094,14123.192143435124,130.61582669871035,25.69445460370808,103.90711238298759,106.59635696973753,100.26095835514457,110.24251099758055,97.57171376839463,112.93175558433049,93.9255597405516,-0.35534942685463006,-64.2856987522273,-6.391362369844543,-5.911833663945346,-0.47952870589919705,35.477219985260334,34.34637903563655,101.60392913818359,112.32460861206054,124.78653259277344,130.42800567626952,BIRLACABLE.BO,2023-08-21 22:00:56.791212
274,2022-06-22 00:00:00+05:30,103.89061046136503,106.95932447654529,100.27746034118897,102.3067626953125,4175,0.0,0.0,2022-06-22,113.35906028747559,8.558025094723066,121.91708538219865,104.80103519275252,130.4751104769217,96.24301009802946,-49.292479564813874,-142.7425128075433,944630,5647.725964503737,15248.30943994713,130.64625598525768,37.22845760306102,103.18118250434891,106.08490466750885,99.40304053215253,109.86304663970523,96.49931836899259,112.76676880286517,92.72117639679621,-0.2807006098990905,-71.45037783515615,-6.563327300046353,-5.791951487470547,-0.7713758125758066,34.438727898399534,33.972299641272755,101.50493774414062,113.35906028747559,125.94076278686524,130.31713623046875,BIRLACABLE.BO,2023-08-21 22:00:56.791212
275,2022-06-21 00:00:00+05:30,101.01989019145486,104.83102602156087,97.70369971034127,103.29666900634766,11904,0.0,0.0,2022-06-21,114.2598747253418,8.277015209442881,122.53688993478468,105.98285951589892,130.81390514422756,97.70584430645604,-78.3655883666577,-162.34848178005325,948805,16258.932536035667,17648.455308807977,130.66467744724687,31.848558967353284,101.94379824608326,106.18389678182525,99.05657047060565,109.07112455730287,94.81647193486366,113.31122309304486,91.92924415938604,-0.3263202045191797,-68.3969415677555,-6.620681053064885,-5.599107534326595,-1.0215735187382906,35.2537434534743,33.41004703855231,102.80171508789063,114.2598747253418,127.15636703491211,130.27803497314454,BIRLACABLE.BO,2023-08-21 22:00:56.791212
276,2022-06-20 00:00:00+05:30,102.0097910359191,102.05928179222182,93.05114093553468,96.31783294677734,16210,0.0,0.0,2022-06-20,115.49973106384277,8.404607921523638,123.90433898536641,107.09512314231914,132.30894690689004,98.6905152207955,-159.15463482853858,-208.95359268590624,936901,20644.411701092464,17995.836002001055,130.71549541741243,25.445271122386387,97.14275189151128,101.23436284748789,92.22622199080074,106.15089274819843,88.13461103482413,110.24250370417504,83.21808113411359,-0.39462999832728374,-89.92365666289601,-6.691288660621396,-5.343714154642022,-1.3475745059793738,23.382949387967827,32.238220791509754,103.94010620117187,115.49973106384277,128.32940551757812,130.2597216796875,BIRLACABLE.BO,2023-08-21 22:00:56.791212
277,2022-06-17 00:00:00+05:30,103.84111667025942,104.28657124532108,99.48552977653195,103.14817810058594,2990,0.0,0.0,2022-06-17,117.2048439025879,7.741327722460443,124.94617162504834,109.46351618012746,132.68749934750878,101.72218845766702,-131.0485456890928,-173.94189995172465,953111,4077.9842442381164,17333.692077228203,130.80269063254164,26.154042776444257,102.30675970747966,105.12798963842737,100.32694816963823,107.1078011762688,97.50571823869052,109.9290311072165,95.52590670084909,-0.388998696855895,-87.45763408282004,-5.9929950210865,-5.006820528147179,-0.9861744929393215,28.05691640079705,30.207247553830523,106.20699005126953,117.2048439025879,129.55391891479493,130.28050971984862,BIRLACABLE.BO,2023-08-21 22:00:56.791212
278,2022-06-16 00:00:00+05:30,112.45329261882623,112.45329261882623,99.48552869713825,102.45524597167969,24580,0.0,0.0,2022-06-16,118.32838706970215,7.20598006422629,125.53436713392844,111.12240700547585,132.74034719815472,103.91642694124957,-133.45085744325556,-158.6385656234832,950121,33298.822203736614,20647.619035475724,130.81562725836582,30.385304490152947,104.79802242921471,110.11051616129117,97.1427522396032,117.76578635090269,91.83025850752674,123.07828008297915,84.17498831791522,-0.39906326396696234,-89.83050884072937,-5.680850111055747,-4.760276904912348,-0.9205732061433993,26.68211493730847,28.55948886466878,108.44417724609374,118.32838706970215,130.64776473999024,130.24536811828614,BIRLACABLE.BO,2023-08-21 22:00:56.791212
279,2022-06-15 00:00:00+05:30,108.88963848402614,111.11692654392667,107.8997326796259,108.7906494140625,9428,0.0,0.0,2022-06-15,119.36778831481934,6.228918975906408,125.59670729072575,113.13886933891293,131.82562626663216,106.90995036300652,-110.21253138135057,-125.92510429985028,974701,13562.006144367826,17484.8182434105,130.92511137370826,37.97366831691989,109.26910287920502,110.63847307878414,107.42127921448338,112.48629674350579,106.05190901490425,113.85566694308491,104.20408535018261,-0.37720256301949495,-84.45375069304365,-5.126893234592956,-4.530133603376497,-0.5967596312164583,31.87997228357689,26.784979507109977,111.1961166381836,119.36778831481934,131.7129035949707,130.24833786010743,BIRLACABLE.BO,2023-08-21 22:00:56.791212
280,2022-06-14 00:00:00+05:30,105.12799053071899,111.8593528374661,105.12799053071899,108.9886245727539,9838,0.0,0.0,2022-06-14,120.32799682617187,5.988141768850579,126.31613859502245,114.33985505732129,132.30428036387303,108.3517132884707,-163.07277185256703,-130.3962743634681,984129,14177.536818087448,18465.521268171167,130.95793520440452,31.002564661811093,108.65865598031299,112.18932142990698,105.45795912315987,115.3900182870601,101.92729367356587,118.9206837366541,98.72659681641275,-0.3703927120944183,-83.61344006854146,-4.963921614589751,-4.380943695572382,-0.5829779190173685,32.06293535382042,25.753507619602736,112.4730941772461,120.32799682617187,132.6335157775879,130.2062668609619,BIRLACABLE.BO,2023-08-21 22:00:56.791212
281,2022-06-13 00:00:00+05:30,115.47250926965826,115.47250926965826,106.81083380551046,107.65225219726562,12204,0.0,0.0,2022-06-13,121.1768409729004,5.4776504322614175,126.6544914051618,115.69919054063898,132.13214183742323,110.22154010837755,-174.91466068074672,-122.19114106999066,974291,17371.5316859444,19537.517380692094,130.99198358991234,28.540021898584087,109.97853175747811,113.14622970944576,104.48455424529796,118.64020722162591,101.3168562933303,121.80790517359357,95.82287878115015,-0.2565366923281145,-96.93694189368709,-4.699555175599372,-4.23519921581804,-0.46435595978133204,29.547386645363204,24.642691740748784,113.99754943847657,121.1768409729004,133.55313842773438,130.17112525939942,BIRLACABLE.BO,2023-08-21 22:00:56.791212
282,2022-06-10 00:00:00+05:30,115.5219979532319,116.9078675130986,113.83916119992475,114.33411407470703,10099,0.0,0.0,2022-06-10,121.72871360778808,4.514704088456155,126.24341769624424,117.21400951933192,130.7581217847004,112.69930543087577,-107.78451302535093,-90.9302481109375,986495,15267.467242816318,20079.013804379014,131.0369416000281,25.993002762198103,115.02704759591012,116.21493399189549,113.14622767872164,118.09575390908397,111.95834128273627,119.28364030506934,110.0775213655478,-0.22553271726699897,-95.03108498782407,-4.158268210281776,-4.119110225872706,-0.03915798440906926,35.65944535481604,23.641925861291984,116.37332305908203,121.72871360778808,134.51532684326173,130.15330696105957,BIRLACABLE.BO,2023-08-21 22:00:56.791212
283,2022-06-09 00:00:00+05:30,115.17553881668947,118.78869651276237,114.73008422571938,116.2149429321289,6909,0.0,0.0,2022-06-09,121.9341194152832,4.246023198106696,126.1801426133899,117.68809621717651,130.4261658114966,113.44207301906981,-93.82241389637431,-82.80182882680566,996594,10616.710124709238,21281.900444769683,131.06360835762416,31.004519467740607,116.57790789020355,118.42573155468772,114.36711926764472,120.63652017724654,112.51929560316056,122.4843438417307,110.30850698060173,-0.21999575094934362,-87.16355271861879,-4.060314959126487,-4.109320729770439,0.049005770643952395,37.697310851086044,23.510522993770522,117.52161560058593,121.9341194152832,135.34585769653322,130.05481140136717,BIRLACABLE.BO,2023-08-21 22:00:56.791212
284,2022-06-08 00:00:00+05:30,117.79878896228888,120.27355343628655,113.14623477212601,115.175537109375,6635,0.0,0.0,2022-06-08,121.79800720214844,4.476391996675156,126.2743991988236,117.32161520547328,130.75079119549875,112.84522320879813,-133.8901618253945,-86.00654134461429,989685,10104.479965232891,23948.198024784793,131.07984435867195,30.823919561666685,116.19844177259586,119.2506487730657,112.12333010890517,123.3257604367564,109.07112310843532,126.37796743722625,104.99601144474462,-0.17719701034789523,-91.51140117864588,-4.058618336270328,-4.121572172431427,0.06295383616109884,35.813061382057,23.50555534621857,118.09576110839843,121.79800720214844,136.16252960205077,129.9617601776123,BIRLACABLE.BO,2023-08-21 22:00:56.791212
285,2022-06-07 00:00:00+05:30,116.80887900881602,120.37253821386292,113.88866005454824,116.61090087890625,19013,0.0,0.0,2022-06-07,121.67921829223633,4.687905866918987,126.36712415915531,116.99131242531735,131.0550300260743,112.30340655839835,-152.24048151117952,-83.25740351274764,996320,29315.856854428268,27409.127539672765,131.0965625164233,29.365619326402168,116.95736638243913,120.02607271033003,113.54219455101534,123.44124454175382,110.47348822312445,126.50995086964471,107.05831639170066,-0.17564977136210377,-88.24785866816458,-3.8925862027019065,-4.137310631471701,0.2447244287697945,37.26197310641114,23.500205571931858,119.01637268066406,121.67921829223633,137.12768798828125,129.86029479980468,BIRLACABLE.BO,2023-08-21 22:00:56.791212
286,2022-06-06 00:00:00+05:30,120.52102605847345,120.76850249801858,116.3139265862064,119.53112030029297,9790,0.0,0.0,2022-06-06,121.75841064453125,4.610520182381409,126.36893082691266,117.14789046214985,130.97945100929408,112.53737027976844,-108.56442709415617,-75.6889451376823,1015333,15473.069471264373,26932.445210983886,131.14032801437398,34.44971875883495,118.87118312817266,121.42843967013891,116.97386375832674,123.32575903998483,114.41660721636049,125.88301558195108,112.51928784651457,-0.19037899815408607,-76.29311430015852,-3.7623977635006867,-4.198491738664149,0.4360939751634625,40.33463126557481,23.59663308238482,120.38244171142578,121.75841064453125,138.08096710205078,129.7568495941162,BIRLACABLE.BO,2023-08-21 22:00:56.791212
287,2022-06-03 00:00:00+05:30,122.00589007483096,125.47056038121562,119.23415080877048,120.07557678222656,30827,0.0,0.0,2022-06-03,122.0355842590332,4.636132501508781,126.67171676054198,117.39945175752442,131.30784926205075,112.76331925601563,-58.241492881268975,-64.94211904987758,1025123,48943.918625561346,29797.28914591376,131.15841658794037,45.62631924434864,121.59342932407088,123.95270783937129,117.71629826692615,127.82983889651602,115.35701975162574,130.18911741181643,111.479888694481,-0.14915547138990748,-62.47719125319058,-3.8263084508190275,-4.307515232455014,0.4812067816359864,40.913988510760554,24.03339396656936,121.31295318603516,122.0355842590332,138.86200271606447,129.60390922546387,BIRLACABLE.BO,2023-08-21 22:00:56.791212
288,2022-06-02 00:00:00+05:30,120.91699468625902,121.90690048385036,117.79878991336992,119.0856704711914,19716,0.0,0.0,2022-06-02,122.22366600036621,4.628728959498606,126.85239495986481,117.5949370408676,131.48112391936343,112.96620808136899,-119.04185417536354,-77.32761598372252,994296,31044.96033842242,25010.63177600186,131.21305994463827,36.16853337428194,119.59712028947057,121.39545066557122,117.28734009509077,123.70523085995102,115.48900971899012,125.50356123605167,113.17922952461032,-0.11220451235432084,-66.1201813884326,-3.903779841124333,-4.42781692786401,0.5240370867396766,39.432966874832005,24.92277415446582,121.72871246337891,122.22366600036621,139.60245193481444,129.41879676818849,BIRLACABLE.BO,2023-08-21 22:00:56.791212
289,2022-06-01 00:00:00+05:30,124.08468344471079,124.23317081672101,118.93717659915382,119.77859497070312,15005,0.0,0.0,2022-06-01,122.63695106506347,4.702226591309928,127.3391776563734,117.93472447375355,132.04140424768332,113.23249788244361,-105.47641136443552,-74.21079871024759,1014012,23764.46315265749,23502.049635396717,131.25142296902666,47.89556730433996,120.98298079552599,123.02878499189816,117.73279077433097,126.27897501309319,115.68698657795879,128.32477920946536,112.43679655676377,-0.13108671123182802,-63.570124794138344,-3.846327744426546,-4.558826199548929,0.7124984551223834,40.083198838384696,25.17703575905008,122.6394256591797,122.63695106506347,140.3151840209961,129.28515945434572,BIRLACABLE.BO,2023-08-21 22:00:56.791212
290,2022-05-31 00:00:00+05:30,120.81800179400894,128.68774961488992,120.76850348474287,123.44124603271484,7884,0.0,0.0,2022-05-31,123.01064071655273,4.759737624538681,127.77037834109142,118.25090309201404,132.5301159656301,113.49116546747537,-35.25810380371214,-62.10179034539144,1029017,12868.256417499035,23436.44625608152,131.27911023046033,47.62532907739427,124.29916637744923,127.82982927015559,119.91058314000853,132.21841250759627,116.37992024730217,135.74907540030264,111.99133700986147,-0.13324743060068714,-47.82608014836146,-3.7827365221755542,-4.736950813329525,0.9542142911539706,43.62648648094262,25.59988622750423,122.74831695556641,123.01064071655273,141.03979522705077,129.12182502746583,BIRLACABLE.BO,2023-08-21 22:00:56.791212
291,2022-05-30 00:00:00+05:30,127.49986809408847,127.49986809408847,122.45134255006354,124.18367767333984,9335,0.0,0.0,2022-05-30,123.77039375305176,5.906635286524928,129.6770290395767,117.86375846652683,135.58366432610163,111.9571231800019,-16.03166228525523,-63.27508562063221,1036901,15328.216759855768,26078.493715727138,131.28906128038423,45.84821664020729,124.71162943916396,126.97191632826437,121.92339078423944,129.7601549831889,119.66310389513903,132.0204418722893,116.87486524021452,-0.163835122879872,-44.14260214613281,-4.004721932792123,-4.9755043861180175,0.9707824533258949,44.36274166485546,26.292132853498984,123.67882690429687,123.77039375305176,141.66046615600587,128.90058113098144,BIRLACABLE.BO,2023-08-21 22:00:56.791212
292,2022-05-27 00:00:00+05:30,124.72812665289378,125.07459216089771,120.86749265078025,122.15437316894531,9291,0.0,0.0,2022-05-27,124.37176208496093,6.530271909625256,130.9020339945862,117.84149017533568,137.43230590421143,111.31121826571042,-42.23518848678039,-75.77044077892536,1027566,15006.667956377283,28766.06295469498,131.29975871801068,41.927368319932576,122.69881932687441,124.53014600296858,120.32304649285112,126.90591883699187,118.49171981675696,128.73724551308604,116.11594698273366,-0.1751819482947734,-51.103546762841674,-4.301371189282591,-5.2181999994494905,0.9168288101668995,41.863509666201246,27.254591363083996,124.92610931396484,124.37176208496093,142.28905639648437,128.6432056427002,BIRLACABLE.BO,2023-08-21 22:00:56.791212
293,2022-05-26 00:00:00+05:30,122.9462978558534,126.16349171937692,114.0866439295645,123.63923645019531,19606,0.0,0.0,2022-05-26,125.1636863708496,7.175686858910047,132.33937322975964,117.98799951193956,139.51506008866969,110.81231265302951,-57.867369169810814,-85.97691346964368,1036857,32052.219364059736,32205.911704274404,131.31348312675658,35.6242837764739,121.2964573663789,128.5062708031933,116.42942301338088,133.37330515619132,109.21960957656648,140.58311859300574,104.35257522356846,-0.1683535957389813,-46.010150950738186,-4.41614409391282,-5.447407201991216,1.031263108078396,43.1765241698971,27.87619218945583,125.61904296875,125.1636863708496,143.04732421875,128.35910263061524,BIRLACABLE.BO,2023-08-21 22:00:56.791212
294,2022-05-25 00:00:00+05:30,132.7958553082419,134.28071398901133,118.98667259803878,120.32305145263672,23911,0.0,0.0,2022-05-25,126.01253051757813,7.948393306117124,133.96092382369525,118.064137211461,141.90931712981237,110.11574390534388,14.942862203861003,-75.34001750127594,1017251,38041.652183365004,32244.334789328066,131.33786299847097,34.039350316732396,124.53014601322894,130.0736194284191,114.77957803744656,139.8241874042015,109.23610462225639,145.36766081939166,99.485536646474,-0.21597618129481905,-57.38536844854467,-4.642413452632013,-5.705222979010814,1.0628095263788007,39.20464554903408,28.54560846401011,125.53984985351562,126.01253051757813,143.84320861816406,128.09380783081053,BIRLACABLE.BO,2023-08-21 22:00:56.791212
295,2022-05-24 00:00:00+05:30,132.15241532256067,137.05244567873677,126.21298092604108,128.0937957763672,28338,0.0,0.0,2022-05-24,126.97768821716309,8.38135007371625,135.35903829087934,118.59633814344684,143.7403883645956,110.2149880697306,99.29372857787553,-52.141195987521144,1041162,47996.55702142417,30795.00544081883,131.3807047651745,33.82226885737897,130.45307412704835,134.6931673280556,123.85370257535993,141.29253887974403,119.61360937435266,145.5326320807513,113.01423782266424,-0.14512069986742832,-30.730068196189734,-4.535173223465506,-5.970925360605513,1.4357521371400068,46.22660702101186,29.826175599973855,127.07420349121094,126.97768821716309,144.25401962280273,127.7735732269287,BIRLACABLE.BO,2023-08-21 22:00:56.791212
296,2022-05-23 00:00:00+05:30,126.31197912319594,135.96356826788434,125.52005901115379,130.4200897216797,10674,0.0,0.0,2022-05-23,127.76218910217285,9.18690392118548,136.94909302335833,118.57528518098738,146.13599694454382,109.38838125980189,134.4271062990858,-54.36324530982566,1069500,18407.06249504429,26494.61754566749,131.3959262136379,34.5215043584478,130.6345723335726,135.74908565599142,125.30557639926087,141.07808159030316,120.19106307684206,146.19259491272197,114.86206714253032,-0.13058934241426268,-19.753100685050633,-5.094459064620224,-6.3298633948905145,1.2354043302702902,48.65311533345704,32.082905018489285,126.64854583740234,127.76218910217285,144.53020370483398,127.37563117980957,BIRLACABLE.BO,2023-08-21 22:00:56.791212
297,2022-05-20 00:00:00+05:30,127.4503655736472,128.63824945512857,124.38165925283569,125.6190414428711,5831,0.0,0.0,2022-05-20,128.57391166687012,10.105401172178167,138.6793128390483,118.46851049469196,148.78471401122644,108.36310932251378,99.78767300470126,-77.13735295637719,1058826,9685.260589773765,28516.506308323285,131.39763135963585,40.019929246233474,126.21298338361179,128.04430751438787,123.787717312095,130.46957358590467,121.9563931813189,132.30089771668077,119.53112710980211,-0.15881441019275197,-51.0259981739859,-5.962430354885157,-6.638714477458086,0.6762841225729286,42.921706645398686,34.434804267234036,124.3024688720703,128.57391166687012,144.7242253112793,126.97224456787109,BIRLACABLE.BO,2023-08-21 22:00:56.791212
298,2022-05-19 00:00:00+05:30,124.72812955925264,125.5200572123276,121.85740125733315,123.24327087402344,16912,0.0,0.0,2022-05-19,129.60588836669922,10.816605364685122,140.42249373138435,118.7892830020141,151.23909909606945,107.97267763732897,57.34345596016078,-93.79082181911801,1052995,27559.477507203297,33224.317737960664,131.40315260425567,35.59018061964096,123.54024311456139,125.22308497178963,121.56042901679518,127.20289906955584,119.87758715956694,128.88574092678408,117.89777306180073,-0.2331249477033737,-57.59233581144693,-6.510526261858558,-6.8077855081013166,0.2972592462427581,39.829399224592635,35.848501900861365,122.86710662841797,129.60588836669922,145.05386413574217,126.5352011871338,BIRLACABLE.BO,2023-08-21 22:00:56.791212
299,2022-05-18 00:00:00+05:30,127.20289200070098,130.37058745758677,126.4604626699576,127.99481964111328,7738,0.0,0.0,2022-05-18,130.76902770996094,11.334751039723063,142.103778749684,119.43427667023788,153.43852978940706,108.09952563051482,122.65302832778588,-78.01360220720709,1069907,13095.856627852947,34640.52779565,131.42582806349918,35.98355272014618,128.2752899228859,130.09011717581419,126.17999238818501,132.18541471051506,124.36516513525672,134.00024196344336,122.26986760055584,-0.23284463744934703,-44.459639449816784,-6.879633370644683,-6.882100319662006,0.002466949017322584,44.274678706051134,36.83482303372116,120.9169921875,130.76902770996094,145.33202758789062,126.11201644897461,BIRLACABLE.BO,2023-08-21 22:00:56.791212
300,2022-05-17 00:00:00+05:30,116.80887926022993,128.68774833754145,109.87953896513153,125.96550750732422,37019,0.0,0.0,2022-05-17,132.10045051574707,12.496168312168388,144.59661882791545,119.60428220357868,157.09278714008386,107.1081138914103,8.020649545870814,-114.76694855452429,1062169,61657.955131325914,40026.695587599264,131.4301960401743,37.027730815244645,121.5109316033324,133.14232424153326,114.33411486912334,140.3191409757423,102.70272223092248,151.95053361394318,95.52590549671342,-0.254932447406996,-50.54200363516893,-7.7159210116729895,-6.882717056916336,-0.8332039547566534,41.692181543195154,38.42814765483093,117.8779800415039,132.10045051574707,145.62107986450195,125.66556884765625,BIRLACABLE.BO,2023-08-21 22:00:56.791212
301,2022-05-16 00:00:00+05:30,118.44222844926361,121.01598197464891,116.31392950528627,118.68970489501953,10292,0.0,0.0,2022-05-16,133.63975448608397,13.552203341901418,147.1919578279854,120.08755114418256,160.7441611698868,106.53534780228114,-45.920921832091956,-137.72162959675734,1025150,16151.974536806785,34618.8807016676,131.46368279523267,25.30186747665536,118.67320545831824,121.0324814113502,116.33042894198756,123.37525792768088,113.9711529889556,125.73453388071285,111.62837647262492,-0.3415287638142429,-70.46069172002713,-8.469858220545575,-6.674416068227172,-1.7954421523184028,31.051693921177872,39.863482259414155,116.323828125,133.63975448608397,146.00417358398437,125.27604095458985,BIRLACABLE.BO,2023-08-21 22:00:56.791212
302,2022-05-13 00:00:00+05:30,116.26443293788486,122.55034079621113,116.26443293788486,118.44223022460938,33663,0.0,0.0,2022-05-13,135.54284858703613,14.007140219125693,149.54998880616182,121.53570836791044,163.5571290252875,107.52856814878474,-52.482749588565035,-148.25253484614726,1014858,52719.60980015974,39235.607242882805,131.4854824405462,24.172477009603767,119.08566798623512,121.90690303458538,115.62099517625911,125.37157584456139,112.79976012790885,128.19281089291167,109.33508731793285,-0.35232433862165474,-73.54035978743376,-8.59023881068508,-6.225555530147571,-2.364683280537508,30.648125769041982,39.996448442724905,117.6008056640625,135.54284858703613,146.32589279174806,124.9538265991211,BIRLACABLE.BO,2023-08-21 22:00:56.791212
303,2022-05-12 00:00:00+05:30,112.60178196102387,114.77957164613055,108.592660549371,113.4926986694336,17637,0.0,0.0,2022-05-12,137.52018547058105,14.255191973561868,151.77537744414292,123.26499349701919,166.03056941770478,109.00980152345733,-120.4211519192154,-198.3675810739401,981195,26467.04352435402,35864.606603563574,131.55869627385377,14.865980420173813,112.28831028831172,115.98396002725244,109.79704893049289,118.47522138507126,106.10139919155218,122.17087112401198,103.61013783373335,-0.3498852693346703,-86.78362189275057,-8.589834806115931,-5.634384710013194,-2.9554500961027372,22.284783870139137,40.13964279398263,118.67980194091797,137.52018547058105,146.29025604248048,124.6291374206543,BIRLACABLE.BO,2023-08-21 22:00:56.791212
304,2022-05-11 00:00:00+05:30,120.76850334106561,120.76850334106561,107.89972839488648,112.79975891113281,18573,0.0,0.0,2022-05-11,139.8786361694336,13.969824302731075,153.84846047216467,125.90881186670254,167.81828477489574,111.93898756397145,-135.71019814963205,-213.30166109352604,963558,27701.48326843083,38213.997373365964,131.61198314189258,12.760878017584716,113.82266354902829,119.7455987031701,106.87682375699097,126.69143849520742,100.95388860284916,132.61437364934923,94.00804881081184,-0.3881237606384591,-88.97550606226423,-7.971714680345485,-4.8955221859875095,-3.0761924943579757,21.05247556962486,38.650693446983595,121.4515365600586,139.8786361694336,146.6337532043457,124.3593881225586,BIRLACABLE.BO,2023-08-21 22:00:56.791212
305,2022-05-10 00:00:00+05:30,129.1332019183199,129.1332019183199,115.81897261705545,118.19474792480469,10158,0.0,0.0,2022-05-10,142.39299697875975,13.351296066757282,155.74429304551703,129.04170091200248,169.09558911227433,115.69040484524518,-103.47497074101341,-189.9407968475478,982131,15875.199108467441,40842.12589959975,131.6705978759958,11.984593958761494,121.04897415339336,126.27897568973127,112.9647463884668,134.36320345465782,107.7347448521289,139.59320499099573,99.65051708720235,-0.3950223412587636,-87.07071033076745,-6.991305987362068,-4.126474062398015,-2.8648319249640535,23.7886095799372,37.04720953483079,124.3420623779297,142.39299697875975,146.56544982910157,124.09508331298828,BIRLACABLE.BO,2023-08-21 22:00:56.791212
306,2022-05-09 00:00:00+05:30,111.85935206483059,128.58875354412558,111.85935206483059,125.07459259033203,27321,0.0,0.0,2022-05-09,144.58068923950196,12.748645257145553,157.3293344966475,131.83204398235642,170.07797975379307,119.08339872521086,-123.69248233996055,-201.77317001926644,992289,45183.35567312948,47083.85759738283,131.6936011513258,11.476074150297634,121.84089939976273,131.8224467346949,115.09304525539989,138.57030087905773,105.11149792046774,148.55184821398987,98.3636437761049,-0.323586563743198,-73.0303083533777,-6.161481563792478,-3.410266081157001,-2.7512154826354767,28.12043819695917,35.810331684975054,128.4303741455078,144.58068923950196,146.55555084228516,123.76841445922851,BIRLACABLE.BO,2023-08-21 22:00:56.791212
307,2022-05-06 00:00:00+05:30,125.817023169548,127.84632548779676,121.65942191311201,123.83721160888672,31324,0.0,0.0,2022-05-06,146.20413475036622,12.189007956995514,158.39314270736173,134.0151267933707,170.58215066435724,121.8261188363752,-144.07820409197106,-199.6575948324533,964968,51291.000852028155,47558.98307844616,131.72413020488645,16.47411707320417,124.44765300326516,127.2358840934183,121.04898051873356,130.63455657794992,118.26074942858041,133.42278766810307,114.86207694404881,-0.3473799154643499,-94.59460277791024,-5.683259517891059,-2.722462210498132,-2.9607973073929275,25.861015946317366,34.358862341803565,130.65766448974608,146.20413475036622,146.56149032592774,123.34028022766114,BIRLACABLE.BO,2023-08-21 22:00:56.791212
308,2022-05-05 00:00:00+05:30,127.54936500371936,131.85544605715074,126.2129861671035,127.35137176513672,24884,0.0,0.0,2022-05-05,147.90429763793946,11.239451990741221,159.1437496286807,136.66484564719823,170.3832016194219,125.42539365645702,-145.84575148969208,-184.5505599267037,996292,41902.1795735582,46625.97863505066,131.76605887367725,16.867872372845795,128.47326799646365,130.7335498258238,125.09108993577655,134.1157278865109,122.8308081064164,136.37600971587105,119.4486300457293,-0.3482288429024464,-93.0759185255275,-4.863017112194768,-1.9822628836499003,-2.880754228544868,28.19012445309575,33.50722586212275,133.4887939453125,147.90429763793946,146.56445999145507,122.91511573791504,BIRLACABLE.BO,2023-08-21 22:00:56.791212
309,2022-05-04 00:00:00+05:30,130.86553796928163,135.12213574256413,124.77762360959882,127.25238800048828,23249,0.0,0.0,2022-05-04,149.32233848571778,10.255945501074962,159.57828398679274,139.06639298464282,169.8342294878677,128.81044748356786,-175.53515106789686,-190.58385357173302,971408,39118.573752186305,47806.92840042378,131.78478227038408,16.999274955659047,129.0507157842171,133.32380795883535,122.97929582587005,139.3952279171824,118.70620365125178,143.66832009180067,112.63478369290475,-0.3372409513413221,-93.34221173281007,-4.085267727681014,-1.2620743265136833,-2.8231934011673308,28.018621145073297,32.99539284317717,136.1417434692383,149.32233848571778,146.5486215209961,122.43748626708984,BIRLACABLE.BO,2023-08-21 22:00:56.791212
310,2022-04-29 00:00:00+05:30,137.39892454436486,144.08078852334924,137.10194979101288,138.6363067626953,32033,0.0,0.0,2022-04-29,150.70078201293944,8.896058324489385,159.59684033742883,141.80472368845005,168.49289866191822,132.90866536396067,-56.319860686268605,-111.3891435292371,994657,58720.181300009746,49979.01706248314,131.8028133107635,17.257891661846728,139.93968169235248,142.77741359369207,135.79857486135572,146.91852042468884,132.96084296001612,149.75625232602843,128.81973612901936,-0.3379600848907916,-85.71428983099965,-3.0178664369339288,-0.5562759762218505,-2.4615904607120784,37.47682577105061,32.44418805354347,138.61650695800782,150.70078201293944,146.61494522094728,121.96827095031739,BIRLACABLE.BO,2023-08-21 22:00:56.791212
311,2022-04-28 00:00:00+05:30,138.9827684715709,141.3090531467148,134.13223608672405,136.21104431152344,23653,0.0,0.0,2022-04-28,151.5174545288086,8.469731635710641,159.98718616451924,143.04772289309795,168.4569178002299,134.5779912573873,-100.61365448138572,-137.53543838273885,962624,42600.17156191105,47793.72600310148,131.76515019152606,35.62511245584959,137.21744451498742,140.3026529432508,133.12583588326004,144.39426157497817,130.04062745499667,147.47947000324154,125.94901882326928,-0.34790373549740117,-94.39998282428374,-2.726687595256408,0.059121638956169176,-2.785809234212577,32.99175258543163,33.189487997454414,139.64600830078126,151.5174545288086,146.46546951293945,121.37581230163575,BIRLACABLE.BO,2023-08-21 22:00:56.791212
312,2022-04-27 00:00:00+05:30,139.97267043519255,140.61611825130458,135.86456751401477,137.99285888671875,12014,0.0,0.0,2022-04-27,152.49498596191407,7.703746757778192,160.19873271969226,144.79123920413588,167.90247947747045,137.0874924463577,-114.16691108741362,-124.87556822697067,986277,21920.831997520785,49092.11461339909,131.74698281196711,48.93583203520647,138.15784821734601,140.45112892067726,135.69957818338744,142.90939895463583,133.4062974800562,145.20267965796708,130.94802744609763,-0.37077487239086604,-90.81081017609989,-2.0737253884439326,0.7555739475093134,-2.829299335953246,34.684093725235655,33.38142051964539,141.73470764160157,152.49498596191407,146.2892660522461,120.79424255371094,BIRLACABLE.BO,2023-08-21 22:00:56.791212
313,2022-04-26 00:00:00+05:30,144.42724758343994,144.42724758343994,139.57671529248591,140.61611938476562,11565,0.0,0.0,2022-04-26,153.38837585449218,6.93070858425762,160.3190844387498,146.45766727023457,167.2497930230074,139.52695868597695,-92.26772883698105,-86.01171956128017,998291,21502.726907726945,55884.93526736866,131.7339921801987,46.88414596525496,141.54002742023047,143.50333954797503,138.652807257021,146.3905597111845,136.68949512927645,148.35387183892905,133.802274966067,-0.4019108869795813,-83.64862125327541,-1.3817975532116975,1.4628987814976249,-2.8446963347093224,37.29913074699506,33.796021674143226,143.38785095214843,153.38837585449218,145.81312149047852,120.1765414428711,BIRLACABLE.BO,2023-08-21 22:00:56.791212
314,2022-04-25 00:00:00+05:30,134.6271785152793,142.94238055814148,134.6271785152793,139.62620544433594,36146,0.0,0.0,2022-04-25,154.2099967956543,6.280398670821358,160.49039546647566,147.92959812483292,166.770794137297,141.64919945401158,-134.1411628327835,-95.9889196551517,986726,66732.8961911739,64480.48735727909,131.71617322243665,47.590116058902005,139.06525483925225,143.5033311632252,135.18812912036302,147.38045688211443,130.75005279639007,151.81853320608738,126.87292707750083,-0.4030967918002985,-86.35134584504729,-0.7333353351354504,2.1740728651749555,-2.907408200310406,35.59534907898228,34.708495834633325,144.5658386230469,154.2099967956543,145.3488555908203,119.53607238769531,BIRLACABLE.BO,2023-08-21 22:00:56.791212
315,2022-04-22 00:00:00+05:30,147.7434365671391,147.7434365671391,142.5959295703422,143.7838134765625,21365,0.0,0.0,2022-04-22,155.4003593444824,5.588855071297107,160.98921441577951,149.8115042731853,166.57806948707662,144.2226492018882,-111.20480313816353,-43.77228761791057,1022872,40618.669048498625,63917.385148805384,131.66626296078942,52.55609669194923,144.7077265380146,146.81952350568702,141.67201650889012,149.8552335348115,139.56021954121772,151.9670305024839,136.52450951209323,-0.4440692524835231,-81.61765423268277,0.20549547358231735,2.9009249152525567,-2.6954294416702393,39.81700051738202,35.38862678988149,147.56525268554688,155.4003593444824,144.56089065551757,118.94163398742675,BIRLACABLE.BO,2023-08-21 22:00:56.791212
316,2022-04-21 00:00:00+05:30,146.60505780849547,150.21820800526677,145.8626284443838,146.654541015625,22181,0.0,0.0,2022-04-21,156.42491149902344,5.212783577350405,161.63769507637383,151.21212792167304,166.85047865372425,145.99934434432262,-115.56373728215709,-18.566436414955326,1044237,43011.97954244696,69742.06417388207,131.62090099899083,53.52769832359137,147.57845915509185,149.2942898657999,144.93871030491692,151.93403871597482,143.22287959420888,153.64986942668287,140.58313074403395,-0.43191980362980104,-73.08823903784311,0.9949084380307056,3.5747822756701164,-2.579873837639411,43.0910078771191,37.21322201893322,150.15880737304687,156.42491149902344,143.71254150390624,118.32096313476562,BIRLACABLE.BO,2023-08-21 22:00:56.791212
317,2022-04-20 00:00:00+05:30,146.50605187843698,152.34648979655051,145.5161461225016,146.25857543945312,59249,0.0,0.0,2022-04-20,157.021329498291,4.692500346702481,161.71382984499348,152.32882915158854,166.406330191696,147.63632880488603,-158.58552435598028,-11.698481140359952,1022056,114581.67259764076,76424.58533174085,131.5622452585357,52.46096694724729,148.0404037861684,150.56466144983523,143.7343177757863,154.87074746021733,141.2100601121195,157.39500512388415,136.9039741017374,-0.4013809654274208,-74.26471947915199,1.7077987115753785,4.219750735079969,-2.5119520235045902,42.478894677663675,39.71247766285734,152.17821655273437,157.021329498291,142.81469696044923,117.67207984924316,BIRLACABLE.BO,2023-08-21 22:00:56.791212
318,2022-04-19 00:00:00+05:30,157.7909777664573,160.85969177452293,137.59690557943807,146.5060577392578,35196,0.0,0.0,2022-04-19,157.56330261230468,3.951455046236861,161.51475765854155,153.6118475660678,165.4662127047784,149.66039251983096,-243.01075605348925,-6.354812195142719,1081305,68180.73599575822,66885.31351526587,131.40746873191665,52.701708780903736,148.32088503107295,159.04486448270782,135.78207828762297,171.5836712261578,125.05809883598809,182.30765067779268,112.51929209253811,-0.3729375717105846,-73.52940786922564,2.6336351607885433,4.847738740956117,-2.2141035801675732,42.745727282008865,42.40398374092947,154.5242950439453,157.56330261230468,141.87329650878905,117.02468147277833,BIRLACABLE.BO,2023-08-21 22:00:56.791212
319,2022-04-18 00:00:00+05:30,153.88084644132158,159.3748263970804,153.88084644132158,154.62327575683594,22392,0.0,0.0,2022-04-18,157.97411346435547,3.0702254889141463,161.0443389532696,154.90388797544134,164.11456444218376,151.83366248652717,-92.70537271964646,37.32802041676422,1116501,45780.50182541433,66561.45789514277,131.31241473178994,50.22913699974436,155.95964953174598,158.03845262217038,152.54447266641156,161.4536294875048,150.46566957598716,163.5324325779292,147.05049271065275,-0.40246584103313415,-95.72649701799601,3.7547095524399765,5.40126463599801,-1.6465550835580336,52.736762493076505,45.30252874808407,157.3554260253906,157.97411346435547,140.82003677368164,116.36490921020508,BIRLACABLE.BO,2023-08-21 22:00:56.791212
320,2022-04-13 00:00:00+05:30,160.36473698319827,161.94859227925875,155.71218282007055,156.7515869140625,16026,0.0,0.0,2022-04-13,158.04340744018555,3.005576577936577,161.04898401812213,155.03783086224897,164.0545605960587,152.0322542843124,-24.905540850012805,50.674081204682125,1138893,33216.19476358791,71756.69691257487,131.21867258549992,51.372096670145,158.13745400446393,160.5627251888573,154.32631572966912,164.37386346365213,151.90104454527574,166.7991346480455,148.08990627048092,-0.39895177349161043,-85.42275084286983,4.333711968013461,5.812903406887519,-1.4791914388740581,55.92042585711027,45.7983566966555,159.04816589355468,158.04340744018555,139.7222314453125,115.64920738220215,BIRLACABLE.BO,2023-08-21 22:00:56.791212
321,2022-04-12 00:00:00+05:30,158.13744896954276,160.21625715752666,155.41520806396377,156.7515869140625,16969,0.0,0.0,2022-04-12,157.92956771850587,3.0987547886660765,161.02832250717194,154.8308129298398,164.127077295838,151.73205814117372,-38.813356854160304,49.5503219294076,1154919,35170.698174424266,81391.82244982162,131.14497369120184,46.25776839179775,157.46101737851765,159.50682669307153,154.70577759950865,162.26206647208053,152.65996828495477,164.3078757866344,149.90472850594577,-0.4101812045685705,-85.42275084286983,4.799741810831222,6.182701266606033,-1.3829594557748113,55.92042585711027,45.79652947205382,160.0875671386719,157.92956771850587,138.54523330688477,114.91073760986328,BIRLACABLE.BO,2023-08-21 22:00:56.791212
322,2022-04-11 00:00:00+05:30,161.75059776059237,161.84959438010023,155.41520683593723,157.9889678955078,17677,0.0,0.0,2022-04-11,157.872647857666,3.131810595501597,161.00445845316762,154.7408372621644,164.1362690486692,151.60902666666283,-10.672038369052867,56.74862369806697,1171888,36927.347865158015,92947.10351867095,131.06647305242396,58.49567600303913,158.41792303718174,161.42063923842625,154.98625169426325,164.85231058134474,151.98353549301873,167.85502678258925,148.55186415010024,-0.4309340309509323,-82.83753644921225,5.32367787003227,6.528441130549735,-1.2047632605174652,57.6679405333282,45.98665103462549,160.2459503173828,157.872647857666,137.30785095214844,114.19355079650879,BIRLACABLE.BO,2023-08-21 22:00:56.791212
323,2022-04-08 00:00:00+05:30,164.5718374938055,165.66073990409103,158.87987920454609,160.66171264648438,13834,0.0,0.0,2022-04-08,157.97658767700196,3.1701357314551526,161.14672340845712,154.8064519455468,164.31685913991225,151.63631621409166,86.22255540888037,75.3563086388361,1189565,29388.198004644084,106952.04243204917,130.98021933472273,63.30013104463038,161.7341105850405,164.5883419655349,157.80748126598996,168.51497128458544,154.95324988549555,171.36920266507985,151.02662056644502,-0.47563838736465336,-70.48055061506344,5.791949729927126,6.829631945679102,-1.0376822157519765,61.511292019503934,46.191397332779594,160.21625061035155,157.97658767700196,136.06947875976562,113.49071762084961,BIRLACABLE.BO,2023-08-21 22:00:56.791212
324,2022-04-07 00:00:00+05:30,159.72130153208337,171.25369767462539,159.5728066041896,163.08697509765625,114128,0.0,0.0,2022-04-07,158.11517486572265,3.3492249124548126,161.46439977817747,154.76594995326784,164.81362469063228,151.41672504081302,200.39034544138391,92.07522564404861,1203399,246107.1765271994,126343.00353890045,130.90561265038528,66.19832224407737,164.63782645882375,169.7028463134579,158.02195524302212,176.31871752925954,152.95693538838796,181.3837373838937,146.34106417258633,-0.13308989741910482,-59.267757570656975,6.040497935227734,7.089052499617096,-1.0485545643893621,65.18257180015607,45.45990192906549,159.22634582519532,158.11517486572265,134.69350967407226,112.80124824523926,BIRLACABLE.BO,2023-08-21 22:00:56.791212
325,2022-04-06 00:00:00+05:30,157.9889699832244,167.78903125346844,154.52429972135337,161.94859313964844,84810,0.0,0.0,2022-04-06,157.00400619506837,4.927542924352984,161.93154911942136,152.07646327071538,166.85909204377435,147.1489203463624,91.18811794868977,81.29995080199593,1089271,181608.86178481235,96401.9602918257,130.2241511773067,55.131924509569345,161.4206413714901,168.3169830216268,155.05225148951175,174.68537290360516,148.15590983937503,181.58171455374188,141.78751995739668,-0.14191617783763857,-64.09084765792788,6.028340654622497,7.351191140714436,-1.322850486091939,64.25314681282354,44.47694482511836,157.57320251464844,157.00400619506837,133.39970291137695,112.04990974426269,BIRLACABLE.BO,2023-08-21 22:00:56.791212
326,2022-04-05 00:00:00+05:30,159.27583796618876,159.27583796618876,155.91016427144098,157.5435028076172,31333,0.0,0.0,2022-04-05,156.00172653198243,5.825683006862678,161.8274095388451,150.17604352511975,167.65309254570778,144.35036051825708,-35.97290895412875,67.66556039910357,1004461,65270.24903372583,75100.23491857904,129.71695720153465,53.46728321248582,157.57650168174897,159.24283909205695,155.87716539730917,160.94217537649675,154.21082798700118,162.60851278680474,152.5114917025614,-0.17641982998810776,-82.44443014836045,6.033550531308634,7.68190376223742,-1.6483532309287856,60.46189567866523,43.681348570989954,156.17743530273438,156.00172653198243,132.19003784179688,111.29164184570313,BIRLACABLE.BO,2023-08-21 22:00:56.791212
327,2022-04-04 00:00:00+05:30,158.18694241595045,161.3051394972883,155.9101561621537,157.84046936035156,16987,0.0,0.0,2022-04-04,155.13060989379883,6.8035253391619195,161.93413523296076,148.3270845546369,168.73766057212268,141.523559215475,-20.418206872019653,73.1571162996999,1035794,35452.57987607561,77557.73138979233,129.55162132536964,44.63198017887851,158.3519216732645,160.79368718437533,155.39870384924072,163.74690500839912,152.9569383381299,166.18867051950994,150.0037205141061,-0.18572405064011346,-73.14629156955245,6.382637973837063,8.093992069969616,-1.7113540961325526,60.869692490552055,43.62276625434404,155.8210693359375,155.13060989379883,131.00710052490234,110.57692985534668,BIRLACABLE.BO,2023-08-21 22:00:56.791212
328,2022-04-01 00:00:00+05:30,155.91016686402207,158.13745496207952,154.42530813198377,155.71218872070312,17454,0.0,0.0,2022-04-01,154.34363555908203,7.361037037452549,161.70467259653458,146.98259852162948,169.06570963398713,139.62156148417694,-75.23996127198687,66.81183542596146,1018807,35936.05296011689,88084.01926822151,129.460201792325,40.11260738835827,156.09165060492214,157.7579930778605,154.04584624776476,159.80379743501788,152.3795037748264,161.47013990795625,150.333699417669,-0.16307351582031526,-81.7634582773412,6.703622342428588,8.521830594002754,-1.8182082515741662,59.048720755318215,43.559677605648446,155.42510681152345,154.34363555908203,129.84297149658204,109.84538955688477,BIRLACABLE.BO,2023-08-21 22:00:56.791212
329,2022-03-31 00:00:00+05:30,155.01925178549337,157.88997251661735,154.425302273306,154.82125854492188,10888,0.0,0.0,2022-03-31,153.41559829711915,8.290723816266489,161.70632211338562,145.12487448085267,169.99704592965213,136.83415066458616,-87.3356792451561,68.0593003901808,1001353,22289.046970901716,101121.01084524767,129.37274195411388,53.06530085812684,155.71217777828176,156.99905328325752,153.53438303994616,159.17684802159312,152.2475075349704,160.46372352656888,150.0697127966348,-0.172392592323829,-85.37073342079916,7.222612963053933,8.976382656896295,-1.7537696938423615,58.295718446666626,43.831699201820435,155.69237670898437,153.41559829711915,128.78377212524413,109.14107147216797,BIRLACABLE.BO,2023-08-21 22:00:56.791212
330,2022-03-30 00:00:00+05:30,159.9687844255188,160.2657440837565,154.2768260362504,154.96975708007812,30729,0.0,0.0,2022-03-30,152.79690704345703,8.634859301913975,161.431766345371,144.16204774154306,170.06662564728498,135.52718843962907,-74.73592604961712,73.89966632362848,1012241,62966.29988404912,120829.00181383415,129.31974320511193,68.73792687320073,156.504109066695,158.7313920971396,152.74247404963353,162.49302711420108,150.51519101918893,164.72031014464568,146.75355600212745,-0.1926151247718496,-59.661474284979306,7.86538782096855,9.414825080356884,-1.549437259388334,58.46396014101745,44.151425239021705,157.4148162841797,152.79690704345703,127.77901794433593,108.42388473510742,BIRLACABLE.BO,2023-08-21 22:00:56.791212
331,2022-03-29 00:00:00+05:30,160.36472858557286,161.9485837986935,154.47479250106764,155.7616729736328,53491,0.0,0.0,2022-03-29,152.3044288635254,8.784001805886454,161.08843066941185,143.52042705763895,169.8724324752983,134.7364252517525,-52.37968862132514,80.44471500682897,1042970,110167.65717417591,135294.6772962804,129.16809012803242,65.75231256138787,157.39501642446464,160.31524034786165,152.84144905023578,164.8688077220905,149.92122512683878,167.7890316454875,145.36765775260992,-0.11973203873328796,-54.55763512188693,8.554537020882151,9.802184395203966,-1.247647374321815,59.300929627084,44.49574558677691,159.2758361816406,152.3044288635254,126.78911209106445,107.70917266845703,BIRLACABLE.BO,2023-08-21 22:00:56.791212
332,2022-03-28 00:00:00+05:30,162.6910154507974,163.7304044006307,154.42529642705924,155.86065673828125,56938,0.0,0.0,2022-03-28,151.2551284790039,9.567762364670608,160.82289084367451,141.6873661143333,170.39065320834513,132.11960374966267,-38.469988746305475,86.51389248871881,1096461,117341.46435292164,141576.4323268065,128.89154523489526,70.53550445096815,158.0054525219904,161.58560861692158,152.2805006433501,167.31056049556187,148.70034454841894,170.89071659049304,142.97539266977864,-0.037966102123337224,-54.28955700171904,9.229250915786878,10.11409623878442,-0.8848453229975419,59.40088416829143,44.8233640795514,159.84008178710937,151.2551284790039,125.79128707885742,106.99050109863282,BIRLACABLE.BO,2023-08-21 22:00:56.791212
333,2022-03-25 00:00:00+05:30,164.3243513740028,167.0465921347167,155.0192435429222,157.0485382080078,10654,0.0,0.0,2022-03-25,149.29511528015138,12.221747809177167,161.51686308932855,137.0733674709742,173.73861089850573,124.85161966179705,-6.140676997762544,96.53615416038996,1153399,22123.782718899914,147635.1743202777,128.58968149307333,70.02984705475393,159.70479129521559,164.39033904750897,152.36299045571448,171.73213988701008,147.6774427034211,176.41768763930347,140.33564186392,-0.055590961203762175,-48.04543014530725,9.943503623869418,10.335307569533805,-0.39180394566438714,60.528240890679406,45.17618399484701,160.08755798339843,149.29511528015138,124.76376510620118,106.25995071411133,BIRLACABLE.BO,2023-08-21 22:00:56.791212
334,2022-03-24 00:00:00+05:30,165.95770417031815,169.81834591929453,161.75060444826656,163.43345642089844,34888,0.0,0.0,2022-03-24,147.97606620788574,12.752964218551739,160.72903042643748,135.223101989334,173.48199464498921,122.47013777078226,115.28701336143715,119.0277210768369,1164053,75392.79308870598,179013.02222062214,128.52995283249138,73.94742653470718,165.00080226281986,168.25100007737316,160.1832586063452,173.06854373384783,156.9330607917919,176.31874154840114,152.11551713531722,0.002593600531554257,-29.508157970340342,10.590316058049495,10.433258555949902,0.1570575020995939,66.84390937119792,45.442791134662116,159.62230529785157,147.97606620788574,123.76099075317383,105.52989532470703,BIRLACABLE.BO,2023-08-21 22:00:56.791212
335,2022-03-23 00:00:00+05:30,159.1273496765587,175.90624915649363,159.07785136799288,164.2748565673828,122515,0.0,0.0,2022-03-23,145.27362289428712,14.857978444666347,160.13160133895346,130.41564444962077,174.9895797836198,115.55766600495443,176.01029338439002,130.3208298248738,1198941,266117.32834295963,204918.07950360116,128.28841074236854,74.21300725830432,166.41965236395643,173.76145335991998,156.93305557141923,183.24805015245718,149.59125457545568,190.58985114842073,140.10465778291848,0.0010326746917423773,-27.517571822951464,10.629154940570373,10.393994180425002,0.23516076014537113,67.70762902647655,44.374603842449,158.13744506835937,145.27362289428712,122.59290161132813,104.7547989654541,BIRLACABLE.BO,2023-08-21 22:00:56.791212
336,2022-03-22 00:00:00+05:30,157.09804234908583,161.35464017212524,156.00915506722396,158.58290100097656,51772,0.0,0.0,2022-03-22,142.9448699951172,15.364412144661205,158.3092821397784,127.58045785045599,173.6736942844396,112.21604570579478,48.00858160259459,111.31546197667818,1076426,108558.56514424054,189618.2672937615,127.39209628123281,74.06364237164374,158.64889874677525,161.28864242632653,155.94315732142525,163.99438385167653,153.30341364187396,166.63412753122782,150.59767221652396,0.007279263193835669,-33.421433442635234,10.434967511483904,10.335203990388658,0.09976352109524633,64.85086835548957,43.22424829698872,156.17743225097655,142.9448699951172,121.43273208618164,103.93070243835449,BIRLACABLE.BO,2023-08-21 22:00:56.791212
337,2022-03-21 00:00:00+05:30,156.15763028886033,162.74049740968687,154.72226998861578,157.09803771972656,29239,0.0,0.0,2022-03-21,141.2843032836914,15.380030433928102,156.6643337176195,125.9042728497633,172.0443641515476,110.5242424158352,48.35127851745615,115.22917448781791,1024654,60735.98363311019,209883.19283114173,127.0603172514829,77.58668859306891,158.18693503934307,161.65160009007036,153.63337266899927,166.20516246041416,150.16870761827198,169.66982751114145,145.61514524792818,0.0012766644787913669,-35.11170372473791,10.58881457076194,10.310263110114846,0.278551460647094,64.08344797466326,42.92914465948286,155.58348999023437,141.2843032836914,120.34581573486328,103.1853034210205,BIRLACABLE.BO,2023-08-21 22:00:56.791212
338,2022-03-17 00:00:00+05:30,158.13744666379714,161.35464041439081,154.12832527672003,154.72227478027344,40028,0.0,0.0,2022-03-17,139.62868614196776,15.370353692694817,154.99903983466257,124.25833244927294,170.3693935273574,108.88797875657812,43.60060055191949,116.35447774516076,995415,81889.74651042721,247169.9951306496,126.87877665147076,79.2342040231119,156.7350801571281,159.34183503753616,152.11551989986538,163.96139529479888,149.50876501945731,166.56815017520694,144.8892047621946,-0.00405565239089742,-33.13314304664102,10.77158537782796,10.24062524495307,0.5309601328748901,62.8730201191945,42.611340742168856,156.17743530273438,139.62868614196776,119.2351416015625,102.4988038635254,BIRLACABLE.BO,2023-08-21 22:00:56.791212
339,2022-03-16 00:00:00+05:30,156.05863847808862,162.592022596949,153.63337236441404,156.0091552734375,65398,0.0,0.0,2022-03-16,138.22054481506348,15.203945127741571,153.42448994280505,123.0165996873219,168.62843507054663,107.81265455958034,58.89862792834448,125.58369416054266,1035443,134904.78246811352,288490.0572857052,126.64648146666026,77.74505693279802,157.4115167449335,161.18966112545294,152.231010892918,166.37016697746844,148.45286651239854,170.1483113579879,143.27236066038304,-0.0009933181498428308,-27.13523498618452,11.076358210035494,10.107885211734349,0.9684729983011451,63.95786158355275,42.37252857498934,157.91967163085937,138.22054481506348,118.2551348876953,101.8613045501709,BIRLACABLE.BO,2023-08-21 22:00:56.791212
340,2022-03-15 00:00:00+05:30,158.48391371552603,164.3243514916994,151.20810054431976,154.47479248046875,147162,0.0,0.0,2022-03-15,136.94851570129396,14.692991259392771,151.64150696068674,122.25552444190119,166.3344982200795,107.56253318250842,66.81220681259863,131.3025967119412,970045,300584.16343768244,326886.3759901031,126.24071792384065,78.28866579087409,156.66908150549597,162.13006246667217,149.01381151929255,169.7853324528756,143.55283055811634,175.2463134140518,135.89756057191292,0.015307081250070586,-27.25062256108836,11.171997951034484,9.86576696215906,1.3062309888754235,63.25969059158258,42.1153462411037,154.89056091308595,136.94851570129396,117.20385482788086,101.2144010925293,BIRLACABLE.BO,2023-08-21 22:00:56.791212
341,2022-03-14 00:00:00+05:30,160.36474058747697,163.38395631702113,154.82126203143642,155.61318969726562,52788,0.0,0.0,2022-03-14,135.78290214538575,14.143866262800042,149.92676840818578,121.6390358825857,164.07063467098584,107.49516961978566,98.64181363793729,145.02229350199164,1117207,108616.15044440443,333461.92912820826,125.33456482893833,81.99283970319291,157.9394693485744,161.05767666571236,152.49498238012765,166.5021636341591,149.37677506298968,169.62037095129708,143.93228809454294,0.025924108956672246,-24.22601559281604,11.276284592211368,9.539209214940204,1.7370753772711645,64.11903441750465,41.83838065076532,152.37620239257814,135.78290214538575,116.14069610595703,100.59867973327637,BIRLACABLE.BO,2023-08-21 22:00:56.791212
342,2022-03-11 00:00:00+05:30,166.304173821485,171.1052229766893,157.84047623997452,160.06776428222656,211907,0.0,0.0,2022-03-11,134.37228622436524,13.451964239074638,147.82425046343988,120.9203219852906,161.27621470251452,107.46835774621596,200.5264719484592,175.92414206798009,1169995,448499.51311665366,389673.3737991592,124.98192408530875,82.81837165588007,163.00448783296346,168.1684994259524,154.90375268923762,176.26923456967825,149.73974109624868,181.4332461626672,141.63900595252284,0.04816843619732207,-17.260074363012517,11.126835420666765,9.104940370622412,2.0218950500443533,67.43970693824238,40.9125083196762,149.27779846191407,134.37228622436524,114.99735488891602,100.01265548706054,BIRLACABLE.BO,2023-08-21 22:00:56.791212
343,2022-03-10 00:00:00+05:30,144.52624927518445,166.30417724815746,140.8141024616095,163.43345642089844,446428,0.0,0.0,2022-03-10,132.0781795501709,12.732338545511634,144.8105180956825,119.34584100465925,157.54285664119416,106.61350245914761,183.7568719054774,166.36905233916838,1381902,964728.6698293058,374966.8389697855,123.26111487932545,81.0320709047686,156.8505787102218,172.8870549588341,147.39698017228616,182.34065349676976,131.36050392367386,198.37712974538206,121.90690538573821,0.07330610846302409,-4.853546059294364,10.328198674932992,8.599466608111324,1.7287320668216672,69.98859983188217,39.37781847025183,145.68444213867187,132.0781795501709,113.67088104248047,99.36971168518066,BIRLACABLE.BO,2023-08-21 22:00:56.791212
344,2022-03-09 00:00:00+05:30,145.21918126543287,147.6939458238239,138.98277155733464,140.8636016845703,102387,0.0,0.0,2022-03-09,129.77664794921876,10.776212006077104,140.55285995529587,119.00043594314165,151.32907196137296,108.22422393706455,48.73100194638622,118.83129653352174,935474,190702.50609241493,227526.38125490543,118.63198649441951,73.7277150039076,142.51343968857628,146.04410781981792,137.33293355332867,151.22461395506554,133.80226542208703,154.75528208630718,128.62175928683942,-0.006619514328015808,-27.16575653292159,8.81774409022384,8.167283591405907,0.6504604988179334,60.76705182482759,37.941485324753444,140.42803955078125,129.77664794921876,112.34440704345702,98.66737342834473,BIRLACABLE.BO,2023-08-21 22:00:56.791212
345,2022-03-08 00:00:00+05:30,139.67571186864433,147.69393963921348,139.67571186864433,141.9029998779297,114658,0.0,0.0,2022-03-08,127.7448657989502,12.299015534248074,140.04388133319827,115.44585026470213,152.34289686744634,103.14683473045406,60.32499030840482,130.30339211353385,1037861,215133.84161597645,236732.35004552803,118.02849876367053,77.21273413111703,143.0908837952625,146.50605572188067,138.48782795131152,151.10911156583165,135.07265602469334,154.52428349244983,130.46960018074236,0.013921609259717766,-24.91977337726932,8.973091049132691,8.004668466701423,0.968422582431268,61.57661450265733,37.5210521627187,140.74480590820312,127.7448657989502,111.29312683105469,98.17588516235351,BIRLACABLE.BO,2023-08-21 22:00:56.791212
346,2022-03-07 00:00:00+05:30,145.5161536727651,146.90201576107637,136.6564997184033,140.1211700439453,75626,0.0,0.0,2022-03-07,125.71803359985351,13.153470480523026,138.87150408037655,112.56456311933049,152.02497456089958,99.41109263880746,60.30552227621571,132.23849306200628,923203,140115.98338756952,242131.9771529159,117.27998782743151,73.18511383921481,141.22656184114166,145.79662396388002,135.55110792120695,151.47207788381473,130.98104579846859,156.0421400065531,125.30559187853387,0.03331510849726744,-28.77003963608694,8.933661332796774,7.7625628210936055,1.1710985117031685,60.74547481672051,36.93351811627614,141.38824462890625,125.71803359985351,110.22105865478515,97.65717445373535,BIRLACABLE.BO,2023-08-21 22:00:56.791212
347,2022-03-04 00:00:00+05:30,133.63728493266095,150.46568377603307,133.63728493266095,142.10098266601562,214625,0.0,0.0,2022-03-04,123.80009078979492,13.726881052494559,137.52697184228947,110.07320973730036,151.25385289478405,96.3463286848058,79.03372447897925,147.91365249051856,998829,403264.6773601614,267635.97559425246,116.79768018125873,80.29006824123971,142.06798379156987,150.4986826504788,133.67028380710667,158.896382634942,125.23958494819775,167.32708149385093,116.84188496373454,0.04501568518141127,-24.491962351628693,8.923304083671283,7.469788193167813,1.4535158905034704,62.13372025199833,36.356196213928754,140.31914367675782,123.80009078979492,109.22026382446289,97.15628204345703,BIRLACABLE.BO,2023-08-21 22:00:56.791212
348,2022-03-03 00:00:00+05:30,143.53633249203497,148.08990494403227,135.61708656143995,137.1514434814453,34308,0.0,0.0,2022-03-03,121.6544692993164,14.06535371892089,135.7198230182373,107.58911558039551,149.7851767371582,93.52376186147463,87.24481196733763,153.01007030405032,784204,62216.93003059272,233728.80015277516,115.1846968566998,80.41684086220224,140.28614499563918,144.9552034298384,132.48238504724608,152.7589633782315,127.81332661304685,157.42802181243073,120.00956666465376,0.05087632673329206,-35.187172048748316,8.579860543091996,7.106409220541945,1.4734513225500514,60.01226201771885,35.73446493447772,135.23102569580078,121.6544692993164,108.01653823852538,96.63311676025391,BIRLACABLE.BO,2023-08-21 22:00:56.791212
349,2022-03-02 00:00:00+05:30,145.66462720635064,150.46567620614954,140.02216736957268,142.4474334716797,130799,0.0,0.0,2022-03-02,119.48905067443847,14.864982235844408,134.35403291028288,104.62406843859407,149.21901514612728,89.75908620274966,149.59526473632698,192.30658221741763,818512,246360.9364289751,276606.76768332074,114.9585546628622,83.02837316031206,144.31175901580062,148.60135066202855,138.1578418254517,154.75526785237747,133.86825017922376,159.0448594986054,127.71433298887484,0.061731551801034075,-23.74333427169263,8.497605466996035,6.738046389904431,1.7595590770916036,63.552223910905056,35.215221291545504,133.9342483520508,119.48905067443847,106.8920053100586,96.1554872894287,BIRLACABLE.BO,2023-08-21 22:00:56.791212
350,2022-02-28 00:00:00+05:30,135.4191138103733,153.43539599678505,131.2120142427195,145.1201934814453,343958,0.0,0.0,2022-02-28,117.35332946777343,14.455692682565703,131.80902215033913,102.89763678520774,146.26471483290484,88.44194410264203,192.91609739421818,209.93057632240522,949311,660003.2246987688,284168.22549690714,113.83557753134335,82.99610970843037,143.2558679069833,155.2997215712471,133.07633981718155,165.47924966104884,121.03248615291776,177.52310332531263,110.852958063116,0.1000097282510979,-14.482748165525392,7.741967674062266,6.298156620631529,1.4438110534307373,65.3556247574193,33.94958304048845,127.3216796875,117.35332946777343,105.71005783081054,95.62539283752442,BIRLACABLE.BO,2023-08-21 22:00:56.791212
351,2022-02-25 00:00:00+05:30,121.65942131110677,137.200946516823,121.65942131110677,134.77566528320312,218027,0.0,0.0,2022-02-25,114.99240379333496,13.50684523738506,128.49924903072002,101.4855585559499,142.00609426810507,87.97871331856484,81.92755656726355,155.5080827274149,605353,388538.9453868718,190209.47569644166,110.07025544682593,77.938782252286,131.21201103704428,140.7646007629818,125.22307555726556,146.7535362427605,115.67048583132805,156.306125968698,109.68155035154933,0.06721250651956134,-17.492116503845818,6.393993412843443,5.937203857273843,0.45678955556959977,61.418640910808506,32.58658800088855,121.83760070800781,114.99240379333496,104.54790832519531,95.05223731994629,BIRLACABLE.BO,2023-08-21 22:00:56.791212
352,2022-02-24 00:00:00+05:30,124.72812624722152,129.33118200729703,115.47250886554292,116.66039276123047,103937,0.0,0.0,2022-02-24,112.99774398803712,13.376572563482636,126.37431655151975,99.62117142455448,139.7508891150024,86.24459886107184,-57.93329269968298,93.53979475673223,387326,160326.90367229583,140627.1082738341,108.02977098731787,74.06444049103793,120.48802787802349,125.50354689050405,111.64487374874994,134.34670101977758,106.62935473626938,139.36222003225816,97.78620060699583,-0.03258746042992313,-56.05901993761862,5.590078485612224,5.823006468381443,-0.232927982769219,52.6655557793746,32.07636939273216,119.95678100585937,112.99774398803712,103.58176040649414,94.56223403930665,BIRLACABLE.BO,2023-08-21 22:00:56.791212
353,2022-02-23 00:00:00+05:30,110.07751449428774,131.26150624443085,110.07751449428774,130.6675567626953,150158,0.0,0.0,2022-02-23,111.96824226379394,13.863327413241047,125.83156967703499,98.10491485055289,139.69489709027604,84.24158743731185,-3.6531995624751,127.9405611917624,491263,259435.28304100814,135702.15942421867,107.67602743719796,80.62955390600429,124.00219250047131,137.9268705066549,116.74287875651177,145.18618425061442,102.8182007503282,159.110862256798,95.55888700636866,0.0459189993153232,-26.238163487887057,6.260205478887556,5.881238464073748,0.37896701481380823,62.91310487268418,32.14008379800823,121.42184143066406,111.96824226379394,102.96801879882813,94.25486831665039,BIRLACABLE.BO,2023-08-21 22:00:56.791212
354,2022-02-22 00:00:00+05:30,109.53307752838259,114.0371443560269,107.15730211421915,109.38459014892578,69493,0.0,0.0,2022-02-22,110.02802734375,13.823896983919637,123.85192432766964,96.20413035983036,137.67582131158926,82.38023337591072,-130.1512247352547,30.073765574054736,341105,100510.16781514602,104768.87852002129,106.2289166561972,77.90211196206371,110.1930122063906,113.22872229856206,106.34888005675431,117.07285444819836,103.31316996458285,120.10856454036981,99.46903781494656,-0.08496654215758227,-69.4274015852434,5.643826076514145,5.786496710370296,-0.14267063385615053,48.885378310631445,32.20869931138245,120.6002197265625,110.02802734375,102.08502304077149,93.80050163269043,BIRLACABLE.BO,2023-08-21 22:00:56.791212
355,2022-02-21 00:00:00+05:30,122.25336365498941,126.41096490408495,116.26443067361012,117.69979858398438,42400,0.0,0.0,2022-02-21,109.47862968444824,14.067021724260961,123.5456514087092,95.41160796018727,137.61267313297014,81.34458623592631,-17.28609495551847,111.0174488286918,410598,65986.3900658723,105833.55619624008,106.13423691436567,82.27553041042661,120.12506472055982,123.98569876750952,113.83916453703469,130.27159895103466,109.97853049008499,134.13223299798435,103.69263030655986,-0.06713406480110502,-49.27675879065622,6.8652108857934735,5.822164368834333,1.0430465169591407,56.666874192568805,34.022056137521666,124.83701629638672,109.47862968444824,101.624716796875,93.54807563781738,BIRLACABLE.BO,2023-08-21 22:00:56.791212
356,2022-02-18 00:00:00+05:30,127.20289092905664,132.64737264197345,123.19376955586523,125.37156677246094,33043,0.0,0.0,2022-02-18,108.66690673828126,14.036021740563736,122.702928478845,94.63088499771752,136.73895021940874,80.59486325715378,46.05247323309668,174.73164650934416,452998,54776.12644416553,115795.34772883201,105.91857158989042,86.03409943296181,127.07090299009987,130.9480364243345,121.49443333822629,136.52450607620807,117.61729990399165,140.40163951044272,112.04083025211807,-0.029171770568028412,-34.329800833915634,7.506013168678734,5.561402739594548,1.9446104290841868,65.60647604222775,34.365582256078405,127.52956085205078,108.66690673828126,100.98127807617188,93.22388145446777,BIRLACABLE.BO,2023-08-21 22:00:56.791212
357,2022-02-17 00:00:00+05:30,129.13320175175298,130.6675586814652,123.34225463884616,123.9856948852539,31451,0.0,0.0,2022-02-17,107.31816024780274,13.636712546072868,120.95487279387561,93.68144770172987,134.59158533994847,80.04473515565701,49.954834883996256,181.88192458868122,419955,51560.703313931524,131050.15304999863,105.63171080140792,85.58941759222569,125.99850273518842,128.6547508315307,121.32944678891164,133.32380677780748,118.67319869256937,135.98005487414974,114.00414274629259,-0.02291747798938439,-37.02990442445773,7.457153873376143,5.075250132323501,2.381903741052642,64.66851330631243,33.1659863724449,127.93542175292968,107.31816024780274,100.11907012939453,92.84821220397949,BIRLACABLE.BO,2023-08-21 22:00:56.791212
358,2022-02-16 00:00:00+05:30,132.59787178834983,134.28070853728013,125.42105512267277,126.5594482421875,34175,0.0,0.0,2022-02-16,106.10057640075684,13.148599636818956,119.2491760375758,92.95197676393788,132.39777567439475,79.80337712711892,75.91727925606611,221.73600296396071,451406,57189.446028364495,150922.5154840154,105.37042913493843,88.82284356005425,128.75373730071348,132.08641947875418,123.22676606414683,137.61339071532086,119.89408388610612,140.94607289336156,114.36711264953946,-0.0014420951608772829,-32.015443315623635,7.418099372473122,4.47977419706034,2.938325175412782,67.8451024796386,32.04196139261582,125.97540893554688,106.10057640075684,99.265771484375,92.50817962646484,BIRLACABLE.BO,2023-08-21 22:00:56.791212
359,2022-02-15 00:00:00+05:30,125.17358924289859,133.73628373938556,125.17358924289859,130.56857299804688,45092,0.0,0.0,2022-02-15,104.91021499633788,12.245589158308448,117.15580415464633,92.66462583802944,129.40139331295478,80.41903667972099,100.99339052700162,249.53217250984403,485581,77848.62562068627,174355.78284792812,105.03751367927612,91.2804801057519,129.82614866011033,134.4787080773221,125.91601358083511,138.38884315659732,121.26345416362336,143.04140257380905,117.35331908434814,0.015072065409953306,-21.92139900061192,7.002226622187578,3.745192903207145,3.2570337189804333,73.04358799947906,30.326715014903407,124.14408416748047,104.91021499633788,98.3263510131836,92.15131866455079,BIRLACABLE.BO,2023-08-21 22:00:56.791212
360,2022-02-11 00:00:00+05:30,127.40087621926313,142.99189290949934,123.14428571780248,131.1625213623047,229617,0.0,0.0,2022-02-11,103.61096382141113,10.655191286137752,114.26615510754888,92.95577253527338,124.92134639368663,82.30058124913563,148.7928893686157,296.8899897733412,530673,398223.2283370884,198482.5721547386,104.49703224827789,95.40020476241615,132.4328999965355,141.72151427526853,121.87390708357165,152.28050718823238,112.58529280483863,161.56912146696538,102.02629989187479,-0.013238587147330113,-20.873355549146616,5.968851092878452,2.930934473462037,3.0379166194164156,73.81632860228665,28.517867513500622,118.07596130371094,103.61096382141113,97.3215966796875,91.75436645507813,BIRLACABLE.BO,2023-08-21 22:00:56.791212
361,2022-02-10 00:00:00+05:30,118.78869398397033,136.112045189966,116.66039503961451,127.40087127685547,252094,0.0,0.0,2022-02-10,102.3265609741211,8.486892133401156,110.81345310752225,93.83966884071994,119.3003452409234,85.35277670731878,179.55293181094848,271.2444830188395,301056,424666.20496593404,148547.40810915112,101.27519540683137,91.14519686653811,126.724437168812,136.7884792980095,117.336829147658,146.1760873191635,107.2727870184605,156.240129448361,97.8851789973065,0.030915805503531176,-17.49503450974237,4.496885218830315,2.171455318607933,2.3254299002223817,72.06764886811195,26.569877896605316,112.11672821044922,102.3265609741211,96.28615509033203,91.30841384887695,BIRLACABLE.BO,2023-08-21 22:00:56.791212
362,2022-02-09 00:00:00+05:30,120.47153102311258,125.86652208322,112.89875780916674,114.18563079833984,95763,0.0,0.0,2022-02-09,101.25003852844239,6.194986633784111,107.4450251622265,95.05505189465828,113.64001179601061,88.86006526087417,209.05299005929783,199.86974714993184,48962,144584.58475248917,79517.70889495537,97.27955489549026,85.0730469251051,117.65030356357552,122.4018493179843,109.43408504393103,130.6180678376288,104.68253928952225,135.36961359203758,96.46632076987777,-0.025419247657714583,-29.536924609705014,2.9146537639745844,1.590097843552337,1.3245559204222475,64.27899667547729,24.951385074052247,106.98901672363282,101.25003852844239,95.29921905517578,90.8589966583252,BIRLACABLE.BO,2023-08-21 22:00:56.791212
363,2022-02-08 00:00:00+05:30,96.02086099069297,120.27355268421852,96.02086099069297,117.40282440185547,165728,0.0,0.0,2022-02-08,100.76498489379883,5.4657130194755705,106.2306979132744,95.29927187432325,111.69641093274997,89.83355885484768,206.83307205098777,141.97707761842602,144725,257268.863540519,63250.98993057193,96.23677952268167,73.53269321872003,111.23241269225565,126.44396439381833,102.19127270029279,135.4851043857812,86.9797209987301,150.69665608734388,77.93858100676724,0.07967728557189546,-8.454813962800458,2.1462575732332,1.258958863446775,0.8872987097864249,68.6056748366825,24.13341927322971,103.9896011352539,100.76498489379883,94.53996139526367,90.54915618896484,BIRLACABLE.BO,2023-08-21 22:00:56.791212
364,2022-02-07 00:00:00+05:30,103.64313054657484,103.74212716495342,99.7330057968328,100.22795867919922,11091,0.0,0.0,2022-02-07,100.24033470153809,4.123376891238083,104.36371159277617,96.11695781030001,108.48708848401425,91.99358091906193,79.05032616507704,42.40874215214857,-21003,14698.478594986816,14746.52152808516,93.70742222565562,41.99455764346268,101.23436388032849,102.73572196382418,98.72660059570356,105.2434852484491,97.22524251220787,106.7448433319448,94.71747922758294,-0.3187618336620544,-23.224032953328948,0.813113723025154,1.0371341860001686,-0.22402046297501466,52.911954632588255,23.90497218761696,99.27765045166015,100.24033470153809,93.72328918457032,90.23189140319825,BIRLACABLE.BO,2023-08-21 22:00:56.791212
365,2022-02-04 00:00:00+05:30,102.95020367279345,103.94010947733955,100.97039206370127,101.3663558959961,10841,0.0,0.0,2022-02-04,100.48038673400879,4.260103525648013,104.74049025965681,96.22028320836077,109.00059378530482,91.96017968271276,115.97490690359339,53.411311823798364,-9912,14530.346540307712,14758.532261359745,93.65485491322566,41.84760552044878,102.09228581234565,103.21417956099003,100.24446214735175,105.06200322598393,99.12256839870737,106.18389697462831,97.27474473371348,-0.2876430687178466,-21.243486227444446,0.7854297553230367,1.0931393017439222,-0.30770954642088544,54.59452692633466,24.655388049405392,99.1786605834961,100.48038673400879,93.32237731933594,90.0616276550293,BIRLACABLE.BO,2023-08-21 22:00:56.791212
366,2022-02-03 00:00:00+05:30,100.72290978716217,104.43505633951457,99.4360292947274,101.76231384277344,9289,0.0,0.0,2022-02-03,100.72538795471192,4.45038985447053,105.17577780918245,96.27499810024139,109.62616766365298,91.82460824577086,120.14472859722365,53.87067284900652,929,12498.811832316504,14815.578691622753,93.59360494919578,33.79853453414604,101.8777998256718,104.3195703566162,99.32054331182903,106.87682687045897,96.87877278088463,109.31859740140337,94.32151626704186,-0.2334834535939169,-22.580646081007327,0.6259705593331404,1.1700666883491435,-0.5440961290160031,55.16608790584461,25.73391260942559,98.48572540283203,100.72538795471192,92.929384765625,89.88146469116211,BIRLACABLE.BO,2023-08-21 22:00:56.791212
367,2022-02-02 00:00:00+05:30,95.08045004714091,100.67341147736444,94.58549717350121,99.18855285644531,7345,0.0,0.0,2022-02-02,100.84912643432617,4.514677775418636,105.3638042097448,96.33444865890753,109.87848198516343,91.8197708834889,31.18896542636032,21.225355557011433,-8360,9633.101756735572,15394.770406449315,93.5376310326055,28.414774996931868,98.14915383577032,101.71281049803943,95.6248961941762,104.23706813963355,92.06123953190709,107.80072480190266,89.53698189031297,-0.14377730178738357,-42.09356802129157,0.37333420668872463,1.3060907206031442,-0.9327565139144196,52.179201274955716,26.895400597139652,97.10975646972656,100.84912643432617,92.52946273803711,89.70427154541015,BIRLACABLE.BO,2023-08-21 22:00:56.791212
368,2022-02-01 00:00:00+05:30,98.9905780199726,102.15827349565902,91.66527373601828,93.84307098388672,9391,0.0,0.0,2022-02-01,100.96791534423828,4.4999168988840825,105.46783224312236,96.4679984453542,109.96774914200644,91.96808154647012,-39.04556372865662,3.6260661930439837,-15705,11652.707515562175,16835.18756887775,93.50684640488889,33.25968055280583,95.88887273852134,100.11247174102441,89.61947198138367,106.38187249816208,85.3958729788806,110.60547150066515,79.12647222174293,-0.23356988489491698,-68.06720657287904,0.2977030007189114,1.539279849081749,-1.2415768483628375,45.11054251261086,27.123087110515307,96.48611755371094,100.96791534423828,92.17606643676758,89.56419998168946,BIRLACABLE.BO,2023-08-21 22:00:56.791212
369,2022-01-31 00:00:00+05:30,99.33704550794866,101.36635541866497,99.28755474938356,99.7330093383789,10150,0.0,0.0,2022-01-31,101.56185874938964,4.28901748690538,105.85087623629502,97.27284126248426,110.1398937232004,92.98382377557888,49.92771425879079,43.33276068661167,-6314,13384.981016498035,18130.807582206646,93.50448810166428,29.552947621519692,100.12897316880914,100.97039158823472,98.89159091895331,102.20777383809055,98.05017249952773,103.04919225751613,96.8127902496719,-0.2521648772119329,-43.06721727674256,0.7228104593016411,1.849674061172458,-1.126863601870817,53.1407049799062,27.36828797107371,96.09015502929688,101.56185874938964,91.90978164672852,89.46025985717773,BIRLACABLE.BO,2023-08-21 22:00:56.791212
370,2022-01-28 00:00:00+05:30,95.4269156225494,98.99057480505509,95.4269156225494,97.90167999267578,6265,0.0,0.0,2022-01-28,101.74746589660644,4.286029036662538,106.03349493326898,97.4614368599439,110.31952396993152,93.17540782328136,-24.064398884157363,23.61599316491496,-16464,8110.058994828717,19317.264223633796,93.45690921765274,29.713111205086165,97.43972347342675,99.4525313243041,95.88887214179842,101.00338265593244,93.87606429092106,103.01619050680979,92.32521295929273,-0.20574417973803735,-50.840340064243456,0.6760554666764875,2.131389961640162,-1.4553344949636746,50.60388169291634,29.18820457196447,95.82288055419922,101.74746589660644,91.5761833190918,89.3172184753418,BIRLACABLE.BO,2023-08-21 22:00:56.791212
371,2022-01-27 00:00:00+05:30,92.06123916492633,96.41682618428095,92.06123916492633,94.8824691772461,11758,0.0,0.0,2022-01-27,101.91822471618653,4.191740230269413,106.10996494645595,97.72648448591711,110.30170517672535,93.53474425564771,-89.44811035891522,2.3633352687402764,-22729,14751.365628825228,22119.06553083506,93.43585271414942,40.40149322295842,94.45351150881778,96.84578385270923,92.49019683335462,98.8090985281724,90.09792448946317,101.20137087206385,88.134609814,-0.1252288910938728,-64.4763763119817,0.7863098364275487,2.4952235853810807,-1.708913748953532,46.135297997783844,30.482962533536206,96.53561248779297,101.91822471618653,91.2762419128418,89.20337936401367,BIRLACABLE.BO,2023-08-21 22:00:56.791212
372,2022-01-25 00:00:00+05:30,86.31978037185665,96.51581285319851,86.31978037185665,96.07035827636719,15518,0.0,0.0,2022-01-25,102.09640769958496,3.9454280484548754,106.04183574803983,98.15097965113009,109.98726379649472,94.2055516026752,-135.99930201067224,-5.878959839202411,-10971,19712.32957288231,23960.99050633752,93.422875506907,42.2699965412515,92.96865050047411,99.61752062909157,89.42148814774971,103.16468298181597,82.77261801913225,109.81355311043343,79.22545566640785,-0.125326334044254,-59.54823676383919,1.2129015744249614,2.922452022619464,-1.7095504481945025,47.71466962047615,31.08605576363335,97.23844604492187,102.09640769958496,91.07925064086913,89.1147827911377,BIRLACABLE.BO,2023-08-21 22:00:56.791212
373,2022-01-24 00:00:00+05:30,98.94107856654013,98.94107856654013,90.52687953208601,91.8632583618164,13205,0.0,0.0,2022-01-24,101.98009338378907,4.1608406758867105,106.14093405967577,97.81925270790236,110.30177473556249,93.65841203201565,-154.25748401294007,3.294612947263811,-26489,16039.581953890412,25023.155739701317,93.39115531964747,53.50355132103275,93.77707215348084,97.02726477487568,88.61306574042156,102.19127118793496,85.36287311902673,105.44146380932979,80.19886670596745,-0.18055440203449993,-93.2835533281001,1.6237018947593356,3.3498396346680894,-1.7261377399087539,41.08954883871692,31.735540780661047,97.95117797851563,101.98009338378907,90.9119564819336,88.9875798034668,BIRLACABLE.BO,2023-08-21 22:00:56.791212
374,2022-01-21 00:00:00+05:30,100.42593929944393,100.87140143603987,96.26833800550591,98.39663696289062,18477,0.0,0.0,2022-01-21,102.24241828918457,3.6196310596160433,105.86204934880061,98.62278722956853,109.48168040841665,95.00315616995249,-108.3017430267371,39.278138421798786,-13284,24039.448922395233,27269.049186154043,93.4068933314543,46.666272918766495,98.51212546814547,100.75591293078503,96.15284950025107,103.11518889867943,93.9090620376115,105.358976361319,91.5497860697171,-0.11651689469317754,-84.96502370494086,2.5393848435180644,3.7813740696452776,-1.2419892261272132,50.26237987604876,33.31658457980741,100.12897033691407,102.24241828918457,90.90898681640626,88.91977119445801,BIRLACABLE.BO,2023-08-21 22:00:56.791212
375,2022-01-20 00:00:00+05:30,98.44612409369225,102.55423447823368,98.00066952589081,101.46533966064453,19596,0.0,0.0,2022-01-20,101.7375659942627,4.720881559971444,106.45844755423414,97.01668443429125,111.17932911420559,92.2958028743198,-88.77576052527913,56.67719520058385,5193,26290.445052052815,28076.449252093742,93.33392539927976,53.349271649173005,100.67341455492301,103.34615958395521,98.79259463161235,105.22697950726588,96.11984960258015,107.89972453629808,94.23902967926948,-0.11767491123062478,-71.66126509794074,3.0298221680576347,4.091871376177081,-1.0620492081194461,55.68972730044421,35.160364740038396,101.36635284423828,101.7375659942627,90.70011657714844,88.80296226501464,BIRLACABLE.BO,2023-08-21 22:00:56.791212
376,2022-01-19 00:00:00+05:30,98.89158985752047,101.26736526222012,97.15925472631601,98.39663696289062,28346,0.0,0.0,2022-01-19,101.07927856445312,5.597395764737194,106.67667432919032,95.48188279971592,112.2740700939275,89.88448703497873,-173.7741407909223,47.84633882797249,-14403,36879.48363664097,28522.95030210397,93.20582685053655,55.7518625337441,98.94108565047559,100.72291657463516,96.61480603873105,103.0491961863797,94.83297511457147,104.83102711053928,92.50669550282693,-0.1551516771777076,-91.85667544658561,3.3096034441202704,4.357383678206942,-1.0477802340866713,50.75172971341828,36.5635475256995,102.16817779541016,101.07927856445312,90.39324584960937,88.65942596435546,BIRLACABLE.BO,2023-08-21 22:00:56.791212
377,2022-01-18 00:00:00+05:30,103.54414274170163,103.54414274170163,97.90168283495437,99.63401794433594,10049,0.0,0.0,2022-01-18,100.6635181427002,6.0939355207689845,106.75745366346918,94.56958262193122,112.85138918423817,88.47564710116222,-199.13893569244806,60.5505179448415,13943,13238.637314838228,26433.816968469717,93.08478132566147,66.16158259601012,100.35994784033066,102.81821284570695,97.17575293895969,106.00240774707792,94.7174879335834,108.46067275245422,91.53329303221243,-0.11949864397206171,-62.68292224056795,3.9198834731895715,4.619328736728609,-0.6994452635390376,52.965529786910786,38.39522660188531,103.66293487548828,100.6635181427002,90.14675918579101,88.55053634643555,BIRLACABLE.BO,2023-08-21 22:00:56.791212
378,2022-01-17 00:00:00+05:30,103.49464946835235,105.42496266521351,102.45524540703848,102.7522201538086,11448,0.0,0.0,2022-01-17,99.77755241394043,7.399660133726579,107.17721254766701,92.37789228021384,114.57687268139358,84.97823214648727,-95.31882964796903,86.28597875365303,23992,15553.69680670018,29732.611881877587,93.03018787457408,69.17876500252305,103.5441427420202,104.63304007700192,101.66332281882688,106.51386000019524,100.57442548384516,107.60275733517696,98.69360556065185,-0.11803435812964219,-47.31707159887025,4.519971391428541,4.794190052613368,-0.2742186611848272,58.97604066667465,40.12831013851008,104.63304290771484,99.77755241394043,89.8478076171875,88.38769676208496,BIRLACABLE.BO,2023-08-21 22:00:56.791212
379,2022-01-14 00:00:00+05:30,105.82093175210325,106.26638634208342,104.38556380766794,104.58354949951172,19902,0.0,0.0,2022-01-14,98.68618125915528,8.470072230453829,107.1562534896091,90.21610902870145,115.62632572006294,81.74603679824762,-31.496764103026695,102.93594278493732,35440,27521.55022416432,33277.34065067193,92.93697892371645,72.2717594844725,105.0784998830877,105.77143595850747,103.89061342409198,106.95932241750319,103.19767734867222,107.65225849292295,102.0097908896765,-0.10143970773003538,-38.292662240058604,4.912685684431452,4.8627447179095755,0.049940966521876184,62.86123539827742,40.331508265272575,105.46456298828124,98.68618125915528,89.4983708190918,88.15407897949218,BIRLACABLE.BO,2023-08-21 22:00:56.791212
380,2022-01-13 00:00:00+05:30,106.36537358113058,108.54317083963814,105.07850059201327,105.4744644165039,11197,0.0,0.0,2022-01-13,97.62450675964355,9.00577291898878,106.63027967863233,88.61873384065477,115.63605259762112,79.61296092166599,47.23327703801702,120.14548240676099,55342,15615.712358786379,34716.28825729884,92.73957068024876,76.96060222155575,106.36537861605177,107.65225664009027,104.1875863924654,109.83004886367664,102.9007083684269,111.11692688771514,100.72291614484054,-0.07829362427961731,-28.83815832314901,5.1606861590866515,4.850259476279106,0.31042668280754526,64.7887195166041,39.711882874993826,105.55365295410157,97.62450675964355,89.06875152587891,87.86453147888183,BIRLACABLE.BO,2023-08-21 22:00:56.791212
381,2022-01-12 00:00:00+05:30,104.43506197322756,109.87954387704512,104.43506197322756,105.87042236328125,19755,0.0,0.0,2022-01-12,96.70141944885253,9.104427462672236,105.80584691152477,87.5969919861803,114.910274374197,78.49256452350807,67.62893611876915,133.13716450679857,66539,27654.414843488514,39491.43223192695,92.61695984095309,78.5813211365685,106.72834273785132,109.02162350247508,103.57714159865752,112.17282464166888,101.28386083403376,114.46610540629264,98.13265969483996,-0.06370867150465842,-25.143948877183302,5.3122680831598075,4.77265280557722,0.5396152775825875,65.62853897687695,38.73476317646433,105.7120361328125,96.70141944885253,88.6292332458496,,BIRLACABLE.BO,2023-08-21 22:00:56.791212
382,2022-01-11 00:00:00+05:30,106.86032593568878,109.78055251827199,104.13808504054506,104.48455810546875,32712,0.0,0.0,2022-01-11,95.7313117980957,9.109699742281148,104.84101154037685,86.62161205581455,113.950711282658,77.5119123135334,62.2463425921669,141.17267856988587,46784,45193.086365552175,42450.686579036555,92.38793697023196,78.11275832696319,106.13439855476194,108.13071206897882,102.4882445912519,111.77686603248887,100.49193107703502,113.77317954670575,96.84577711352497,-0.05473835356235921,-30.51821357890314,5.3868541111441886,4.637748986181573,0.7491051249626155,64.12812630071349,37.68248042420179,105.38536834716797,95.7313117980957,88.1897151184082,,BIRLACABLE.BO,2023-08-21 22:00:56.791212
383,2022-01-10 00:00:00+05:30,104.93000906485098,108.88963204843027,104.93000906485098,106.90982055664062,9998,0.0,0.0,2022-01-10,94.80574951171874,9.113933460549006,103.91968297226775,85.69181605116974,113.03361643281676,76.57788259062073,89.09757798248629,161.30780567197948,79496,14133.298344829902,41765.08663240765,92.031607426858,85.12948396324711,106.90982055664062,108.88963204843027,104.93000906485098,110.86944354021992,102.95019757306133,112.84925503200957,100.97038608127168,0.006093688910324523,-18.549756476297315,5.537214458558097,4.4504727049409185,1.0867417536171784,69.01902104511919,36.561532716541855,104.80132293701172,94.80574951171874,87.75613632202149,,BIRLACABLE.BO,2023-08-21 22:00:56.791212
384,2022-01-07 00:00:00+05:30,101.46534011316385,110.42399023679094,101.46534011316385,105.02899932861328,45037,0.0,0.0,2022-01-07,93.78614692687988,8.824613240810265,102.61076016769015,84.96153368606961,111.43537340850041,76.13692044525935,72.69872078307625,165.79057762078722,69498,62544.83844624206,48673.033704302085,91.89643992644767,84.88032007900689,105.63944322618936,109.81354633921487,100.85489621558777,114.59809334981645,96.68079310256226,118.77219646284196,91.89624609196068,0.006454793688319371,-23.492072920656145,5.406972473183842,4.178787266536624,1.2281852066472183,67.22315558544254,35.46029710357924,104.56374664306641,93.78614692687988,87.29879989624024,,BIRLACABLE.BO,2023-08-21 22:00:56.791212
385,2022-01-06 00:00:00+05:30,105.32597287242238,108.29569011007125,101.56432801711458,106.2663803100586,18916,0.0,0.0,2022-01-06,92.8531608581543,8.555703340281795,101.40886419843609,84.2974575178725,109.96456753871789,75.7417541775907,79.53046080074867,182.07638642355525,114535,26578.960195980613,45205.082518817086,91.33607084072985,82.15286565784459,105.37546614574813,109.1866042743817,102.45524218142502,112.10682823870481,98.64410405279146,115.91796636733837,95.72388008846835,0.028751244146372614,-17.930039380536012,5.343531832954611,3.8717409648748196,1.471790868079791,69.69758779984478,34.27435105885026,104.24697723388672,92.8531608581543,86.91669631958008,,BIRLACABLE.BO,2023-08-21 22:00:56.791212
386,2022-01-05 00:00:00+05:30,104.9300144719394,105.9694185796425,99.53503089975942,104.2370834350586,49804,0.0,0.0,2022-01-05,91.81623497009278,8.088466013568176,99.90470098366096,83.7277689565246,107.99316699722914,75.63930294295642,66.44677545052245,180.03284771374658,95619,68643.47632045703,49861.6130995262,91.0636078997633,80.52563622176105,103.2471776381535,106.95932437654758,100.52493669666451,109.68156531803658,96.81278995827043,113.39371205643066,94.09054901678144,0.012418409740470357,-23.906686012060216,5.05948270701947,3.5037932478548717,1.555689459164598,67.90148462282907,33.23586688280891,103.25707244873047,91.81623497009278,86.42867279052734,,BIRLACABLE.BO,2023-08-21 22:00:56.791212
387,2022-01-04 00:00:00+05:30,105.91991797731512,107.25628926374883,100.6239235889257,101.5643310546875,57252,0.0,0.0,2022-01-04,90.71743927001953,7.799855354959307,98.51729462497883,82.91758391506022,106.31714997993814,75.11772856010091,77.4206311321333,199.83348834037832,45815,76885.5399625011,45166.147294293485,90.3987041548724,77.22388106951394,103.148181302454,105.6724390159823,99.04007334115919,109.78054697727713,96.51581562763089,112.30480469080543,92.40770766633607,-0.05683325216508521,-31.778425582468415,4.819009916700679,3.1148708830637215,1.7041390336369577,65.39650259018813,32.39270166050352,102.09888153076172,90.71743927001953,86.02479110717773,,BIRLACABLE.BO,2023-08-21 22:00:56.791212
388,2022-01-03 00:00:00+05:30,112.35430471429419,112.35430471429419,104.18758212492918,105.72193908691406,29327,0.0,0.0,2022-01-03,89.70526084899902,7.629822012465898,97.33508286146491,82.07543883653312,104.96490487393082,74.44561682406722,140.80539268757127,281.0667000443545,103067,40996.38405769179,37236.29912724158,89.7109603033528,96.64003698633002,107.42127530871248,110.65496849249578,102.48824590313077,115.58799789807749,99.25455271934747,118.82169108186079,94.32152331376577,0.08610023496489903,-19.533517335120493,4.701342186000289,2.688836124654482,2.0125060613458072,73.71992509699825,31.14427360547389,100.53482971191406,89.70526084899902,85.76246612548829,,BIRLACABLE.BO,2023-08-21 22:00:56.791212
389,2021-12-31 00:00:00+05:30,103.54414134858563,104.93001092792129,101.11887524903443,103.44515228271484,39045,0.0,0.0,2021-12-31,88.39858512878418,6.949963492447868,95.34854862123204,81.44862163633631,102.29851211367992,74.49865814388843,122.81465025503334,262.15900790541593,73740,53405.792513793785,36296.27789462903,89.18933103549891,93.71254560456741,103.16467948655685,105.21048372407927,101.39934804519241,106.9758151654437,99.35354380767,109.02161940296612,97.58821236630556,0.15424547135331615,-5.597014470831925,4.069997979338822,2.18570960931803,1.8842883700207924,71.89974432581153,28.623921622884676,98.81239318847656,88.39858512878418,85.46747421264648,,BIRLACABLE.BO,2023-08-21 22:00:56.791212
390,2021-12-30 00:00:00+05:30,92.06123873192081,104.63303927973575,92.06123873192081,101.31685638427734,68383,0.0,0.0,2021-12-30,87.24287033081055,6.197254865357416,93.44012519616797,81.04561546545312,99.63738006152538,74.84836060009572,115.23781003955523,234.7146683755583,34695,91609.95072733106,32018.899239837836,88.5429442352421,87.55573867523864,99.33704479864464,106.61285086536847,94.04105031755353,111.90884534645959,86.7652442508297,119.18465141318342,81.46924976973858,0.1326787007423428,-12.641502973460739,3.4242484457791846,1.7146375168128318,1.7096109289663528,70.10348708311241,26.599321135960533,95.78328094482421,87.24287033081055,85.22494735717774,,BIRLACABLE.BO,2023-08-21 22:00:56.791212
391,2021-12-29 00:00:00+05:30,95.03095685421911,101.4158462469092,94.73398209309691,98.44612884521484,20707,0.0,0.0,2021-12-29,86.14654960632325,5.473662084798389,91.62021169112164,80.67288752152486,97.09387377592003,75.19922543672646,139.1076184890817,241.64344207616912,-33688,26954.334924438248,17121.136367964526,87.4410464699124,80.95275486162869,98.19865239507367,101.66332269705042,94.98145854323813,104.88051654888595,91.51678824126138,108.3451868508627,88.29959438942585,-0.0017759159319462403,-12.903224645163904,2.7552157080257587,1.2872347845712435,1.4679809234545151,67.50453269571602,24.451257284977594,93.17982788085938,86.14654960632325,85.0566633605957,,BIRLACABLE.BO,2023-08-21 22:00:56.791212
392,2021-12-28 00:00:00+05:30,98.99057548194492,99.08956454695056,93.19962832672745,93.74407196044922,20149,0.0,0.0,2021-12-28,85.12694664001465,4.934707030624371,90.06165367063902,80.19223960939028,94.9963607012634,75.2575325787659,149.20041297996855,215.29013359312472,-54395,24975.264977829727,14662.836728846092,87.14587483768244,78.02006728645091,95.34442161137575,97.48921489602405,91.59927867580095,101.23435783159886,89.45448539115264,103.37915111624716,85.70934245557784,0.002457442045336586,-25.837327926446598,2.139628540688136,0.9202395537076147,1.2193889869805214,62.55448731258394,22.49952421248663,91.50688781738282,85.12694664001465,85.02795608520508,,BIRLACABLE.BO,2023-08-21 22:00:56.791212
393,2021-12-27 00:00:00+05:30,89.09152108275498,97.10975646972656,88.49757911934631,97.10975646972656,24469,0.0,0.0,2021-12-27,84.25088043212891,4.879362578180091,89.130243010309,79.37151785394882,94.0096055884891,74.49215527576872,178.42520976942515,216.10931085948465,-34246,31418.96537694933,12084.729666600182,86.9690562408954,73.87750338377133,94.23903068626647,99.98048225318664,91.36830490280639,102.85120803664672,85.62685333588622,108.59265960356689,82.75612755242614,0.11185712096366018,-0.0,1.7821531705405391,0.6153923069624841,1.1667608635780549,69.61500620872883,20.685491788545455,89.1410140991211,84.25088043212891,85.06854232788086,,BIRLACABLE.BO,2023-08-21 22:00:56.791212
394,2021-12-24 00:00:00+05:30,89.38849344597665,90.27940259103173,86.56725597869685,88.29959106445312,2771,0.0,0.0,2021-12-24,83.22385330200196,4.135322923569831,87.35917622557179,79.08853037843213,91.49449914914162,74.9532074548623,70.76191540109237,102.58445799128741,-58715,3235.2512357232836,7251.170739012895,86.62794038007418,67.78943789201648,88.38208321139389,90.19691044409093,86.48476383175606,92.09422982372877,84.66993659905901,93.90905705642581,82.77261721942118,-0.09529205893175419,-40.4762034326793,0.9660051211721168,0.3237020910679704,0.6423030301041464,58.1477947421472,18.991655663370867,85.90402221679688,83.22385330200196,84.99033981323242,,BIRLACABLE.BO,2023-08-21 22:00:56.791212
395,2021-12-23 00:00:00+05:30,95.03095327577303,95.03095327577303,87.11170716945861,88.29959106445312,12720,0.0,0.0,2021-12-23,82.81799201965332,4.007296536320801,86.82528855597411,78.81069548333252,90.83258509229492,74.80339894701171,140.47844908108735,150.10777021938546,-55944,14851.099140526945,8255.150614835296,86.62154807703101,71.48656361689665,90.14741716989492,93.18312717033123,85.26388106401681,98.06666327620934,82.2281710635805,101.10237327664565,77.3446349577024,-0.13221308061067633,-40.4762034326793,0.7741196642247274,0.16312633354193376,0.6109933306827937,58.1477947421472,18.273631912423475,84.91411590576172,82.81799201965332,85.05864349365234,,BIRLACABLE.BO,2023-08-21 22:00:56.791212
396,2021-12-22 00:00:00+05:30,83.15208787184496,90.08142852783203,83.00360049016884,90.08142852783203,9901,0.0,0.0,2021-12-22,82.48884887695313,3.798256073460047,86.28710495041318,78.69059280349308,90.08536102387322,74.89233673003304,86.69946181617222,101.90751902655329,-43224,11793.076585588482,6606.163483412383,86.5915663559484,70.95112249452612,87.72215251527763,92.44070454038642,85.36287650272322,94.79998055294082,80.64432447761443,99.51853257804962,78.28504846506003,-0.0923197880435537,-0.0,0.5167190464023292,0.010378000871235332,0.5063410455310939,62.23985448063352,17.313534485272513,84.65674133300782,82.48884887695313,85.09329025268555,,BIRLACABLE.BO,2023-08-21 22:00:56.791212
397,2021-12-21 00:00:00+05:30,82.6076343948151,84.33996951138303,81.17227403346865,81.91470336914062,4696,0.0,0.0,2021-12-21,82.07308807373047,3.352344281978008,85.42543235570848,78.72074379175247,88.77777663768649,75.36839950977446,-87.15054557785338,-27.90469546363627,-53125,5086.309049959356,5309.435207868359,86.5423469922469,68.07664762211556,82.47564897133077,83.77902390919289,80.61132843127851,85.64334444924515,79.30795349341639,86.94671938710727,77.44363295336413,-0.15736829333498994,-61.47543455011777,0.0038551863363096572,-0.11620726051153814,0.1200624468478478,46.06199991370233,17.29249951920777,83.93410949707031,82.07308807373047,85.09230026245118,,BIRLACABLE.BO,2023-08-21 22:00:56.791212
398,2021-12-20 00:00:00+05:30,83.35006318445993,83.39956149413317,78.40053431240455,80.92479705810547,3917,0.0,0.0,2021-12-20,82.05328979492188,3.354497457032865,85.40778725195474,78.69879233788902,88.76228470898761,75.34429488085615,-126.39966467243914,-68.96589108771347,-57821,4191.292634950022,5365.216747345608,86.57351087153755,69.5780027642155,80.90829762154773,83.41606093069092,78.4170337489623,85.90732480327635,75.90927043981911,88.41508811241954,73.41800656723368,-0.09270968305816979,-55.73771187125931,0.15147431011781975,-0.14622287222350008,0.2976971823413198,43.3300776336283,18.342498544389134,84.74583129882812,82.05328979492188,85.24969528198243,,BIRLACABLE.BO,2023-08-21 22:00:56.791212
399,2021-12-17 00:00:00+05:30,86.71574050434722,86.81472956694724,83.25107044667733,83.35005950927734,2962,0.0,0.0,2021-12-17,82.03349151611329,3.3626669275698986,85.39615844368319,78.67082458854338,88.75882537125308,75.30815766097349,-10.18447809902464,10.309143818627048,-53904,3264.4029536303406,5658.697775444504,86.60541986045783,70.48002638494337,84.47195317430064,85.69283590192394,82.12917678165404,88.03561229457054,80.90829405403073,89.25649502219385,78.56551766138413,-0.101021932363526,-39.67218334114051,0.4356672293776285,-0.22064716780883004,0.6563143971864585,48.98494643777827,19.14817533049166,85.86442565917969,82.03349151611329,85.41896926879883,,BIRLACABLE.BO,2023-08-21 22:00:56.791212
400,2021-12-16 00:00:00+05:30,87.26019464178202,88.5965659132372,86.61675438444978,87.0127182006836,1621,0.0,0.0,2021-12-16,82.01864318847656,3.3571986662575295,85.37584185473409,78.66144452221903,88.73304052099162,75.3042458559615,79.86111378041763,69.09871542781512,-50942,1864.9987471776446,6257.2714808980445,86.61938525301483,70.34975188219849,87.40867949945687,88.20060461446396,86.22079308567653,89.38849102824429,85.42886797066944,90.18041614325138,84.24098155688911,-0.07074949363475098,-15.409841063733676,0.5540676614300537,-0.3847257671054446,0.9387934285354983,59.92228206871193,19.506394964785965,86.46826934814453,82.01864318847656,85.54072784423828,,BIRLACABLE.BO,2023-08-21 22:00:56.791212
401,2021-12-15 00:00:00+05:30,86.56725841678508,89.33899765301129,85.87432738391944,86.46826934814453,6647,0.0,0.0,2021-12-15,81.81323776245117,3.155156167840316,84.96839393029148,78.65808159461085,88.1235500981318,75.50292542677053,89.00818259482529,58.055268201380024,-52563,7599.678834313313,7355.339664328143,86.61845963205606,63.22475292582783,87.22719812835841,88.58006887279738,85.11539860370553,90.69186839745026,83.76252785926656,92.04473914188924,81.65072833461367,-0.10098072789476219,-19.0164027244852,0.3365447425339738,-0.6194241242393191,0.955968866773293,58.65762638451822,18.259708125439303,86.17129821777344,81.81323776245117,85.55656631469726,,BIRLACABLE.BO,2023-08-21 22:00:56.791212
402,2021-12-14 00:00:00+05:30,86.12179975004399,87.06220718613211,85.13189400579061,85.97331237792969,6317,0.0,0.0,2021-12-14,81.74146957397461,3.0585439152680247,84.80001348924263,78.6829256587066,87.85855740451066,75.62438174343856,83.03988711337477,27.183782263370325,-59210,7181.039740465327,7294.25487183185,86.61992305053381,62.48352293184665,86.05580452328415,86.97971504077769,85.04940186043619,87.98611770362565,84.12549134294265,88.91002822111919,83.11908868009469,-0.1091523246957088,-15.658428240767854,0.10657029029535181,-0.8584163409326424,0.9649866312279942,57.52838782468242,16.917122298450593,85.32987823486329,81.74146957397461,85.54270767211914,,BIRLACABLE.BO,2023-08-21 22:00:56.791212
403,2021-12-13 00:00:00+05:30,86.12180502742173,88.15111494844594,84.83492446008219,86.51776885986328,10909,0.0,0.0,2021-12-13,81.82808647155761,3.205686030364146,85.03377250192176,78.62240044119346,88.23945853228591,75.41671441082931,114.41925974288584,28.975807864536392,-52893,12479.668426576583,7322.558654673481,86.6259666416445,69.40848931722985,86.50126942279714,88.16761438551208,84.85142389714834,89.81745991116088,83.18507893443339,91.48380487387583,81.53523340878459,-0.184939287023176,-11.74377919590188,-0.14073563694799418,-1.099662998739641,0.9589273617916467,59.182623965963906,16.07072580277801,84.39936828613281,81.82808647155761,85.54171783447265,,BIRLACABLE.BO,2023-08-21 22:00:56.791212
404,2021-12-10 00:00:00+05:30,86.2207905789477,88.10161304200618,85.08239743927692,86.36927795410156,4482,0.0,0.0,2021-12-10,82.08793678283692,3.767276572773519,85.85521335561045,78.3206602100634,89.62248992838396,74.55338363728988,152.20282941936975,25.208726210923313,-63802,5118.514463596528,6033.281211697706,86.62774169616173,74.75213106147399,86.5177628117949,87.95312818431287,84.93391258158361,89.53697841452416,83.49854720906563,90.97234378704213,81.91469697885435,-0.06438278093781571,-12.500001284617808,-0.5088505210038221,-1.3393948391875525,0.8305443181837304,58.877619382516734,15.159221884361386,83.0134994506836,82.08793678283692,85.51598022460938,,BIRLACABLE.BO,2023-08-21 22:00:56.791212
405,2021-12-09 00:00:00+05:30,82.26117039099388,87.80464135522548,82.26117039099388,85.52786254882812,4962,0.0,0.0,2021-12-09,82.16712913513183,3.87705941719222,86.04418855232404,78.29006971793962,89.92124796951627,74.41301030074739,160.14928561414388,0.42799846650616186,-68284,5611.476806696139,6261.972898722999,86.62949564559776,63.86323266000493,85.19789143168249,88.1346124723711,82.5911415081395,90.7413623959141,79.65442046745089,93.6780834366027,77.0476705439079,-0.0602560980750368,-16.78829005062421,-0.9578151618259625,-1.5470309187334852,0.5892157569075227,57.215146077125766,14.064523778264784,81.80581512451172,82.16712913513183,85.47143447875976,,BIRLACABLE.BO,2023-08-21 22:00:56.791212
406,2021-12-08 00:00:00+05:30,81.2217728881122,83.94401380383052,81.2217728881122,82.26116943359375,3179,0.0,0.0,2021-12-08,82.196826171875,3.9063206879691714,86.10314685984417,78.29050548390583,90.00946754781334,74.38418479593666,92.87490264590818,-44.786473277828485,-73246,3457.786710499476,6424.596921729714,86.63783465404336,56.807413713064065,82.47565204184549,83.72953119557879,81.00729027986047,85.19789295756381,79.75341112612718,86.4517721112971,78.28504936414215,-0.07126203796163379,-26.36362528782511,-1.4352469323315802,-1.6943348579603659,0.2590879256287857,49.89260058246255,12.95607197995289,80.57833099365234,82.196826171875,85.46648483276367,,BIRLACABLE.BO,2023-08-21 22:00:56.791212
407,2021-12-07 00:00:00+05:30,81.41975170337955,82.16218105021888,79.68741656075444,81.32076263427734,7924,0.0,0.0,2021-12-07,82.38738288879395,4.0014236568747075,86.38880654566866,78.38595923191924,90.39023020254336,74.38453557504454,51.73737990698525,-69.36000561270222,-76425,8520.374882298856,7166.299474537273,86.65916342538154,51.37875026638341,81.05678674841688,82.42615693607932,79.95139244661489,83.53155123788132,78.58202225895245,84.90092142554376,77.47662795715046,-0.051568423288184936,-34.99995755608898,-1.7030383327310972,-1.759106839367562,0.05606850663646479,47.493893266667804,12.783804922792608,79.73691101074219,82.38738288879395,85.57735427856446,,BIRLACABLE.BO,2023-08-21 22:00:56.791212
408,2021-12-06 00:00:00+05:30,84.33996780325634,84.33996780325634,78.84599536198155,79.58842468261719,3850,0.0,0.0,2021-12-06,82.55566673278808,4.024909465542385,86.58057619833046,78.5307572672457,90.60548566387286,74.50584780170331,51.80623528123309,-74.70789362037192,-84349,4051.570794500615,6827.780622596877,86.7248074793237,41.38374093724529,80.92479594928503,83.0035965365885,77.50962409531371,86.41876839055982,75.43082350801023,88.4975689778633,72.01565165403892,-0.0796586230479083,-62.49999866928211,-1.9274730419049035,-1.773123966026678,-0.15434907587822555,42.815610695363986,13.162191249948293,78.7173080444336,82.55566673278808,85.75058776855468,,BIRLACABLE.BO,2023-08-21 22:00:56.791212
409,2021-12-03 00:00:00+05:30,81.66722762850499,81.66722762850499,79.09347408644665,80.33085632324219,12616,0.0,0.0,2021-12-03,82.8402645111084,4.005244248831756,86.84550875994016,78.83502026227664,90.85075300877192,74.82977601344489,30.485454070391768,-87.07671171197288,-80499,13400.372489033896,7521.833079620942,86.76769995222982,47.85174624921086,80.36385267939794,81.63423127234923,79.06047773029088,82.93760622145628,77.7900991373396,84.20798481440757,76.48672418823254,-0.0555457248856763,-72.04544458697377,-2.01500430247296,-1.7345366970571214,-0.2804676054158384,44.386435820720386,13.569684217654416,78.11346588134765,82.8402645111084,85.97628631591797,,BIRLACABLE.BO,2023-08-21 22:00:56.791212
410,2021-12-02 00:00:00+05:30,78.84599823763723,80.38034769148243,77.26215047299173,79.39044189453125,2933,0.0,0.0,2021-12-02,82.97885093688964,3.9615600789003795,86.94041101579002,79.01729085798927,90.9019710946904,75.05573077908889,-30.897193440750726,-112.79850913994599,-93115,3078.882222189493,6052.198227267703,86.89702296063874,52.40102190679719,79.01098001966847,80.7598095663452,77.6416123478545,82.12917723815916,75.89278280117777,83.87800678483589,74.52341512936381,-0.06309728341675044,-76.363644596673,-2.169658740042493,-1.6644197957031617,-0.5052389443393315,41.87089854858187,14.32636888931907,78.08376770019531,82.97885093688964,86.18713623046875,,BIRLACABLE.BO,2023-08-21 22:00:56.791212
411,2021-12-01 00:00:00+05:30,77.70760400529191,79.9843903283105,74.24293376301775,78.05406951904297,9104,0.0,0.0,2021-12-01,83.18425636291504,3.8711808835323667,87.0554372464474,79.31307547938268,90.92661812997977,75.4418945958503,-97.98994372240044,-145.94144633016776,-96048,9395.947762987278,6795.527228537255,86.93224939336743,53.1014812072647,77.42713120345707,80.61132864389639,74.86987207860363,83.16858776874982,71.68567463816431,86.35278520918914,69.12841551331088,-0.08727505209522894,-82.50000642674979,-2.242173095314641,-1.5381100596183288,-0.704063035696312,38.16878196813697,14.66541415658297,78.54902496337891,83.18425636291504,86.33067260742187,,BIRLACABLE.BO,2023-08-21 22:00:56.791212
412,2021-11-30 00:00:00+05:30,77.21265361835431,78.40053757614541,75.33183105820004,76.22274780273438,3007,0.0,0.0,2021-11-30,83.47627868652344,3.6793513313049764,87.15563001782841,79.79692735521847,90.8349813491334,76.11757602391349,-146.02655561413545,-169.38724743243603,-105152,3030.615378593656,6145.422094924748,87.06348242574886,49.6231084577718,76.6517054790266,77.97157989985317,74.9028733819078,79.72041199697198,73.58299896108123,81.04028641779854,71.83416686396242,-0.10933621672971279,-95.69377213763303,-2.1694286935647824,-1.3620943006942505,-0.8073343928705319,32.736292536560384,14.883981261468097,79.2914535522461,83.47627868652344,86.41877426147461,,BIRLACABLE.BO,2023-08-21 22:00:56.791212
413,2021-11-29 00:00:00+05:30,78.64801458415897,78.64801458415897,76.17325002767339,76.5692138671875,3404,0.0,0.0,2021-11-29,83.80542221069337,3.267739151356461,87.07316136204983,80.5376830593369,90.34090051340628,77.26994390798045,-143.64029763017174,-173.90580747286126,-102145,3446.3274035698028,6924.123774007521,87.1166693217712,53.68488888851015,77.13015949300662,78.08706895833984,75.61230440185426,79.6049240494922,74.65539493652103,80.56183351482542,73.13753984536868,-0.12138959598594816,-98.00497977967534,-1.8630662420884931,-1.1602607024766174,-0.7028055396118758,33.255191511407375,14.527448576672459,80.35065155029297,83.80542221069337,86.55835098266601,,BIRLACABLE.BO,2023-08-21 22:00:56.791212
414,2021-11-26 00:00:00+05:30,85.13189414695458,85.13189414695458,79.09347060747247,80.18236541748047,8227,0.0,0.0,2021-11-26,84.17911148071289,2.7889360574809356,86.96804753819383,81.39017542323195,89.75698359567477,78.60123936575101,-53.18204183295707,-103.63474267989264,-98741,8722.342879794627,7793.572866616951,87.17557654198112,54.513026973891456,81.46924339063584,83.84501617379921,77.8065926343171,87.50766693011795,75.43081985115373,89.88343971328132,71.76816909483499,-0.13182694153024646,-84.21053363468087,-1.4767228485598736,-0.9845593175736485,-0.4921635309862251,39.207362875342795,14.361024407569111,81.14257507324218,84.17911148071289,86.74049362182618,,BIRLACABLE.BO,2023-08-21 22:00:56.791212
415,2021-11-25 00:00:00+05:30,84.04300536981312,84.04300536981312,81.1722769901721,81.71672821044922,5314,0.0,0.0,2021-11-25,84.46618423461913,2.6478088006739915,87.11399303529312,81.81837543394515,89.76180183596712,79.17056663327115,-44.29645156035399,-90.7747558459277,-90514,5741.763679107193,7561.380363322531,87.27126322295304,61.159505634564226,82.31067019014482,83.44906339011754,80.57833501047652,85.18139856978584,79.4399418105038,86.31979176975857,77.7076066308355,-0.05583133957765639,-76.05259249193615,-1.3155523254564798,-0.8615184348270922,-0.4540338906293876,42.17838190329241,15.000145633758713,81.71672058105469,84.46618423461913,86.80087799072265,,BIRLACABLE.BO,2023-08-21 22:00:56.791212
416,2021-11-24 00:00:00+05:30,78.30154237974098,82.36015439581197,78.30154237974098,81.7662124633789,4528,0.0,0.0,2021-11-24,84.47360801696777,2.639890604755392,87.11349862172317,81.83371741221238,89.75338922647856,79.19382680745699,-83.81440536613032,-123.68875813603232,-85200,4895.455339541189,8016.284534376365,87.32079204248288,57.782623068129915,80.80930307964395,83.31706377954693,79.25845176347593,84.86791509571495,76.75069106357296,87.37567579561792,75.19983974740494,-0.0470082287457597,-75.78949329222732,-1.2403840925262273,-0.7480099621697452,-0.49237413035648203,42.2755942466478,15.953314876834574,81.954296875,84.47360801696777,86.83354461669921,,BIRLACABLE.BO,2023-08-21 22:00:56.791212
417,2021-11-23 00:00:00+05:30,77.21264924916473,81.96419991621981,77.21264924916473,81.51873779296875,5625,0.0,0.0,2021-11-23,84.58744735717774,2.5650245818080264,87.15247193898577,82.0224227753697,89.71749652079379,79.45739819356169,-121.49386511481276,-143.40310736522434,-89728,6063.072579361389,8796.491833085158,87.36331844711675,58.32849900080972,80.2318623194511,83.25107538973747,78.49952472268238,84.98341298650618,75.48031165239601,88.00262605679255,73.7479740556273,-0.11264491117983583,-77.10527323995402,-1.1302257269036744,-0.6249164295806247,-0.5053092973230497,41.651214744136595,16.823332320080954,82.60763549804688,84.58744735717774,86.8790803527832,,BIRLACABLE.BO,2023-08-21 22:00:56.791212
418,2021-11-22 00:00:00+05:30,82.6571303609862,82.6571303609862,78.94498378788802,80.5288314819336,10791,0.0,0.0,2021-11-22,84.93391456604004,2.596499685202585,87.53041425124263,82.33741488083746,90.12691393644522,79.74091519563487,-152.32138873083593,-141.84269177804916,-95353,11490.154900957528,9479.8466465161,87.41943968696111,62.297157937847565,80.71031521026927,82.47564663265052,78.76350005955234,84.42246178336745,76.99816863717109,86.1877932057487,75.05135348645416,-0.18585392005715354,-90.72464779925743,-0.9476924999389098,-0.4985891052498622,-0.4491033946890476,39.2343182952967,17.627153231696965,83.84501800537109,84.93391456604004,86.95233352661133,,BIRLACABLE.BO,2023-08-21 22:00:56.791212
419,2021-11-18 00:00:00+05:30,80.82580504529565,84.93391536985033,80.82580504529565,83.05309295654297,6425,0.0,0.0,2021-11-18,85.45609016418457,2.711563162789933,88.1676533269745,82.74452700139464,90.87921648976445,80.0329638386047,-118.60404897033959,-102.53726682750269,-84562,7055.726472028439,8977.269582905741,87.54875363240265,65.60723613642605,82.93760445722965,85.04940386916365,80.94129354460898,87.04571478178433,78.82949413267498,89.15751419371833,76.83318322005431,-0.19493719327309783,-85.34202170284195,-0.6021449059966244,-0.38631325657760035,-0.21583164941902405,43.49246815232366,18.95464030656688,86.08220672607422,85.45609016418457,87.01073806762696,,BIRLACABLE.BO,2023-08-21 22:00:56.791212
420,2021-11-17 00:00:00+05:30,84.98341032287398,84.98341032287398,82.75612230161552,82.90460968017578,5868,0.0,0.0,2021-11-17,85.86937599182129,2.9458257707713535,88.81520176259264,82.92355022104994,91.761027533364,79.97772445027857,-99.98823553772817,-94.83017634379429,-90987,6432.526408131372,9457.655360625065,87.59955469371191,72.05125562381453,83.54804743488843,84.33997256816134,82.11268454690288,85.77533545614689,81.32075941362997,86.5672605894198,79.88539652564442,-0.21974694616470347,-92.98245901699899,-0.3992173755548265,-0.3323553442228443,-0.06686203133198221,43.15144781952043,19.779714031131583,87.06221313476563,85.86937599182129,87.0582536315918,,BIRLACABLE.BO,2023-08-21 22:00:56.791212
421,2021-11-16 00:00:00+05:30,88.10161189830256,88.4975757094454,84.14198889163728,85.03290557861328,9700,0.0,0.0,2021-11-16,86.3692783355713,3.248959745239355,89.61823808081066,83.12031859033193,92.86719782605,79.87135884509259,-18.07370073499963,-46.68655443925954,-85119,10906.152024580702,10213.937598748487,87.64851364689324,78.30246696768691,85.89082339323198,87.63965789482668,83.28407107701857,90.2464102110401,81.53523657542387,91.9952447126348,78.92848425921045,-0.24309080960725804,-77.89474905454946,-0.11873654230826958,-0.31563983638984877,0.1969032940815792,46.882099000735785,19.996931787127952,87.70565185546874,86.3692783355713,87.13051681518554,,BIRLACABLE.BO,2023-08-21 22:00:56.791212
422,2021-11-15 00:00:00+05:30,96.02086036666388,96.02086036666388,87.16120668368212,87.70565032958984,13625,0.0,0.0,2021-11-15,86.96817131042481,4.005528686344195,90.973699996769,82.96264262408062,94.97922868311319,78.95711393773642,133.7697969780045,49.47618268474245,-75419,15800.720024820394,10040.883992290432,87.69439196531555,77.68392767673089,90.29590579331195,93.43060490294177,84.57095121996001,99.1555594762937,81.43625211033019,102.29025858592352,75.71129753697825,-0.13680438333312311,-55.44554583091771,0.03255805787048871,-0.36486565991024356,0.39742371778073227,52.127828347092326,19.719745474004018,87.91353149414063,86.96817131042481,87.15031494140625,,BIRLACABLE.BO,2023-08-21 22:00:56.791212
423,2021-11-12 00:00:00+05:30,89.04202485890478,92.30871706277621,86.41878049634543,91.71477508544922,20074,0.0,0.0,2021-11-12,87.37155799865722,4.4637394138774695,91.83529741253469,82.90781858477976,96.29903682641216,78.44407917090228,181.47595239405263,49.25911190946958,-61794,24343.668136144544,8600.92498415794,87.69410757885447,68.2388969834785,90.14742421485694,93.87606793336845,87.98613136693767,96.03736078128772,84.25748764842616,99.76600449979922,82.0961948005069,-0.060979774024852995,-5.263142024913575,-0.037457172797886074,-0.46422158935542657,0.4267644165575405,61.76605469725869,18.186642140894623,87.30968933105468,87.37155799865722,87.063203125,,BIRLACABLE.BO,2023-08-21 22:00:56.791212
424,2021-11-11 00:00:00+05:30,86.17129916880815,90.42788939252887,85.52785891627433,87.953125,4183,0.0,0.0,2021-11-11,87.44580078125,4.551269799180293,91.99707058043029,82.89453098206971,96.54834037961058,78.34326118288942,155.3229598985814,6.147554288426178,-81868,4864.653737817038,4665.239196161289,87.53868991499012,45.6908853757299,87.96962443626774,90.41138995626115,85.5113594800066,92.86965491252228,83.0695939600132,95.31142043251569,80.61132900375206,-0.132900220718768,-45.73646170708018,-0.5213683960064515,-0.5709126934948117,0.0495442974883602,54.42994472337238,17.34361406004552,86.02281036376954,87.44580078125,86.93055557250976,,BIRLACABLE.BO,2023-08-21 22:00:56.791212
425,2021-11-10 00:00:00+05:30,86.1218032836914,87.80464009701772,85.6268503912564,86.1218032836914,759,0.0,0.0,2021-11-10,87.63388328552246,4.649993447037811,92.28387673256027,82.98388983848464,96.93387017959807,78.33389639144684,119.5321496765958,-21.40624370916967,-86051,864.3063115856664,4615.3855607473515,87.53532460552519,41.04242763677269,86.51776459065518,87.40867879005395,85.23088908429263,88.6955542964165,84.33997488489385,89.58646849581528,83.0530993785313,-0.13112119793052043,-61.42319901646717,-0.7625563416079473,-0.5832987678669017,-0.17925757374104556,50.10312689517235,16.921860948805577,85.05270233154297,87.63388328552246,86.90580795288086,,BIRLACABLE.BO,2023-08-21 22:00:56.791212
426,2021-11-09 00:00:00+05:30,85.03290724379762,86.8642314097665,84.48845604876664,86.07230377197266,5695,0.0,0.0,2021-11-09,87.82938957214355,4.665247358051352,92.4946369301949,83.16414221409221,97.15988428824626,78.49889485604085,94.01718321696309,-33.79235449526932,-86810,6481.41678330017,5553.155373037773,87.5374103693532,33.8859827624799,85.8083304101686,87.12820477157055,84.75242941057068,88.18410577116846,83.43255504916873,89.50398013257042,82.37665404957082,-0.051881833704215986,-68.6153967879762,-0.8794386735126665,-0.5384843744316402,-0.34095429908102626,49.982638821295865,17.242957303898077,84.5280517578125,87.82938957214355,86.92560607910156,,BIRLACABLE.BO,2023-08-21 22:00:56.791212
427,2021-11-08 00:00:00+05:30,86.17129813180846,86.36927625987563,84.33996646147037,84.68643951416016,1500,0.0,0.0,2021-11-08,88.02737083435059,4.670771508533715,92.69814234288431,83.35659932581687,97.36891385141803,78.68582781728315,53.8812865904356,-45.93908649260564,-92505,1679.6466453837854,5321.090020472174,87.55381321293841,24.51826417015745,85.13189407850206,85.92382169553375,83.89451189712848,87.16120387690732,83.10258428009679,87.95313149393901,81.86520209872322,-0.08594345953084255,-78.3625576968445,-1.0108836969409083,-0.4532457996613837,-0.5576378972795246,46.657545494330456,17.893802405476244,84.09249420166016,88.02737083435059,86.95431350708007,,BIRLACABLE.BO,2023-08-21 22:00:56.791212
428,2021-11-04 00:00:00+05:30,83.00359404642657,87.21069340381281,83.00359404642657,85.28038024902344,5173,0.0,0.0,2021-11-04,88.28227157592774,4.617655225397536,92.89992680132528,83.6646163505302,97.5175820267228,79.04696112513267,20.02140508842085,-44.907082887584934,-91005,5833.166866374427,6231.45086424427,87.56229357302463,42.55747964570742,85.1648892330876,87.32618441974864,83.1190850623624,89.37198859047385,80.95778987570137,91.53328377713488,78.91198570497616,-0.08031822710105324,-74.92711596713191,-1.0273701076524873,-0.3138363253415025,-0.7135337823109847,47.912964308368224,18.754114270650785,83.7163299560547,88.28227157592774,86.92758590698242,,BIRLACABLE.BO,2023-08-21 22:00:56.791212
429,2021-11-03 00:00:00+05:30,83.54804695858579,84.04299983446322,82.70662858007047,83.10258483886719,2136,0.0,0.0,2021-11-03,88.48767738342285,4.568200191124461,93.05587757454731,83.91947719229839,97.62407776567177,79.35127700117393,-60.0703588105417,-81.52616635480587,-96178,2347.0836841753785,6331.0218637117305,87.58580790875978,47.105751854432555,83.28407108446696,83.86151358886345,82.5251423344707,84.6204423388597,81.94769983007421,85.19788484325619,81.18877108007796,-0.07511363683785227,-87.75511923166542,-1.091405658775031,-0.1354528797637563,-0.9559527790112746,42.61532387554025,19.68060397160798,83.46885375976562,88.48767738342285,86.80978713989258,,BIRLACABLE.BO,2023-08-21 22:00:56.791212
430,2021-11-02 00:00:00+05:30,84.14199067775708,84.8844200072667,82.9046084619077,83.49855041503906,5659,0.0,0.0,2021-11-02,88.804447555542,4.391364785982734,93.19581234152473,84.41308276955927,97.58717712750746,80.02171798357654,-56.06025694137359,-74.12918673425699,-94042,6247.861929675298,7327.006408595818,87.60496521861492,56.13992819841373,83.76252629473782,84.62044412756795,82.64063258220895,85.74233784009682,81.78271474937883,86.60025567292695,80.66082103684995,0.02016967687295456,-85.42273865997008,-0.9423742685487184,0.10353531498906232,-1.0459095835377807,43.36682437131756,20.68207498130494,84.03310089111328,88.804447555542,86.66031143188476,,BIRLACABLE.BO,2023-08-21 22:00:56.791212
431,2021-11-01 00:00:00+05:30,83.99350506007524,84.43896719853733,81.91470440439771,83.89451599121094,1611,0.0,0.0,2021-11-01,89.01975212097167,4.2197378011949604,93.23948992216664,84.80001431977671,97.4592277233616,80.58027651858175,-69.51269537783071,-84.34925856578454,-88383,1787.0714101681283,7596.792528325948,87.65198602829628,57.36923751257365,83.416062531382,84.91742065836628,82.39315786422667,85.94032532552161,80.89179973724238,87.4416834525059,79.86889507008705,0.05191498251401839,-83.09035808827475,-0.776287139797887,0.3650127108735075,-1.1412998506713945,44.08877386414809,21.82080676063321,83.70643157958985,89.01975212097167,,,BIRLACABLE.BO,2023-08-21 22:00:56.791212
432,2021-10-29 00:00:00+05:30,83.15208379145422,85.1813936192221,82.1126797231084,82.80561828613281,5579,0.0,0.0,2021-10-29,89.11379318237304,4.119267074243816,93.23306025661687,84.99452610812922,97.35232733086067,80.87525903388541,-82.05519205101118,-87.08847562309606,-89994,6108.420969899782,9049.222807865403,87.66427446562828,48.25504612704599,83.36656387615444,84.62044802920049,81.55173413308678,86.43527777226815,80.29784998004074,87.6891619253142,78.48302023697308,0.055757238112276716,-89.5043597205415,-0.5908799689778306,0.6503376735413561,-1.2412176425191865,41.62998745231107,22.9018569338184,83.73612823486329,89.11379318237304,,,BIRLACABLE.BO,2023-08-21 22:00:56.791212
433,2021-10-28 00:00:00+05:30,90.18041186610765,90.18041186610765,83.49854808683277,84.04299926757812,4509,0.0,0.0,2021-10-28,89.26970329284669,3.9222412988376467,93.19194459168433,85.34746199400904,97.11418589052198,81.42522069517139,-62.05839848633239,-34.637745296085704,-84415,5010.655815127446,9784.423267356808,87.71993211247597,51.832961812703935,85.90731974017285,88.31609139351293,81.63422761423806,92.58918351944773,79.22545596089797,94.99795517278781,74.95236383496318,0.0744285220320399,-82.2157378438367,-0.2373099540341741,0.9606420841711527,-1.1979520382053268,43.65812483531128,24.118679377671953,84.86462097167968,89.26970329284669,,,BIRLACABLE.BO,2023-08-21 22:00:56.791212
434,2021-10-27 00:00:00+05:30,82.50864119127857,85.92382049560547,82.50864119127857,85.92382049560547,4593,0.0,0.0,2021-10-27,89.32909774780273,3.847204017780949,93.17630176558369,85.48189373002178,97.02350578336463,81.63468971224084,-95.64395778713336,-57.32084787939833,-79906,5218.225206091751,10977.865130414148,87.75429248112513,51.97686600943829,84.78542739416316,87.06221359704776,83.64703429272086,88.20060669849006,81.37024808983627,90.47739290137466,80.23185498839396,0.09347251381653604,-71.1370200080747,0.09709913441095352,1.2601300937224842,-1.1630309593115307,46.8730095975878,25.79109432483268,86.2504898071289,89.32909774780273,,,BIRLACABLE.BO,2023-08-21 22:00:56.791212
435,2021-10-26 00:00:00+05:30,82.06318954212384,83.20158268391975,81.02378546648806,81.86520385742188,10874,0.0,0.0,2021-10-26,89.24000625610351,3.9494837585069087,93.18949001461043,85.2905224975966,97.13897377311733,81.3410387390897,-186.56988475822627,-117.71454182706388,-84499,11770.677749152665,12417.775111494748,87.7718840768338,52.58044789185207,82.03019066927656,83.03659587206506,80.85879865463338,84.20798788670825,79.85239345184488,85.21439308949675,78.68100143720169,0.066069014120981,-95.04374110837021,0.3385405110325479,1.5508878335503666,-1.2123473225178187,37.66872985482981,26.26257821243744,87.32948760986328,89.24000625610351,,,BIRLACABLE.BO,2023-08-21 22:00:56.791212
436,2021-10-25 00:00:00+05:30,89.04201874879193,89.04201874879193,84.04299926757812,84.04299926757812,5351,0.0,0.0,2021-10-25,89.4107650756836,3.6783704445722063,93.08913552025581,85.73239463111139,96.76750596482802,82.05402418653918,-175.40021872729577,-44.87185091356326,-73625,5946.333836049447,12579.549452080268,87.90940667252777,60.56573557280889,85.7093390946494,87.37567892172066,82.37665944050686,90.7083585758632,80.71031961343559,92.37469840293447,77.37763995929305,0.06727801533899831,-100.0,1.0422414801489879,1.8539746641798212,-0.8117331840308333,41.2302583924283,25.744609987669605,89.53697814941407,89.4107650756836,,,BIRLACABLE.BO,2023-08-21 22:00:56.791212
437,2021-10-22 00:00:00+05:30,91.41779937863201,93.79357481584212,86.61675774550064,88.44808197021484,12777,0.0,0.0,2021-10-22,89.59884719848633,3.480297916584922,93.07914511507124,86.11854928190141,96.55944303165617,82.63825136531648,-98.83592577483307,40.29149363506497,-68274,14942.735462206612,14237.853356087973,87.95421805414391,63.64460704611355,89.6194715105192,92.62218527553777,85.44536820519629,96.79628858086069,82.44265444017772,99.79900234587926,78.2685511348548,0.09603218074660255,-70.43797528525216,1.712920574757689,2.0569079601875293,-0.3439873854298403,50.13431593692452,25.854982366219225,92.13053131103516,89.59884719848633,,,BIRLACABLE.BO,2023-08-21 22:00:56.791212
438,2021-10-21 00:00:00+05:30,92.25921643803771,94.23902801441089,90.22991410368428,90.97234344482422,1662,0.0,0.0,2021-10-21,89.67556495666504,3.470493416420853,93.14605837308589,86.20507154024419,96.61655178950674,82.73457812382334,-25.423734301180726,90.35299133816149,-55497,1999.18597052826,14061.632829558313,87.9401617825934,66.77399140860851,91.81376185430646,93.39760960492865,89.38849569420204,95.82287576503307,87.80464794357985,97.40672351565526,85.37938178347542,0.098893828448862,-48.13557241604515,2.111805807371894,2.142904806544989,-0.031098999173095,56.62275391125255,26.639652880276376,93.59559173583985,89.67556495666504,,,BIRLACABLE.BO,2023-08-21 22:00:56.791212
439,2021-10-20 00:00:00+05:30,97.10975689451124,97.10975689451124,88.34909212686182,91.31880950927734,11886,0.0,0.0,2021-10-20,89.6706153869629,3.4686167121905456,93.13923209915345,86.20199867477234,96.60784881134398,82.7333819625818,-0.9163129287079572,104.56224382118731,-53835,14351.878885903083,17077.244544315825,87.92889419268914,69.32673260576831,92.2592195102168,96.16934689357177,87.40868212592235,101.01988427786621,83.49855474256738,104.93001166122119,78.64801735827294,0.03540451831406173,-45.76269742128439,2.341901212880501,2.150679556338263,0.191221656542238,57.58389900110239,28.621294334888987,94.04104919433594,89.6706153869629,,,BIRLACABLE.BO,2023-08-21 22:00:56.791212
440,2021-10-19 00:00:00+05:30,97.01076707974332,97.95117455599218,92.40770366191178,92.90265655517578,11704,0.0,0.0,2021-10-19,89.64834251403809,3.4588927801428166,93.10723529418091,86.18944973389527,96.56612807432373,82.73055695375245,68.05700753952244,154.775085895854,-41949,14377.230636938964,17758.585958919008,87.83634618524496,75.07741328749492,94.42051159102658,96.43331952014138,90.88984862606098,99.96398248510698,88.87704069694618,101.97679041422178,85.34637773198058,,-34.33333829080884,2.566888048238866,2.102874142202703,0.464013906036163,61.99513106367463,30.755369747548723,94.12024230957032,89.64834251403809,,,BIRLACABLE.BO,2023-08-21 22:00:56.791212
441,2021-10-18 00:00:00+05:30,96.51581219264439,98.00067084176199,95.1299426096583,97.0107650756836,23201,0.0,0.0,2021-10-18,89.33157272338867,3.4351931610983453,92.76676588448701,85.89637956229033,96.20195904558537,82.46118640119198,145.4357527478175,,-30245,29760.445455066365,18603.924789414017,87.69638631938474,79.69213823894003,96.71379284236797,98.29764307507763,95.42691484297394,99.58452107447165,93.84306461026428,101.16837130718132,92.55618661087026,,-6.66666816376272,2.660062195832836,1.986870665693662,0.673191530139174,76.07111137002666,31.630648905423218,93.54609680175781,89.33157272338867,,,BIRLACABLE.BO,2023-08-21 22:00:56.791212
442,2021-10-14 00:00:00+05:30,94.33802373600084,97.65420658434307,93.99155067153231,95.77338409423828,13181,0.0,0.0,2021-10-14,88.60399208068847,3.2596672865671383,91.86365936725561,85.34432479412133,95.12332665382274,82.0846575075542,171.58433726325836,,-53446,16691.90817676669,15814.79462300093,87.15675503785909,69.74290605633894,95.80638045003788,97.62121022854345,93.95855431573268,99.46903636284864,92.14372453722711,101.28386614135421,90.29589840292192,,-12.969294371158357,2.3344629214776376,1.8185727831588685,0.5158901383187691,74.4456322772003,31.234118170529825,92.15032958984375,88.60399208068847,,,BIRLACABLE.BO,2023-08-21 22:00:56.791212
443,2021-10-13 00:00:00+05:30,92.55619046955337,94.04104914018791,91.81376113423609,93.19963073730469,20548,0.0,0.0,2021-10-13,87.9754020690918,3.0067162558768628,90.98211832496867,84.96868581321493,93.98883458084552,81.96196955733808,137.93680696225144,,-66627,25321.914754815436,15595.516234559487,86.86349200387068,60.81673778360633,93.01814700390956,94.22253287358303,91.99524486763121,95.24543500986138,90.79085899795774,96.44982087953485,89.7679568616794,,-7.727286596720417,2.004089812006484,1.689600248579176,0.31448956342730794,70.60239127031268,30.892359714542028,90.95254364013672,87.9754020690918,,,BIRLACABLE.BO,2023-08-21 22:00:56.791212
444,2021-10-12 00:00:00+05:30,90.6753709608405,94.04105223553609,89.58647607701069,91.71477508544922,8972,0.0,0.0,2021-10-12,87.59923782348633,2.7808519507244567,90.38008977421079,84.81838587276188,93.16094172493524,82.03753392203743,123.57307609337117,,-87175,10880.312370105052,13163.916604495498,86.5084809503999,44.714201910230265,91.780767799332,93.97505952165331,89.52048336312791,96.2353439578574,87.3261916408066,98.4296356801787,85.06590720460251,,-29.098311683537627,1.804222831063285,1.6109778577223488,0.19324497334093627,68.03140383678969,31.53645507758384,90.19031677246093,87.59923782348633,,,BIRLACABLE.BO,2023-08-21 22:00:56.791212
445,2021-10-11 00:00:00+05:30,90.97234405260247,91.56628601900613,86.12180414760576,90.03192901611328,24773,0.0,0.0,2021-10-11,87.1735782623291,2.769263687362173,89.94284194969127,84.40431457496693,92.71210563705344,81.63505088760476,60.39344465096555,,-96147,29490.89492463193,13734.817663093108,86.37791722251396,52.85283878310678,89.24000639424173,92.3582086408777,86.91372676947734,94.6844882656421,83.79552452284136,97.80269051227808,81.46924489807697,,-43.724703241533646,1.6672316040374824,1.5626666143871148,0.10456498965036753,64.78519776857085,32.23009623778272,89.73495941162109,87.1735782623291,,,BIRLACABLE.BO,2023-08-21 22:00:56.791212
446,2021-10-08 00:00:00+05:30,90.22991470650241,92.35821367579892,89.586474429406,90.03192901611328,6396,0.0,0.0,2021-10-08,86.8394847869873,2.8090489461051296,89.64853373309244,84.03043584088216,92.45758267919756,81.22138689477704,125.68876500354823,,-71374,7614.086462598225,9795.7983477084,86.10607472225017,63.525885231509086,90.65887237377274,91.73127031813948,88.95953107174655,93.43061162016566,87.88713312737981,94.5030095645324,86.18779182535363,,-43.724703241533646,1.632315076203625,1.536525366974523,0.09578970922910202,64.78519776857085,33.7960574183797,89.289501953125,86.8394847869873,,,BIRLACABLE.BO,2023-08-21 22:00:56.791212
447,2021-10-07 00:00:00+05:30,90.97234585441996,91.9622516688263,87.80464271689043,89.78445434570312,4800,0.0,0.0,2021-10-07,86.54003829956055,2.769758024565106,89.30979632412566,83.77028027499544,92.07955434869076,81.00052225043034,132.18133748844346,,-77770,5698.429487961951,10341.226318985942,86.02919099485914,63.748169728634906,89.85044957713995,91.89625643738948,87.73864748545361,94.00805852907583,85.69284062520408,96.05386538932535,83.58103853351774,,-45.74898110600317,1.562879293201135,1.5125779396672472,0.05030135353388787,64.32032428092313,33.61094166042453,88.43818359375,86.54003829956055,,,BIRLACABLE.BO,2023-08-21 22:00:56.791212
448,2021-10-06 00:00:00+05:30,89.7349619170462,90.87335509291205,87.16120835794639,89.38849639892578,6468,0.0,0.0,2021-10-06,86.30988540649415,2.675619906488759,88.98550531298291,83.63426550000538,91.66112521947167,80.95864559351662,94.00838046492399,,-82570,7644.7702330457405,11501.925526741941,85.97317607822286,60.159892165463,89.14101994992808,91.12083154190977,87.40868480694411,92.85316668489374,85.42887321496242,94.83297827687542,83.69653807197845,,-42.16022779463093,1.4746729659398312,1.5000026012837753,-0.025329635343944057,63.6065380029352,33.52752407446672,87.66605682373047,86.30988540649415,,,BIRLACABLE.BO,2023-08-21 22:00:56.791212
449,2021-10-05 00:00:00+05:30,87.80464218686272,89.58647566299102,85.62685242926766,89.43798828125,18649,0.0,0.0,2021-10-05,86.01291351318359,2.6453786361827203,88.65829214936632,83.36753487700086,91.30367078554903,80.72215624081815,37.06903200367945,,-76102,22054.152066950086,12466.214350165992,85.90312066942592,52.166451572222684,88.21710545783623,90.8073584864048,86.84773525268143,92.17672869155959,84.25748222411286,94.76698172012816,82.88811201895807,,-41.81181969817779,1.3783944664630638,1.506335010119761,-0.12794054365669716,63.7545796855992,33.76019573406862,86.83453521728515,86.01291351318359,,,BIRLACABLE.BO,2023-08-21 22:00:56.791212
450,2021-10-04 00:00:00+05:30,86.12180487913129,88.39859124746339,84.43896803462977,87.80464172363281,6007,0.0,0.0,2021-10-04,85.81245765686035,2.521161509153852,88.3336191660142,83.29129614770649,90.85478067516804,80.77013463855265,-16.060605262737216,,-94751,6974.095671886641,10069.229920969969,85.68092027609273,49.105654541282796,86.88073366857532,89.32249930252087,85.36287608968725,90.84035688140894,82.9211104557417,93.28212251535449,81.40325287685363,,-53.310092511075055,1.229369846654592,1.538320146033935,-0.30895029937934315,61.00732991144546,34.41595330030003,85.77533569335938,85.81245765686035,,,BIRLACABLE.BO,2023-08-21 22:00:56.791212
451,2021-10-01 00:00:00+05:30,85.92382459649264,86.81473375525529,83.39956184031382,85.77533721923828,4793,0.0,0.0,2021-10-01,85.74811401367188,2.4837865426373718,88.23190055630926,83.2643274710345,90.71568709894663,80.78054092839713,-56.66004475222506,,-100758,5436.040163856534,10843.0134832408,85.6370313479771,43.49309219747431,85.3298776049358,87.26019336955778,83.84502145461632,88.74504951987727,81.91470568999434,90.67536528449925,80.42984953967485,,-67.59579122158615,1.1808062467158464,1.6155577208787708,-0.43475147416292437,57.26112203651033,35.52173927982535,85.2704833984375,85.74811401367188,,,BIRLACABLE.BO,2023-08-21 22:00:56.791212
452,2021-09-30 00:00:00+05:30,86.3197767462103,87.11170435218268,84.43896189869326,85.92382049560547,10498,0.0,0.0,2021-09-30,85.76048774719239,2.4845456201430016,88.24503336733538,83.27594212704939,90.72957898747839,80.79139650690638,-32.82634226341967,,-95965,11927.047292303761,12194.756813086868,85.6347125184072,43.436860225213636,85.82482891549381,87.21069593229436,84.53795347880494,88.49757136898323,83.15208646200439,89.88343838578378,81.86521102531552,,-66.55051322356383,1.3005948654586348,1.7242455894195017,-0.4236507239608669,57.641094085288,37.29148649442842,85.67634429931641,85.76048774719239,,,BIRLACABLE.BO,2023-08-21 22:00:56.791212
453,2021-09-29 00:00:00+05:30,83.15208768504937,87.11171090814696,83.15208768504937,85.23088836669922,3799,0.0,0.0,2021-09-29,85.63179969787598,2.5416389889779096,88.17343868685388,83.09016070889807,90.7150776758318,80.54852171992016,-43.20830605820409,,-106463,4281.333927143623,12261.684193282645,85.6236911422506,36.67692282131714,85.16489565329852,87.17770362154766,83.21808039845007,89.12451887639611,81.20527243020092,91.13732684464526,79.25845717535248,,-71.42854882588523,1.4196312612453283,1.8301582704097181,-0.4105270091643898,56.40543902089994,38.6707703613265,86.48806762695312,85.63179969787598,,,BIRLACABLE.BO,2023-08-21 22:00:56.791212
454,2021-09-28 00:00:00+05:30,85.13189643411076,86.41877695929999,83.30057226548122,84.1419906616211,2832,0.0,0.0,2021-09-28,85.62437515258789,2.543088225186816,88.16746337777471,83.08128692740107,90.71055160296152,80.53819870221426,-55.487230519775146,,-110262,3150.785406127702,14256.771759817399,85.62918586846136,39.043345467850045,84.62044662880076,85.9403209921203,82.82211629830154,87.73865132261953,81.502241934982,89.05852568593907,79.70391160448277,,-79.09406403448341,1.6187676706486513,1.9327900227008152,-0.3140223520521639,54.456624725695136,40.156152987216736,87.61656036376954,85.62437515258789,,,BIRLACABLE.BO,2023-08-21 22:00:56.791212
455,2021-09-27 00:00:00+05:30,86.12179861002441,87.7551445768977,83.54804521951145,85.28038024902344,12103,0.0,0.0,2021-09-27,85.75306282043456,2.5292090359804633,88.28227185641502,83.2238537844541,90.8114808923955,80.69464474847364,-28.22998975596658,,-107430,13647.558202924736,17033.26834823982,85.64485756397453,38.01159006238108,85.52785668181086,87.50766814411027,83.30056878672401,89.73495603919712,81.3207573244246,91.71476750149652,79.09346942933776,,-71.0801407294321,1.9564357616628882,2.011295610713856,-0.054859849050967746,56.928113311521976,41.98060582989401,88.96283264160157,85.75306282043456,,,BIRLACABLE.BO,2023-08-21 22:00:56.791212
456,2021-09-24 00:00:00+05:30,89.09152228875651,89.5864751903607,85.5773536664139,87.80464172363281,12270,0.0,0.0,2021-09-24,85.84462928771973,2.5443008810339847,88.38893016875372,83.30032840668574,90.9332310497877,80.75602752565176,25.775500201831708,,-95327,14245.406008664739,17879.695884568588,85.6620457770426,38.800154480304144,87.65615686013581,89.73496005385772,85.72583852991092,91.66527838408261,83.647035336189,93.74408157780452,81.71671700596411,,-53.310092511075055,2.2469961497072006,2.0250105729765977,0.22198557673060293,62.77620173475971,43.83644104024661,89.22020874023437,85.84462928771973,,,BIRLACABLE.BO,2023-08-21 22:00:56.791212
457,2021-09-23 00:00:00+05:30,95.22893324926383,95.22893324926383,86.36927951742612,89.98243713378906,24353,0.0,0.0,2021-09-23,85.82978096008301,2.533102278311252,88.36288323839426,83.29667868177177,90.89598551670552,80.7635764034605,99.06081709545472,,-83057,28974.971277995817,18788.268353544547,85.55446663734065,43.86821423172074,90.52688330015967,94.68448708289321,85.8248333510555,99.38653703199738,81.66722956832196,103.54414081473092,76.96517961921779,,-37.97906209387871,2.3363545899356524,1.969514178793947,0.3668404111417054,68.42240833822723,44.909545995402006,88.15111083984375,85.82978096008301,,,BIRLACABLE.BO,2023-08-21 22:00:56.791212
458,2021-09-22 00:00:00+05:30,95.37741874032963,95.37741874032963,89.09151865669472,90.87335205078125,33380,0.0,0.0,2021-09-22,85.49816207885742,2.3909982436783674,87.88916032253579,83.10716383517905,90.28015856621415,80.71616559150068,176.8840960354688,,-58704,40108.431100016154,16241.59262243173,85.06435944124205,52.62327704756527,91.78076314926852,94.47000764184233,88.18410755820742,98.06666323290344,85.49486306563361,100.75590772547724,81.8982074745725,,-31.707286688418918,2.2008813087743135,1.8778040760085204,0.32307723276579314,70.83773126354609,45.68139478292368,86.79494018554688,85.49816207885742,,,BIRLACABLE.BO,2023-08-21 22:00:56.791212
459,2021-09-21 00:00:00+05:30,90.87335205078125,90.87335205078125,90.87335205078125,90.87335205078125,6631,0.0,0.0,2021-09-21,84.92401657104492,2.410932302277282,87.3349488733222,82.51308426876763,89.74588117559948,80.10215196649035,288.6476275165138,,-25324,7967.615536974449,10274.883003035622,84.02544979975504,35.211564382547934,90.87335205078125,90.87335205078125,90.87335205078125,90.87335205078125,90.87335205078125,90.87335205078125,90.87335205078125,,-0.0,1.906346149268927,1.797034767817072,0.10931138145185515,70.83773126354609,45.06269096298736,85.75553894042969,84.92401657104492,,,BIRLACABLE.BO,2023-08-21 22:00:56.791212
460,2021-09-20 00:00:00+05:30,84.09249619778669,86.5672607421875,84.09249619778669,86.5672607421875,7736,0.0,0.0,2021-09-20,84.16178894042969,2.808126800544528,86.96991574097422,81.35366213988516,89.77804254151874,78.54553533934063,131.4116496057074,,-31955,8854.885097658404,10851.699869550914,83.77319610511107,28.85076193205292,85.74233922738722,87.39218225698775,84.91741771258694,88.21710377178803,83.2675746829864,89.86694680138856,82.44265316818613,-0.00774419673659039,-39.44444678995565,1.5003678594586773,1.769706922454108,-0.26933906299543064,65.79610962677847,45.36964906142312,84.22118530273437,84.16178894042969,,,BIRLACABLE.BO,2023-08-21 22:00:56.791212
461,2021-09-17 00:00:00+05:30,85.13189473304357,85.13189473304357,81.17227172220433,82.45915222167969,6405,0.0,0.0,2021-09-17,,,,,,,-113.92081007334197,,-39691,6983.462304059248,11350.90356252404,83.6477287765235,28.026579998972423,82.92110622564253,84.66994072908074,80.7103177182415,86.88072923648177,78.9614832148033,88.62956373991997,76.75069470740226,,-85.55552934912338,1.3819445285107435,1.8370416882029654,-0.455097159692222,59.613614265207175,47.1531177963537,83.57774505615234,,,,BIRLACABLE.BO,2023-08-21 22:00:56.791212
462,2021-09-16 00:00:00+05:30,85.9238247583632,85.9238247583632,83.0530964847706,83.20158386230469,18853,0.0,0.0,2021-09-16,,,,,,,-47.16818078523573,,-33286,20740.76902188661,12442.763877140236,83.6936251582307,33.35403418055404,84.05950170181283,85.06590691885506,82.19517864526247,86.93022997540542,81.18877342822024,87.93663519244765,79.32445037166988,,-82.038749901119,1.6139746707787452,1.9508159781260208,-0.3368413073472756,61.471272033419474,49.73302935531454,83.89451446533204,,,,BIRLACABLE.BO,2023-08-21 22:00:56.791212
463,2021-09-15 00:00:00+05:30,82.70662857028222,86.12180039247967,82.70662857028222,85.67634582519531,8900,0.0,0.0,2021-09-15,,,,,,,23.63878151091249,,-14433,10082.395641683323,10368.262590953642,83.7567229942095,44.069852004098934,84.83492492931907,86.96322128835592,83.54804946615847,88.25009675151652,81.41975310712162,90.37839311055338,80.13287764396102,,-52.192986196351654,1.813471135730353,2.0350263049628396,-0.22155516923248664,68.04307839948818,51.1589923307168,84.2904769897461,,,,BIRLACABLE.BO,2023-08-21 22:00:56.791212
464,2021-09-14 00:00:00+05:30,83.20158386230469,84.14199133271765,82.26116883950998,83.20158386230469,13426,0.0,0.0,2021-09-14,,,,,,,-105.51348252851753,,-23333,14770.35829246537,10439.72932827122,83.63302610537052,41.70182240888676,83.2015813448441,84.14199385017822,82.26117135697055,85.08240383805177,81.32075885163643,86.0228163433859,80.38034886376288,,-74.12278866167428,1.7976836720014262,2.090415097270961,-0.292731425269535,64.52099795791528,52.69464476576538,83.84501953125,,,,BIRLACABLE.BO,2023-08-21 22:00:56.791212
465,2021-09-13 00:00:00+05:30,85.03290378300296,85.03290378300296,82.21167396080519,83.35005950927734,5121,0.0,0.0,2021-09-13,,,,,,,-96.99109445025974,,-9907,5643.824282761974,9357.072087222683,83.67948129103269,43.429826763210784,83.5315457510285,84.85141754125182,82.03018771905404,86.35277557322628,80.71031592883072,87.6726473634496,79.20895789685626,,-41.708581471611225,1.9939598599058854,2.163597953588345,-0.16963809368245952,64.92450638792101,55.213242242617916,84.2904769897461,,,,BIRLACABLE.BO,2023-08-21 22:00:56.791212
466,2021-09-09 00:00:00+05:30,82.65712971399297,85.62684694922625,82.16217684145408,84.04299926757812,13360,0.0,0.0,2021-09-09,,,,,,,-86.41975735403443,,-4786,14846.387600377608,10285.384038337861,83.69358992149492,45.50419017752581,83.94400768608615,85.72583853071822,82.26116842294606,87.40867779385832,80.47933757831399,89.19050863849039,78.79649831517389,,-38.19096476334169,2.2004187434316123,2.20600747700896,-0.005588733577347682,,57.92557798692064,84.92401885986328,,,,BIRLACABLE.BO,2023-08-21 22:00:56.791212
467,2021-09-08 00:00:00+05:30,83.5480504159132,86.61675686286401,82.162180795631,85.181396484375,10584,0.0,0.0,2021-09-08,,,,,,,-55.109829216350214,,8574,11920.854318519716,9145.133147827924,83.64963823273047,,84.65344471429,87.144708632949,82.690132565716,89.10802078152301,80.198868647057,91.59928470018201,78.23555649848299,,,2.3631649326064093,2.2074046604032964,0.15576027220311284,,60.846554942323586,85.31998138427734,,,,BIRLACABLE.BO,2023-08-21 22:00:56.791212
468,2021-09-07 00:00:00+05:30,85.42887005138061,87.01271775583692,82.85510903520985,83.44905853271484,7762,0.0,0.0,2021-09-07,,,,,,,-52.303923179881124,,-2010,8564.6155583609,8451.202855154976,83.4801013982356,,84.4389617745872,86.02281451396455,81.86520579333748,88.59657049521427,80.28135305396013,90.18042323459161,77.70759707271041,,,2.423608965083446,2.1684645923525183,0.2551443727309275,,63.99222002175628,84.9537139892578,,,,BIRLACABLE.BO,2023-08-21 22:00:56.791212
469,2021-09-06 00:00:00+05:30,85.6268492882562,87.60666083249333,83.25107392469529,85.42887115478516,8374,0.0,0.0,2021-09-06,,,,,,,25.801411159711417,,5752,9459.113093975897,8422.849679353494,83.48284375827126,,85.42886863732458,87.60666334995388,83.25107644215583,89.78445554512263,81.07328172952654,91.96225025775192,78.8954895343578,,,2.6348833357655224,2.104678499169786,0.5302048365957361,,66.97011343358612,85.28038177490234,,,,BIRLACABLE.BO,2023-08-21 22:00:56.791212
470,2021-09-03 00:00:00+05:30,90.0814282470733,90.0814282470733,84.14199341759594,86.51776885986328,6341,0.0,0.0,2021-09-03,,,,,,,71.21665514082261,,14126,7253.971719948855,8163.783825697892,83.27783641875173,,86.91373017484416,89.68546693209238,83.74603210261502,92.85316500432153,80.9742953453668,95.62490176156975,77.80659727313765,,,2.6704745318778293,1.9721272900208517,0.6983472418569776,,69.94452161463221,85.53775634765626,,,,BIRLACABLE.BO,2023-08-21 22:00:56.791212
471,2021-09-02 00:00:00+05:30,83.99350206458415,86.61675383403407,82.40965436209528,86.02281188964844,3561,0.0,0.0,2021-09-02,,,,,,,,,7785,4050.404547122723,8391.236852135151,82.99697937888668,,85.01640669525926,87.62315902842325,83.41605955648446,89.22350616719805,80.80930722332047,91.83025850036204,79.20896008454567,,,2.5683403872809265,1.7975404795566075,0.7707999077243191,,72.62371503807587,85.6565444946289,,,,BIRLACABLE.BO,2023-08-21 22:00:56.791212
472,2021-09-01 00:00:00+05:30,85.32987097080299,85.62684571098438,81.37024804775169,83.35005950927734,9408,0.0,0.0,2021-09-01,,,,,,,,,4224,10368.502021524047,9476.444928388257,82.84213961382916,,83.4490510893378,85.52785413092391,81.27125646769122,87.7056487525705,79.1924534261051,89.78445179415661,77.01465880445852,,,2.447409246382108,1.6048405026255272,0.8425687437565808,,76.69295492799523,85.95351715087891,,,,BIRLACABLE.BO,2023-08-21 22:00:56.791212
473,2021-08-31 00:00:00+05:30,84.24097907136023,88.10161306443541,82.80561873339792,85.0823974609375,10254,0.0,0.0,2021-08-31,,,,,,,,,13632,11535.74974139543,9253.430655104308,82.76273598510905,,85.32987641959028,87.85413410578263,82.55813977474514,90.62587075062777,80.03388208855279,93.15012843682013,77.26214544370765,,,2.5187243951711906,1.3941983166863818,1.1245260784848088,,81.48993432756625,85.95351715087891,,,,BIRLACABLE.BO,2023-08-21 22:00:56.791212
474,2021-08-30 00:00:00+05:30,88.89354124591827,89.98243608340921,86.12180206650342,86.71574401855469,6136,0.0,0.0,2021-08-30,,,,,,,,,23886,7035.518337570606,8682.850883531526,82.28631470615329,,87.60666072282244,89.09151937914146,85.23088536223567,91.46729473972823,83.74602670591665,92.95215339604725,81.37025134532988,,,2.4012578647426324,1.1130667970651795,1.2881910676774528,,85.78156567720814,84.81512603759765,,,,BIRLACABLE.BO,2023-08-21 22:00:56.791212
475,2021-08-27 00:00:00+05:30,91.56628565354781,91.56628565354781,83.64703932675448,87.11170959472656,6884,0.0,0.0,2021-08-27,,,,,,,,,30022,7929.214972372133,9094.684020021754,81.66564838368481,,87.44167819167627,91.23631705659807,83.31707072980474,95.3609245184696,79.52243186488295,99.1555633833914,75.39782440301141,,,2.05362252670524,0.7910190301458164,1.2626034965594237,,87.78203409408789,82.59773712158203,,,,BIRLACABLE.BO,2023-08-21 22:00:56.791212
476,2021-08-26 00:00:00+05:30,86.12180552552849,87.50767517089844,80.28135973228636,87.50767517089844,9926,0.0,0.0,2021-08-26,,,,,,,,,36906,11485.058472373847,9386.051281934158,80.64980582754728,,85.09890335802775,89.91644698376915,82.69013154515707,92.32521879663983,77.87258791941568,97.14276242238122,75.463816106545,,,1.5384318473721805,0.4753681560059604,1.0630636913662201,,89.93638469688148,,,,,BIRLACABLE.BO,2023-08-21 22:00:56.791212
477,2021-08-25 00:00:00+05:30,82.50864114860521,83.35005950927734,82.16217565331449,83.35005950927734,4114,0.0,0.0,2021-08-25,,,,,,,,,26980,4534.015446061856,8861.299484324236,78.12678095348859,,82.9540982239564,83.7460207945983,82.55813693863544,84.14198207991925,81.76621436799354,84.93390465056115,81.37025308267259,,,0.8165254762186578,0.20960223316440535,0.6069232430542524,,93.49638831398966,,,,,BIRLACABLE.BO,2023-08-21 22:00:56.791212
478,2021-08-24 00:00:00+05:30,75.62880439754592,79.39044189453125,71.86715934817872,79.39044189453125,9472,0.0,0.0,2021-08-24,,,,,,,,,22866,9943.12049388983,9943.12049388983,77.18702026169663,,76.88268104574708,81.89820274331544,74.3749201969629,84.40596359209961,69.35939849939454,89.42148528966797,66.85163765061037,,,0.2893571120042111,0.057871422400842226,0.23148568960336888,,100.0,,,,,BIRLACABLE.BO,2023-08-21 22:00:56.791212
479,2021-08-23 00:00:00+05:30,79.19245856335108,81.61772458590116,75.43081376063935,75.62879943847656,13394,0.0,0.0,2021-08-23,,,,,,,,,13394,,,75.62879943847656,,77.55911259500569,79.68741142937202,73.50050060411021,83.74602342026749,71.37220176974388,85.87432225463382,67.31358977884841,,,0.0,0.0,0.0,,,,,,,BIRLACABLE.BO,2023-08-21 22:00:56.791212
>>>>>>> Stashed changes
