<<<<<<< Updated upstream
Trading Day,Date,Open,High,Low,Close,Volume,Dividends,Stock Splits,date_only,Close_ema_12,Close_ema_26,rsi,ADX,Close_ema_20,sma_20,Close_ema_5,macd,macd_ema_9,RollingMean,RollingStd,UpperBand1,LowerBand1,UpperBand2,LowerBand2,symbol,created_on
1,2023-08-21 00:00:00+05:30,90.73999786376953,90.73999786376953,89.2300033569336,89.88999938964844,83975,0.0,0.0,2023-08-21,90.62924454694208,90.99920643880814,44.54677268721525,20.278926545878313,90.90983796794734,91.3395004272461,90.10688446708966,-0.369961891866069,-0.12512953967332469,91.3395004272461,1.7551975786168612,93.09469800586295,89.58430284862924,94.84989558447981,87.82910527001238,DWARKESH.BO,2023-08-21 12:31:11.893573
2,2023-08-18 00:00:00+05:30,90.54000091552734,90.8499984741211,89.5,89.70999908447266,71484,0.0,0.0,2023-08-18,90.7636527573591,91.08794300274091,43.62782471893616,20.872762330725095,91.01718939724196,91.34600028991699,90.21532700581025,-0.3242902453818175,-0.0639214516251386,91.34600028991699,1.7497795992614604,93.09577988917844,89.59622069065553,94.8455594884399,87.84644109139407,DWARKESH.BO,2023-08-21 12:31:11.893573
3,2023-08-17 00:00:00+05:30,90.06999969482422,91.9000015258789,90.05000305175781,90.4800033569336,122656,0.0,0.0,2023-08-17,90.95522615242935,91.19817851620238,46.702033986858304,21.322621308495805,91.15478837753348,91.37150039672852,90.46799096647905,-0.24295236377302842,0.0011707468140311275,91.37150039672852,1.7282667484863394,93.09976714521486,89.64323364824219,94.8280338937012,87.91496689975584,DWARKESH.BO,2023-08-21 12:31:11.893573
4,2023-08-16 00:00:00+05:30,89.0,90.75,89.0,90.06999969482422,52500,0.0,0.0,2023-08-16,91.04163029706494,91.25563252894388,44.77810231978621,21.424632068956896,91.22581837970189,91.35950012207032,90.46198477125176,-0.2140022318789363,0.062201524460796014,91.35950012207032,1.7356003663655966,93.09510048843592,89.62389975570471,94.8307008548015,87.88829938933912,DWARKESH.BO,2023-08-21 12:31:11.893573
5,2023-08-14 00:00:00+05:30,90.0,90.5999984741211,89.0999984741211,89.81999969482422,108736,0.0,0.0,2023-08-14,91.21829040656326,91.35048315567346,43.62589633751097,22.09827367586893,91.34748350442585,91.35450019836426,90.65797730946552,-0.13219274911020307,0.1312524635457291,91.35450019836426,1.7396499929754614,93.09415019133972,89.6148502053888,94.83380018431518,87.87520021241335,DWARKESH.BO,2023-08-21 12:31:11.893573
6,2023-08-11 00:00:00+05:30,90.56999969482422,91.37000274658203,90.05000305175781,90.19999694824219,53433,0.0,0.0,2023-08-11,91.4725250814249,91.4729218325414,44.949640085839825,22.899110868334503,91.5082712738576,91.39000015258789,91.07696611678617,-0.0003967511164972848,0.1971137667097121,91.39000015258789,1.7137396123960604,93.10373976498394,89.67626054019183,94.81747937738001,87.96252092779577,DWARKESH.BO,2023-08-21 12:31:11.893573
7,2023-08-10 00:00:00+05:30,91.56999969482422,93.13999938964844,90.8499984741211,91.06999969482422,141315,0.0,0.0,2023-08-10,91.70389383291267,91.57475582328533,48.04917449763381,23.154593913797857,91.64598436076449,91.396000289917,91.51545070105814,0.12913800962734,0.24649139616626445,91.396000289917,1.7095588695874089,93.10555915950441,89.68644142032959,94.81511802909182,87.97688255074218,DWARKESH.BO,2023-08-21 12:31:11.893573
8,2023-08-09 00:00:00+05:30,90.9800033569336,92.94999694824219,90.69999694824219,92.22000122070312,167503,0.0,0.0,2023-08-09,91.81914731256512,91.61513631356222,52.49197778359718,22.89187935996868,91.7066143256003,91.43400039672852,91.73817620417509,0.20401099900290376,0.27582974280099554,91.43400039672852,1.71037761036115,93.14437800708967,89.72362278636737,94.85475561745082,88.01324517600622,DWARKESH.BO,2023-08-21 12:31:11.893573
9,2023-08-08 00:00:00+05:30,91.36000061035156,91.52999877929688,90.2699966430664,90.9800033569336,70506,0.0,0.0,2023-08-08,91.74626478381275,91.56674712099095,47.64503136382978,22.6827479014114,91.65257359980001,91.54700050354003,91.49726369591107,0.1795176628217945,0.29378442875051847,91.54700050354003,1.8351451410543134,93.38214564459435,89.71185536248572,95.21729078564866,87.87671022143141,DWARKESH.BO,2023-08-21 12:31:11.893573
10,2023-08-07 00:00:00+05:30,91.61000061035156,92.33999633789062,90.80000305175781,90.9800033569336,65601,0.0,0.0,2023-08-07,91.88558504324531,91.61368662211554,47.64503136382977,23.028040205798266,91.72337046747015,91.58250045776367,91.7558938653998,0.2718984211297766,0.3223511202326994,91.58250045776367,1.8304608988325957,93.41296135659627,89.75203955893107,95.24342225542887,87.92157866009848,DWARKESH.BO,2023-08-21 12:31:11.893573
11,2023-08-04 00:00:00+05:30,91.70999908447266,93.19999694824219,90.94000244140625,91.26000213623047,148464,0.0,0.0,2023-08-04,92.05023625893836,91.6643812833301,48.610636472670144,23.074484966628845,91.8016196370003,91.65850028991699,92.1438391196329,0.3858549756082539,0.3349642950084301,91.65850028991699,1.8356762428783806,93.49417653279536,89.82282404703861,95.32985277567374,87.98714780416023,DWARKESH.BO,2023-08-21 12:31:11.893573
12,2023-08-03 00:00:00+05:30,90.51000213623047,92.0,90.1500015258789,91.23999786376953,212112,0.0,0.0,2023-08-03,92.19391519033978,91.69673161509807,48.541465061470724,23.04109762982396,91.8586320055024,91.70950012207031,92.5857576113341,0.4971835752417064,0.3222416248584742,91.70950012207031,1.8381895847603893,93.5476897068307,89.87131053730992,95.3858792915911,88.03312095254952,DWARKESH.BO,2023-08-21 12:31:11.893573
13,2023-07-28 00:00:00+05:30,93.05999755859375,93.7699966430664,92.26000213623047,92.44000244140625,118179,0.0,0.0,2023-07-28,92.36735470426164,91.73327031520435,52.476854927561966,23.451365473513356,91.9237513888427,91.73350028991699,93.25863748511638,0.6340843890572927,0.2785061372626661,91.73350028991699,1.8348674953206219,93.56836778523761,89.89863279459637,95.40323528055823,88.06376529927574,DWARKESH.BO,2023-08-21 12:31:11.893573
14,2023-07-26 00:00:00+05:30,95.75,95.75,93.76000213623047,94.68000030517578,87519,0.0,0.0,2023-07-26,92.3541460247808,91.6767317451082,61.05694949129698,22.613605856813997,91.86940917278338,91.6685001373291,93.66795500697144,0.6774142796726039,0.18961157431400943,91.6685001373291,1.8315457005969946,93.5000458379261,89.83695443673211,95.3315915385231,88.00540873613511,DWARKESH.BO,2023-08-21 12:31:11.893573
15,2023-07-24 00:00:00+05:30,94.8499984741211,99.69999694824219,94.45999908447266,96.12999725341797,632656,0.0,0.0,2023-07-24,91.93126342834535,91.4364702603028,67.71155582329612,20.648159049649735,91.57355747463681,91.48800010681153,93.16193235786926,0.49479316804254836,0.06766089797436081,91.48800010681153,1.6916839587964239,93.17968406560794,89.79631614801511,94.87136802440438,88.10463218921868,DWARKESH.BO,2023-08-21 12:31:11.893573
16,2023-07-21 00:00:00+05:30,91.98999786376953,95.30000305175781,90.94999694824219,93.94999694824219,425211,0.0,0.0,2023-07-21,91.16785727833215,91.06098810085359,61.916967327906065,17.999670252332315,91.0939322347651,91.27300033569335,91.6778999100949,0.10686917747855773,-0.03912216954268608,91.27300033569335,1.2981449791549888,92.57114531484834,89.97485535653837,93.86929029400333,88.67671037738337,DWARKESH.BO,2023-08-21 12:31:11.893573
17,2023-07-20 00:00:00+05:30,91.0199966430664,92.88999938964844,91.0199966430664,91.31999969482422,229368,0.0,0.0,2023-07-20,90.66201370198486,90.8298673930625,52.33403442452181,16.440945715734014,90.79329384387279,91.19400062561036,90.54185139102124,-0.1678536910776387,-0.07562000629799703,91.19400062561036,1.168235549726146,92.3622361753365,90.02576507588421,93.53047172506265,88.85752952615806,DWARKESH.BO,2023-08-21 12:31:11.893573
18,2023-07-19 00:00:00+05:30,90.25,90.62000274658203,89.76000213623047,89.88999938964844,48811,0.0,0.0,2023-07-19,90.54237988510498,90.79065680892155,45.396905173628696,15.879074794113615,90.73785112272,91.27750053405762,90.15277723911974,-0.24827692381657585,-0.052561585103086596,91.27750053405762,1.2354627795422948,92.51296331359991,90.04203775451533,93.74842609314221,88.80657497497303,DWARKESH.BO,2023-08-21 12:31:11.893573
19,2023-07-17 00:00:00+05:30,90.05999755859375,91.3499984741211,90.05000305175781,90.2300033569336,100011,0.0,0.0,2023-07-17,90.66099452064253,90.8627094024634,46.903996018926485,16.792795161900774,90.82709867356964,91.28300056457519,90.28416616385539,-0.2017148818208625,-0.0036327504247142817,91.28300056457519,1.2291897308715174,92.5121902954467,90.05381083370368,93.74138002631823,88.82462110283215,DWARKESH.BO,2023-08-21 12:31:11.893573
20,2023-07-14 00:00:00+05:30,89.01000213623047,91.16000366210938,89.01000213623047,90.2300033569336,46425,0.0,0.0,2023-07-14,90.73935655040779,90.91332588610578,46.903996018926485,17.523281751159857,90.8899508121629,91.36600036621094,90.31124756731627,-0.1739693356979899,0.04588778242432277,91.36600036621094,1.2102436815962034,92.57624404780714,90.15575668461474,93.78648772940335,88.94551300301853,DWARKESH.BO,2023-08-21 12:31:11.893573
21,2023-07-10 00:00:00+05:30,90.2300033569336,90.75,89.80000305175781,90.0199966430664,76151,0.0,0.0,2023-07-10,90.83196622194855,90.96799168843955,45.94835874331976,18.45013901567017,90.95941896534492,91.3185001373291,90.3518696725076,-0.1360254664910059,0.10085206195490093,91.3185001373291,1.2741332159689418,92.59263335329804,90.04436692136015,93.86676656926699,88.7702337053912,DWARKESH.BO,2023-08-21 12:31:11.893573
22,2023-07-07 00:00:00+05:30,90.0999984741211,91.75,89.80000305175781,90.22000122070312,166370,0.0,0.0,2023-07-07,90.97959705447258,91.0438312920694,46.69154123823313,18.781923150620905,91.05830552558477,91.3245002746582,90.51780618722819,-0.06423423759682123,0.1600714440663776,91.3245002746582,1.2679641005084086,92.59246437516661,90.0565361741498,93.86042847567502,88.78857207364139,DWARKESH.BO,2023-08-21 12:31:11.893573
23,2023-06-30 00:00:00+05:30,90.16999816894531,92.08000183105469,90.08999633789062,90.23999786376953,42002,0.0,0.0,2023-06-30,91.11770538788521,91.1097376977787,46.76177270711126,19.139229142106313,91.14654808399337,91.29400024414062,90.66670867049072,0.007967690106511327,0.2161478644821773,91.29400024414062,1.3027887526151962,92.59678899675582,89.99121149152542,93.899577749371,88.68842273891023,DWARKESH.BO,2023-08-21 12:31:11.893573
24,2023-06-28 00:00:00+05:30,90.98999786376953,90.98999786376953,89.5,89.97000122070312,74539,0.0,0.0,2023-06-28,91.27728857408806,91.17931688449943,45.738636798155326,19.289691358959278,91.24197442296429,91.22050018310547,90.88006407385132,0.09797168958863267,0.26819290807609375,91.22050018310547,1.4029956695329733,92.62349585263844,89.8175045135725,94.02649152217141,88.41450884403953,DWARKESH.BO,2023-08-21 12:31:11.893573
25,2023-06-27 00:00:00+05:30,90.31999969482422,91.33999633789062,90.30000305175781,90.52999877929688,14762,0.0,0.0,2023-06-27,91.51497718379441,91.27606213760313,47.496608671150966,20.10612179000718,91.37586633899178,91.19050025939941,91.33509550042541,0.23891504619128057,0.310748212697959,91.19050025939941,1.4371414120252475,92.62764167142466,89.75335884737417,94.06478308344991,88.31621743534892,DWARKESH.BO,2023-08-21 12:31:11.893573
26,2023-06-26 00:00:00+05:30,90.05000305175781,91.9000015258789,89.81999969482422,90.31999969482422,40434,0.0,0.0,2023-06-26,91.69406416643032,91.33574720626764,46.7843883711901,20.356059286494148,91.46490502948599,91.09850044250489,91.73764386098966,0.3583169601626821,0.32870650432462856,91.09850044250489,1.5370696852914896,92.63557012779637,89.5614307572134,94.17263981308787,88.0243610719219,DWARKESH.BO,2023-08-21 12:31:11.893573
27,2023-06-23 00:00:00+05:30,94.30999755859375,94.8499984741211,91.5999984741211,91.83000183105469,63865,0.0,0.0,2023-06-23,91.94389407035871,91.41700700718312,51.44382268025521,20.625222744249342,91.58542138050302,91.05100059509277,92.44646594407237,0.5268870631755931,0.3213038903651152,91.05100059509277,1.5765651753764804,92.62756577046926,89.47443541971629,94.20413094584573,87.89787024433981,DWARKESH.BO,2023-08-21 12:31:11.893573
28,2023-06-22 00:00:00+05:30,90.55999755859375,95.62999725341797,90.55999755859375,94.4800033569336,273553,0.0,0.0,2023-06-22,91.96460175023216,91.3839674212734,61.41073877801133,19.397788548530922,91.55967606991864,90.91500053405761,92.75469800058121,0.5806343289587659,0.2699080971624957,90.91500053405761,1.6224788535657448,92.53747938762335,89.29252168049187,94.1599582411891,87.67004282692612,DWARKESH.BO,2023-08-21 12:31:11.893573
29,2023-06-21 00:00:00+05:30,92.05999755859375,93.41999816894531,91.5999984741211,91.69000244140625,62661,0.0,0.0,2023-06-21,91.50725600355918,91.13628454642057,52.393656266365056,18.07593633775724,91.25227319760127,90.66050033569336,91.89204532240502,0.3709714571386087,0.1922265392134281,90.66050033569336,1.4204760380550052,92.08097637374836,89.24002429763836,93.50145241180337,87.81954825958334,DWARKESH.BO,2023-08-21 12:31:11.893573
30,2023-06-20 00:00:00+05:30,92.0,93.5,91.0,92.5,160691,0.0,0.0,2023-06-20,91.47402937849607,91.09198711482172,55.91600063122835,17.728354247985713,91.20619643509549,90.52700004577636,91.9930667629044,0.3820422636743501,0.14754030973213295,90.52700004577636,1.4439022884052815,91.97090233418164,89.08309775737108,93.41480462258693,87.6391954689658,DWARKESH.BO,2023-08-21 12:31:11.893573
31,2023-06-19 00:00:00+05:30,92.01000213623047,93.19999694824219,91.3499984741211,92.27999877929688,55316,0.0,0.0,2023-06-19,91.28748926549537,90.97934608400746,55.15565016464725,17.354035074385607,91.07000658615817,90.39000015258789,91.7396001443566,0.30814318148790676,0.08891482124657867,90.39000015258789,1.375201422758578,91.76520157534647,89.01479872982931,93.14040299810505,87.63959730707073,DWARKESH.BO,2023-08-21 12:31:11.893573
32,2023-06-16 00:00:00+05:30,91.13999938964844,93.56999969482422,91.13999938964844,91.72000122070312,572500,0.0,0.0,2023-06-16,91.10703299025872,90.87529386838432,53.249762434138944,16.658078416390993,90.94263898688041,90.3560001373291,91.46940082688646,0.23173912187439782,0.03410773118624663,90.3560001373291,1.3337971363620926,91.6897972736912,89.02220300096701,93.02359441005329,87.68840586460492,DWARKESH.BO,2023-08-21 12:31:11.893573
33,2023-06-15 00:00:00+05:30,91.94000244140625,92.02999877929688,90.73999786376953,91.13999938964844,26950,0.0,0.0,2023-06-15,90.995584221087,90.80771728019882,51.25747072952331,15.90858663085833,90.86081138332011,90.23950004577637,91.34410062997812,0.18786694088818479,-0.015300116485791174,90.23950004577637,1.309931582802091,91.54943162857846,88.92956846297427,92.85936321138055,87.61963688017218,DWARKESH.BO,2023-08-21 12:31:11.893573
34,2023-06-14 00:00:00+05:30,91.16000366210938,92.41999816894531,90.80000305175781,91.06999969482422,319037,0.0,0.0,2023-06-14,90.9693269177122,90.78113471144286,51.02356457937939,15.857506210143677,90.83142317212764,90.18300018310546,91.44615125014295,0.18819220626933486,-0.06609188082928516,90.18300018310546,1.2933111282237628,91.47631131132923,88.8896890548817,92.76962243955299,87.59637792665794,DWARKESH.BO,2023-08-21 12:31:11.893573
35,2023-06-13 00:00:00+05:30,93.33999633789062,93.33999633789062,91.58999633789062,91.83000183105469,33324,0.0,0.0,2023-06-13,90.95102277641911,90.75802551277235,53.61757437389425,15.75895806785214,90.80630985394906,90.1435001373291,91.63422702780231,0.19299726364675962,-0.12966290260394017,90.1435001373291,1.2767527752880354,91.42025291261713,88.86674736204107,92.69700568790518,87.58999458675302,DWARKESH.BO,2023-08-21 12:31:11.893573
36,2023-06-12 00:00:00+05:30,93.88999938964844,95.54000091552734,92.19999694824219,92.37000274658203,1082517,0.0,0.0,2023-06-12,90.791208402849,90.67226740730977,55.478464503866995,15.084236256614927,90.69855280372741,90.08650016784668,91.53633962617612,0.11894099553921933,-0.2103279441666151,90.08650016784668,1.2217599947338915,91.30826016258057,88.86474017311279,92.53002015731447,87.64298017837889,DWARKESH.BO,2023-08-21 12:31:11.893573
37,2023-06-09 00:00:00+05:30,90.20999908447266,94.55000305175781,90.20999908447266,92.98999786376953,208696,0.0,0.0,2023-06-09,90.50415488580663,90.53644858016798,57.61016371889907,13.90366420676132,90.52261070447956,90.10900001525879,91.11950806597315,-0.032293694361356984,-0.2926451790930737,90.10900001525879,1.2692468339455438,91.37824684920433,88.83975318131324,92.64749368314988,87.5705063473677,DWARKESH.BO,2023-08-21 12:31:11.893573
38,2023-06-08 00:00:00+05:30,92.9000015258789,92.9000015258789,89.8499984741211,90.0,132776,0.0,0.0,2023-06-08,90.05218343526792,90.34016463747986,48.80043391712322,13.043846376732663,90.26288574034378,90.09900016784668,90.18426316707495,-0.2879812022119381,-0.3577330502760029,90.09900016784668,1.2459276879685608,91.34492785581524,88.85307247987812,92.5908555437838,87.60714479190956,DWARKESH.BO,2023-08-21 12:31:11.893573
39,2023-06-07 00:00:00+05:30,89.01000213623047,92.5999984741211,89.01000213623047,91.88999938964844,78846,0.0,0.0,2023-06-07,90.06167133258937,90.36737780847824,55.580416509937535,12.89650152550809,90.29055792353786,90.22400016784668,90.27639475061241,-0.30570647588886857,-0.37517101229201905,90.22400016784668,1.3560173774319881,91.58001754527866,88.8679827904147,92.93603492271066,87.5119654129827,DWARKESH.BO,2023-08-21 12:31:11.893573
40,2023-06-06 00:00:00+05:30,90.0999984741211,90.0999984741211,88.9000015258789,89.27999877929688,53265,0.0,0.0,2023-06-06,89.72924804948772,90.24556808198463,45.95136134761836,12.890521293954306,90.12219566394727,90.3935001373291,89.46959243109438,-0.5163200324969068,-0.3925371463928066,90.3935001373291,1.7343259450364292,92.12782608236553,88.65917419229267,93.86215202740196,86.92484824725624,DWARKESH.BO,2023-08-21 12:31:11.893573
41,2023-06-05 00:00:00+05:30,90.01000213623047,91.16000366210938,89.37000274658203,90.13999938964844,128090,0.0,0.0,2023-06-05,89.81092973497697,90.32281362619965,49.215626841370955,13.404396054699085,90.21084796759467,90.63000030517578,89.56438925699314,-0.5118838912226806,-0.36159142486678153,90.63000030517578,1.8900069344733572,92.52000723964915,88.73999337070242,94.4100141741225,86.84998643622907,DWARKESH.BO,2023-08-21 12:31:11.893573
42,2023-06-02 00:00:00+05:30,88.51000213623047,90.75,88.51000213623047,89.61000061035156,89828,0.0,0.0,2023-06-02,89.75109888867307,90.33743876512374,47.06366948964609,14.246555184053394,90.21830571264165,90.87800025939941,89.27658419066547,-0.5863398764506655,-0.32401830827780675,90.87800025939941,2.132222724887998,93.01022298428741,88.74577753451142,95.1424457091754,86.61355480962342,DWARKESH.BO,2023-08-21 12:31:11.893573
43,2023-06-01 00:00:00+05:30,89.05999755859375,90.0,88.69999694824219,88.7699966430664,30656,0.0,0.0,2023-06-01,89.77675312109515,90.39563381750551,43.54287171782203,14.889418681127033,90.28233782867218,91.10750007629395,89.10987598082242,-0.6188806964103577,-0.258437916234592,91.10750007629395,2.2331890908419036,93.34068916713585,88.87431098545204,95.57387825797775,86.64112189461014,DWARKESH.BO,2023-08-21 12:31:11.893573
44,2023-05-31 00:00:00+05:30,88.01000213623047,89.80000305175781,88.01000213623047,89.37000274658203,49726,0.0,0.0,2023-05-31,89.95979975346401,90.52568479146065,45.55235967307821,15.09016701499378,90.44153163768331,91.2560001373291,89.27981564970042,-0.5658850379966367,-0.16832722119065058,91.2560001373291,2.1673488848179643,93.42334902214706,89.08865125251113,95.59069790696502,86.92130236769317,DWARKESH.BO,2023-08-21 12:31:11.893573
45,2023-05-30 00:00:00+05:30,89.0,89.37999725341797,88.5999984741211,88.69000244140625,15779,0.0,0.0,2023-05-30,90.06703557289708,90.61813935505094,42.77301650626048,15.175334607755696,90.55432415253608,91.37000007629395,89.23472210125962,-0.5511037821538594,-0.06893776698915403,91.37000007629395,2.1224235625255075,93.49242363881946,89.24757651376844,95.61484720134496,87.12515295124294,DWARKESH.BO,2023-08-21 12:31:11.893573
46,2023-05-26 00:00:00+05:30,89.01000213623047,90.5999984741211,89.01000213623047,89.37000274658203,65059,0.0,0.0,2023-05-26,90.31740523316816,90.77239030814252,44.901340459169035,15.553936550705947,90.75056854318133,91.56650009155274,89.50708193118629,-0.4549850749743598,0.05160373680202231,91.56650009155274,2.0416302571241864,93.60813034867692,89.52486983442856,95.6497606058011,87.48323957730437,DWARKESH.BO,2023-08-21 12:31:11.893573
47,2023-05-25 00:00:00+05:30,88.55999755859375,89.68000030517578,88.5,89.11000061035156,26105,0.0,0.0,2023-05-25,90.48966023072926,90.88458131306736,43.91044090858085,16.16036983390664,90.89589125861283,91.80449981689453,89.57562152348842,-0.39492108233810086,0.17825093974611783,91.80449981689453,2.0495296990242413,93.85402951591878,89.75497011787029,95.90355921494302,87.70544041884605,DWARKESH.BO,2023-08-21 12:31:11.893573
48,2023-05-24 00:00:00+05:30,89.0199966430664,90.5,88.5,89.38999938964844,16828,0.0,0.0,2023-05-24,90.74050743443429,91.02654776928462,44.714592404970425,16.28504515492824,91.0838797479035,92.04899978637695,89.80843198005684,-0.28604033485032687,0.3215439452671725,92.04899978637695,2.0023033859044177,94.05130317228137,90.04669640047254,96.05360655818579,88.04439301456812,DWARKESH.BO,2023-08-21 12:31:11.893573
49,2023-05-23 00:00:00+05:30,88.61000061035156,90.19999694824219,88.61000061035156,89.0199966430664,24773,0.0,0.0,2023-05-23,90.98605435166809,91.15747163965551,43.44369613503045,16.419310885259197,91.26218294350929,92.20599975585938,90.01764827526102,-0.17141728798742406,0.4734400152965473,92.20599975585938,1.9035044585118974,94.10950421437128,90.30249529734748,96.01300867288317,88.39899083883559,DWARKESH.BO,2023-08-21 12:31:11.893573
50,2023-05-22 00:00:00+05:30,91.80000305175781,91.80000305175781,89.66000366210938,89.76000213623047,23677,0.0,0.0,2023-05-22,91.34351938959567,91.32846963938265,45.381098874010966,16.40296674061407,91.49820255408223,92.42550010681153,90.51647409135833,0.015049750213023572,0.63465434111754,92.42550010681153,1.7648416767829944,94.19034178359452,90.66065843002853,95.95518346037751,88.89581675324554,DWARKESH.BO,2023-08-21 12:31:11.893573
51,2023-05-19 00:00:00+05:30,89.01000213623047,92.2699966430664,87.75,91.5999984741211,132743,0.0,0.0,2023-05-19,91.63143161748026,91.45394703963483,50.59017552563304,16.790092489230585,91.68117101911926,92.70849990844727,90.89471006892225,0.17748457784543348,0.7895554888436691,92.70849990844727,1.768719700451304,94.47721960889857,90.93978020799597,96.24593930934988,89.17106050754465,DWARKESH.BO,2023-08-21 12:31:11.893573
52,2023-05-17 00:00:00+05:30,89.80000305175781,90.7699966430664,89.06999969482422,89.38999938964844,41187,0.0,0.0,2023-05-17,91.63714673445465,91.44226292487592,43.33610197238327,17.206997141586832,91.68971549754013,92.96049995422364,90.54206586632282,0.19488380957872664,0.9425732165932279,92.96049995422364,1.9520144854386134,94.91251443966225,91.00848546878503,96.86452892510086,89.05647098334641,DWARKESH.BO,2023-08-21 12:31:11.893573
53,2023-05-16 00:00:00+05:30,90.58999633789062,91.5999984741211,89.80000305175781,90.01000213623047,34328,0.0,0.0,2023-05-16,92.04571897896486,91.60644400769411,45.05943461489084,16.933852645512495,91.9317908773182,93.16399993896485,91.11809910465999,0.43927497127074844,1.1294955683468533,93.16399993896485,1.763215225534467,94.92721516449932,91.40078471343038,96.69043039003378,89.63756948789592,DWARKESH.BO,2023-08-21 12:31:11.893573
54,2023-05-15 00:00:00+05:30,90.69000244140625,90.98999786376953,89.0,90.27999877929688,112635,0.0,0.0,2023-05-15,92.41584931400746,91.7341593574112,45.79586711693503,16.88108215298578,92.13408442901166,93.32849998474121,91.67214758887474,0.6816899565962586,1.3020507176158793,93.32849998474121,1.5993291374066727,94.92782912214788,91.72917084733454,96.52715825955455,90.12984170992787,DWARKESH.BO,2023-08-21 12:31:11.893573
55,2023-05-12 00:00:00+05:30,93.23999786376953,93.37999725341797,90.44999694824219,90.69000244140625,56225,0.0,0.0,2023-05-12,92.80418577486394,91.85049220366034,46.876142512363074,16.537432258189842,92.32925133950795,93.42550010681153,92.36822199366365,0.9536935712036012,1.4571409078707844,93.42550010681153,1.4572224759171906,94.88272258272872,91.96827763089433,96.33994505864591,90.51105515497714,DWARKESH.BO,2023-08-21 12:31:11.893573
56,2023-05-11 00:00:00+05:30,92.51000213623047,93.76000213623047,92.51000213623047,92.81999969482422,56213,0.0,0.0,2023-05-11,93.18858274458351,91.94333138464066,52.895310001649584,16.622536908663236,92.50180385509759,93.58849983215332,93.20733176979235,1.2452513599428556,1.58300274203758,93.58849983215332,1.3100265323156544,94.89852636446898,92.27847329983766,96.20855289678462,90.96844676752201,DWARKESH.BO,2023-08-21 12:31:11.893573
57,2023-05-10 00:00:00+05:30,92.5,93.5,91.5,92.79000091552734,38118,0.0,0.0,2023-05-10,93.25559784453975,91.87319791982597,52.81607161467392,17.431007476565853,92.46830955617901,93.48899993896484,93.4009978072764,1.3823999247137806,1.667440587561261,93.48899993896484,1.4405396462902909,94.92953958525513,92.04846029267455,96.37007923154542,90.60792064638426,DWARKESH.BO,2023-08-21 12:31:11.893573
58,2023-05-09 00:00:00+05:30,95.98999786376953,96.47000122070312,92.22000122070312,92.5,75720,0.0,0.0,2023-05-09,93.34025183163293,91.79985368016986,52.0926936271515,18.194877213839117,92.43444730782655,93.34949989318848,93.70649625315092,1.5403981514630658,1.738700753273131,93.34949989318848,1.6339047621225387,94.98340465531102,91.71559513106594,96.61730941743356,90.0816903689434,DWARKESH.BO,2023-08-21 12:31:11.893573
59,2023-05-08 00:00:00+05:30,94.0199966430664,95.6500015258789,94.0199966430664,95.27999877929688,143811,0.0,0.0,2023-05-08,93.49302489192984,91.74384197458345,60.325200053750265,19.265214138484804,92.42754702443986,93.20399971008301,94.30974437972637,1.7491829173463884,1.788276403725647,93.20399971008301,1.8311926155570617,95.03519232564007,91.37280709452595,96.86638494119714,89.54161447896888,DWARKESH.BO,2023-08-21 12:31:11.893573
60,2023-05-05 00:00:00+05:30,95.0999984741211,95.62999725341797,93.4800033569336,94.01000213623047,56306,0.0,0.0,2023-05-05,93.1681205487722,91.46094943020637,57.47430714626707,20.429051906411512,92.12728894498123,92.90149993896485,93.8246171799411,1.7071711185658245,1.7980497753204616,92.90149993896485,1.9650206127093763,94.86652055167423,90.93647932625547,96.8315411643836,88.9714587135461,DWARKESH.BO,2023-08-21 12:31:11.893573
61,2023-05-04 00:00:00+05:30,94.0,97.0,93.30000305175781,95.0999984741211,196407,0.0,0.0,2023-05-04,93.01505116923433,91.25702521372443,60.96562408488561,21.689112531356862,91.92910860906025,92.59799995422364,93.73192470179642,1.7580259555098934,1.8207694395091207,92.59799995422364,2.2350114757890047,94.83301143001265,90.36298847843463,97.06802290580166,88.12797700264562,DWARKESH.BO,2023-08-21 12:31:11.893573
62,2023-05-03 00:00:00+05:30,91.01000213623047,94.75,91.01000213623047,94.19999694824219,156733,0.0,0.0,2023-05-03,92.63596984107309,90.9495873528927,59.05881474521418,23.046100896682624,91.59533072852753,92.11199989318848,93.04788781563407,1.686382488180385,1.8364553105089274,92.11199989318848,2.675678908928483,94.78767880211697,89.43632098425999,97.46335771104545,86.76064207533152,DWARKESH.BO,2023-08-21 12:31:11.893573
63,2023-05-02 00:00:00+05:30,85.12000274658203,92.94999694824219,85.12000274658203,91.73999786376953,124370,0.0,0.0,2023-05-02,92.35160127613327,90.68955458526474,53.2643057258483,24.41743442286329,91.32115533697862,91.50400009155274,92.47183324933,1.6620466908685216,1.8739735160910627,91.50400009155274,3.446722710193616,94.95072280174635,88.05727738135913,98.39744551193998,84.6105546711655,DWARKESH.BO,2023-08-21 12:31:11.893573
64,2023-04-28 00:00:00+05:30,92.58999633789062,92.62999725341797,91.5,91.6500015258789,45985,0.0,0.0,2023-04-28,92.46280189656304,90.60551912298436,53.03850733468673,25.268684401979247,91.277066649948,90.8374267578125,92.83775094211023,1.8572827735786746,1.9269552223966977,90.8374267578125,4.520521989091938,95.35794874690443,86.31690476872056,99.87847073599637,81.79638277962862,DWARKESH.BO,2023-08-21 12:31:11.893573
65,2023-04-27 00:00:00+05:30,94.30000305175781,94.66999816894531,92.4000015258789,92.62000274658203,75324,0.0,0.0,2023-04-27,92.61058378214196,90.52196053075279,55.73333969571848,25.96543034259454,91.23781034721843,90.23490142822266,93.4316256502259,2.0886232513891656,1.9443733346012033,90.23490142822266,5.163828447599821,95.39872987582248,85.07107298062283,100.5625583234223,79.90724453302302,DWARKESH.BO,2023-08-21 12:31:11.893573
66,2023-04-26 00:00:00+05:30,94.01000213623047,94.72000122070312,93.5999984741211,94.12999725341797,37705,0.0,0.0,2023-04-26,92.60887124315285,90.35411715348646,60.15112652104014,26.297584323850373,91.09231641044332,89.70053215026856,93.83743710204782,2.254754089666392,1.9083108554042127,89.70053215026856,5.449121441978047,95.14965359224661,84.2514107082905,100.59877503422464,78.80228926631247,DWARKESH.BO,2023-08-21 12:31:11.893573
67,2023-04-25 00:00:00+05:30,92.69999694824219,95.54000091552734,92.69999694824219,94.0,210622,0.0,0.0,2023-04-25,92.3323028776501,90.05204674549194,59.89700101252141,26.07999309569605,90.77256053223545,89.1790096282959,93.69115702636273,2.280256132158158,1.821700046838668,89.1790096282959,5.501758161031679,94.68076778932758,83.67725146726423,100.18252595035926,78.17549330623254,DWARKESH.BO,2023-08-21 12:31:11.893573
68,2023-04-24 00:00:00+05:30,92.55999755859375,93.41999816894531,91.75,92.52999877929688,95687,0.0,0.0,2023-04-24,92.02908521904101,89.7362104851313,57.018949682382576,25.845664080760624,90.43283006194444,88.65910568237305,93.53673553954408,2.292874733909713,1.7070610255087952,88.65910568237305,5.513492925836022,94.17259860820907,83.14561275653703,99.68609153404509,77.63211983070101,DWARKESH.BO,2023-08-21 12:31:11.893573
69,2023-04-21 00:00:00+05:30,96.5,97.08000183105469,92.4000015258789,93.41000366210938,188858,0.0,0.0,2023-04-21,91.93801002626721,89.51270742159805,59.3881520037378,26.156643037320695,90.21207546011787,88.15217742919921,94.04010391966767,2.425302604669156,1.5606075984085657,88.15217742919921,5.604198867845321,93.75637629704454,82.54797856135389,99.36057516488985,76.94377969350857,DWARKESH.BO,2023-08-21 12:31:11.893573
70,2023-04-20 00:00:00+05:30,97.4000015258789,97.6500015258789,94.9000015258789,95.41999816894531,280811,0.0,0.0,2023-04-20,91.67037481975045,89.20092372235715,65.12769547136804,26.20755607978011,89.8754514388556,87.58562965393067,94.3551540484468,2.4694510973933035,1.344433846843418,87.58562965393067,5.617418815791353,93.20304846972202,81.96821083813931,98.82046728551337,76.35079202234796,DWARKESH.BO,2023-08-21 12:31:11.893573
71,2023-04-19 00:00:00+05:30,93.26000213623047,97.1500015258789,93.08999633789062,96.63999938964844,298308,0.0,0.0,2023-04-19,90.98862511989682,88.70339776663009,68.87955856875436,25.09055593969613,89.29181494095143,87.08697700500488,93.82273198819755,2.285227353266734,1.0631795342059467,87.08697700500488,5.320150575668262,92.40712758067315,81.76682642933662,97.72727815634141,76.44667585366835,DWARKESH.BO,2023-08-21 12:31:11.893573
72,2023-04-18 00:00:00+05:30,94.19999694824219,95.0,93.0,93.45999908447266,109741,0.0,0.0,2023-04-18,89.96110252539653,88.06846963678862,63.837305211727056,23.992788291808967,88.51832184108858,86.56783676147461,92.41409828747209,1.8926328886079062,0.7576675794407498,86.56783676147461,4.822175809688427,91.39001257116304,81.74566095178618,96.21218838085146,76.92348514209776,DWARKESH.BO,2023-08-21 12:31:11.893573
73,2023-04-17 00:00:00+05:30,90.51000213623047,93.69000244140625,90.51000213623047,93.30000305175781,114880,0.0,0.0,2023-04-17,89.32493951465541,87.63714728097389,63.56147112789419,23.283702622156998,87.99814528915341,86.19256553649902,91.8911478889718,1.6877922336815203,0.47392625214896067,86.19256553649902,4.541457164808604,90.73402270130762,81.65110837169041,95.27547986611623,77.10965120688181,DWARKESH.BO,2023-08-21 12:31:11.893573
74,2023-04-13 00:00:00+05:30,93.05999755859375,93.66999816894531,91.70999908447266,92.22000122070312,134649,0.0,0.0,2023-04-13,88.60220068972771,87.18411881931118,61.73192727582455,22.832858251574095,87.44005499835295,85.84384193420411,91.18672030757878,1.418081870416529,0.1704597567658207,85.84384193420411,4.223628268025524,90.06747020222963,81.62021366617859,94.29109847025515,77.39658539815306,DWARKESH.BO,2023-08-21 12:31:11.893573
75,2023-04-12 00:00:00+05:30,92.4000015258789,95.94999694824219,92.4000015258789,93.94999694824219,362384,0.0,0.0,2023-04-12,87.94441877500489,86.78124822719982,66.71432942119941,21.804786699951162,86.93690276442136,85.57889251708984,90.6700798510166,1.1631705478050662,-0.1414457716468564,85.57889251708984,3.9606126938729918,89.53950521096283,81.61827982321685,93.50011790483582,77.65766712934386,DWARKESH.BO,2023-08-21 12:31:11.893573
76,2023-04-11 00:00:00+05:30,89.79000091552734,91.58999633789062,89.55000305175781,90.83000183105469,146042,0.0,0.0,2023-04-11,86.85249547077993,86.20774832951643,61.51227362763328,20.382952830436825,86.19868232401917,85.38461189270019,89.03012130240378,0.644747141263494,-0.4675998515098371,85.38461189270019,3.6079732950851873,88.99258518778538,81.776638597615,92.60055848287057,78.16866530252982,DWARKESH.BO,2023-08-21 12:31:11.893573
77,2023-04-10 00:00:00+05:30,89.76000213623047,91.7300033569336,89.4800033569336,90.0,70513,0.0,0.0,2023-04-10,86.12931249618453,85.83796804939337,59.9667436707469,19.834409183729296,85.71117500748912,85.31850929260254,88.13018103807832,0.29134444679115745,-0.7456865997031699,85.31850929260254,3.5138388644805905,88.83234815708313,81.80467042812195,92.34618702156372,78.29083156364136,DWARKESH.BO,2023-08-21 12:31:11.893573
78,2023-04-06 00:00:00+05:30,92.44999694824219,92.9000015258789,89.19999694824219,89.58999633789062,297717,0.0,0.0,2023-04-06,85.42555113185445,85.50500549334483,59.21551662079635,19.243669871890415,85.25971974511955,85.39933624267579,87.19527155711748,-0.07945436149037732,-1.0049443613267517,85.39933624267579,3.6433961224619957,89.04273236513778,81.7559401202138,92.68612848759977,78.1125439977518,DWARKESH.BO,2023-08-21 12:31:11.893573
79,2023-04-05 00:00:00+05:30,88.80000305175781,90.93000030517578,87.91000366210938,89.2300033569336,321479,0.0,0.0,2023-04-05,84.66837927621151,85.17820622578115,58.58182906747022,18.607489074525468,84.80390115640681,85.19657669067382,85.99790916673089,-0.5098269495696428,-1.2363168612858453,85.19657669067382,3.5082373885274434,88.70481407920127,81.68833930214637,92.2130514677287,78.18010191361894,DWARKESH.BO,2023-08-21 12:31:11.893573
80,2023-04-03 00:00:00+05:30,85.77999877929688,89.1500015258789,85.70999908447266,87.94000244140625,221700,0.0,0.0,2023-04-03,83.83899307971659,84.85406245528897,56.32381066158775,18.390118848405418,84.33799566161451,84.881005859375,84.38186207162954,-1.0150693755723807,-1.4179393392148958,84.881005859375,3.408780230245347,88.28978608962034,81.47222562912965,91.69856631986569,78.0634453988843,DWARKESH.BO,2023-08-21 12:31:11.893573
81,2023-03-31 00:00:00+05:30,84.20999908447266,87.4800033569336,84.20999908447266,85.37999725341797,231632,2.0,0.0,2023-03-31,83.09335501395483,84.60718725639958,51.44597242358668,18.61360106234194,83.95883705321538,84.61675605773925,82.60279188674119,-1.5138322424447495,-1.5186568301255245,84.61675605773925,3.363714463258814,87.98047052099807,81.25304159448044,91.34418498425688,77.88932713122162,DWARKESH.BO,2023-08-21 12:31:11.893573
82,2023-03-29 00:00:00+05:30,78.1059088172251,82.33285698950664,78.1059088172251,82.04000091552734,72583,0.0,0.0,2023-03-29,82.67760187950698,84.54536245663812,43.84856672543839,19.31336920168821,83.80924124266774,84.39557723999023,81.2141892034028,-1.8677605771311363,-1.5198629770457182,84.39557723999023,3.4550804681284943,87.85065770811873,80.94049677186173,91.30573817624722,77.48541630373325,DWARKESH.BO,2023-08-21 12:31:11.893573
83,2023-03-28 00:00:00+05:30,79.17973153333472,79.6873532111353,78.09614689928088,78.40853118896484,89539,0.0,0.0,2023-03-28,82.79352932750328,84.74579137992698,33.318794552986176,19.768041496962592,83.99547706657725,84.30820732116699,80.80128334734052,-1.9522620524237055,-1.4328885770243633,84.30820732116699,3.5388596981855533,87.84706701935254,80.76934762298144,91.3859267175381,77.23048792479588,DWARKESH.BO,2023-08-21 12:31:11.893573
84,2023-03-27 00:00:00+05:30,82.20595192864529,82.20595192864529,79.12115814187081,79.59949493408203,97409,0.0,0.0,2023-03-27,83.59080171632846,85.25277219520395,35.33590658337809,19.058120341226882,84.58357663264171,84.47562599182129,81.99765942652834,-1.6619704788754888,-1.3030452081745276,84.47562599182129,3.317334203840387,87.79296019566168,81.1582917879809,91.11029439950207,77.84095758414051,DWARKESH.BO,2023-08-21 12:31:11.893573
85,2023-03-24 00:00:00+05:30,83.02596588225742,84.0900222669047,81.34689759838406,81.9326171875,96676,0.0,0.0,2023-03-24,84.31649385855509,85.7050343760937,39.70634411799859,18.577872404900226,85.10821681143747,84.75677223205567,83.19674167275149,-1.3885405175386154,-1.2133138904992873,84.75677223205567,3.114394431461836,87.8711666635175,81.64237780059383,90.98556109497935,78.52798336913199,DWARKESH.BO,2023-08-21 12:31:11.893573
86,2023-03-23 00:00:00+05:30,83.4750245531321,85.66171467131537,83.46526044897395,83.69954681396484,64040,0.0,0.0,2023-03-23,84.74992598056511,86.0068277511812,43.501652753303794,18.73443354467769,85.44249045606247,84.81632080078126,83.82880391537722,-1.2569017706160963,-1.1695072337394552,84.81632080078126,3.06860260810882,87.88492340889007,81.74771819267244,90.9535260169989,78.67911558456362,DWARKESH.BO,2023-08-21 12:31:11.893573
87,2023-03-22 00:00:00+05:30,82.39143294180727,84.54883801381965,82.39143294180727,83.60192108154297,65254,0.0,0.0,2023-03-22,84.94090401085606,86.19141022615851,43.21691290678246,19.64520914482204,85.62595820786221,84.93151245117187,83.89343246608341,-1.250506215302451,-1.1476585995202948,84.93151245117187,3.0677152480448995,87.99922769921677,81.86379720312696,91.06694294726167,78.79608195508207,DWARKESH.BO,2023-08-21 12:31:11.893573
88,2023-03-21 00:00:00+05:30,83.94359100863203,84.38288628896211,81.75690105389597,82.39143371582031,88357,0.0,0.0,2023-03-21,85.18435545254934,86.39856935772777,39.808531986496845,20.13460956923148,85.83901474747476,85.14920539855957,84.03918815835362,-1.2142139051784255,-1.1219466955747557,85.14920539855957,3.122391431728631,88.2715968302882,82.02681396683094,91.39398826201683,78.90442253510231,DWARKESH.BO,2023-08-21 12:31:11.893573
89,2023-03-20 00:00:00+05:30,83.46525290879734,84.39264162865254,80.03878254609681,82.07904815673828,110862,0.0,0.0,2023-03-20,85.69215940468189,86.71914020908036,38.93656101923081,20.588939333110844,86.2019180139647,85.43474464416504,84.86306537962028,-1.0269808043984767,-1.0988798931738382,85.43474464416504,3.1180422844843174,88.55278692864935,82.31670235968072,91.67082921313367,79.1986600751964,DWARKESH.BO,2023-08-21 12:31:11.893573
90,2023-03-17 00:00:00+05:30,85.9643309699013,87.37982809544795,84.92955941095809,85.44694519042969,25967,0.0,0.0,2023-03-17,86.34908872248982,87.09034757326774,45.605699486009705,21.078217540365543,86.63590431472538,85.72858123779297,86.25507399106128,-0.7412588507779105,-1.1168546653676783,85.72858123779297,3.0615586647041098,88.79013990249707,82.66702257308886,91.85169856720118,79.60546390838475,DWARKESH.BO,2023-08-21 12:31:11.893573
91,2023-03-16 00:00:00+05:30,85.90576126350233,87.59459371084091,84.34383982100444,86.25719451904297,77722,0.0,0.0,2023-03-16,86.51311481922804,87.22181976389477,47.4184148258185,22.018514811533315,86.7610579067565,85.88330917358398,86.65913839137707,-0.7087049446667351,-1.21075361901512,85.88330917358398,3.1241343060651707,89.00744347964915,82.75917486751881,92.13157778571433,79.63504056145364,DWARKESH.BO,2023-08-21 12:31:11.893573
92,2023-03-15 00:00:00+05:30,85.96433124087797,90.00580624355402,85.17361013751972,85.95457458496094,56390,0.0,0.0,2023-03-15,86.55964578289806,87.29898978348291,46.68967352524001,23.031142642021685,86.81409615809477,85.98532218933106,86.8601103275441,-0.7393440005848504,-1.3362657876022161,85.98532218933106,3.1699598535958344,89.1552820429269,82.81536233573522,92.32524189652273,79.64540248213939,DWARKESH.BO,2023-08-21 12:31:11.893573
93,2023-03-14 00:00:00+05:30,87.29196876442137,88.49270033243955,84.97837511671752,86.32553100585938,78185,0.0,0.0,2023-03-14,86.66965872797753,87.40654299936467,47.44269056787043,23.778503295769937,86.90457211316149,86.10490684509277,87.31287819883569,-0.7368842713871402,-1.4854962343565574,86.10490684509277,3.2135516708808356,89.3184585159736,82.89135517421194,92.53201018685444,79.6778035033311,DWARKESH.BO,2023-08-21 12:31:11.893573
94,2023-03-13 00:00:00+05:30,90.06438400033413,91.05034249801098,86.43291195756959,86.92101287841797,117900,0.0,0.0,2023-03-13,86.7322274047263,87.4930239588451,48.623542397409544,25.080581230432966,86.96552380866697,86.16201438903809,87.80655179532384,-0.760796554118798,-1.6726492250989116,86.16201438903809,3.2277956291197847,89.38981001815787,82.93421875991831,92.61760564727766,79.70642313079853,DWARKESH.BO,2023-08-21 12:31:11.893573
95,2023-03-10 00:00:00+05:30,88.84413215209435,92.36822141444956,88.10221666322245,90.06438446044922,223960,0.0,0.0,2023-03-10,86.697902773146,87.53878484527927,55.31398340045575,25.896708058771345,86.9702091697458,86.28696823120117,88.24932125377677,-0.8408820721332688,-1.9006123928439398,86.28696823120117,3.3061452729949536,89.59311350419613,82.98082295820622,92.89925877719108,79.67467768521126,DWARKESH.BO,2023-08-21 12:31:11.893573
96,2023-03-09 00:00:00+05:30,91.62630605184593,92.15345594352118,88.83436817065612,89.50794982910156,264346,0.0,0.0,2023-03-09,86.08581519363632,87.33673687606567,54.27199201534228,26.05143637787016,86.64450650756649,86.10588264465332,87.34178965044055,-1.2509216824293503,-2.1655449730216074,86.10588264465332,3.185335357751417,89.29121800240473,82.92054728690191,92.47655336015616,79.73521192915048,DWARKESH.BO,2023-08-21 12:31:11.893573
97,2023-03-08 00:00:00+05:30,85.77885630878214,94.98443973754685,85.38837409256307,91.61653900146484,512489,0.0,0.0,2023-03-08,85.463608896279,87.1630398398228,59.093005058951064,25.887814681206713,86.34309142108911,86.00142898559571,86.25870956111004,-1.6994309435438026,-2.3942007956696716,86.00142898559571,3.101040116450465,89.10246910204617,82.90038886914525,92.20350921849663,79.79934875269478,DWARKESH.BO,2023-08-21 12:31:11.893573
98,2023-03-06 00:00:00+05:30,83.37740019087474,86.24742844857101,83.37740019087474,85.53480529785156,59994,0.0,0.0,2023-03-06,84.34489433169975,86.80675990689143,46.33857001126643,25.711606700184543,85.7879916757864,85.76225967407227,83.57979484093262,-2.4618655751916805,-2.5678932587011385,85.76225967407227,2.816593790624108,88.57885346469638,82.94566588344816,91.39544725532049,80.12907209282405,DWARKESH.BO,2023-08-21 12:31:11.893573
99,2023-03-03 00:00:00+05:30,82.19619200641442,84.09979006444452,82.19619200641442,82.91858673095703,75940,0.0,0.0,2023-03-03,84.1285468833085,86.90851627561462,38.68944164260335,26.795169087310466,85.81464287346375,85.92479705810547,82.60228961247314,-2.779969392306114,-2.594400179578503,85.92479705810547,2.8954684189129725,88.82026547701844,83.0293286391925,91.71573389593141,80.13386022027953,DWARKESH.BO,2023-08-21 12:31:11.893573
100,2023-03-02 00:00:00+05:30,80.99546629187999,84.24622014376482,80.82951376976462,82.6550064086914,104541,0.0,0.0,2023-03-02,84.3485396382815,87.22771063918722,37.873395532774566,26.7186009834226,86.11949088846447,86.12052536010742,82.44414105323119,-2.8791710009057283,-2.5480078763966,86.12052536010742,2.8126839414892637,88.93320930159669,83.30784141861815,91.74589324308594,80.4951574771289,DWARKESH.BO,2023-08-21 12:31:11.893573
101,2023-03-01 00:00:00+05:30,80.24379026050538,81.56166873547808,80.24379026050538,80.9564208984375,64563,0.0,0.0,2023-03-01,84.65645477093423,87.59352697762688,32.41150360622659,26.636143025389515,86.4841734652827,86.42949333190919,82.33870837550108,-2.9370722066926476,-2.4652170952693173,86.42949333190919,2.75067946209723,89.18017279400641,83.67881386981196,91.93085225610365,80.92813440771472,DWARKESH.BO,2023-08-21 12:31:11.893573
102,2023-02-28 00:00:00+05:30,82.53786978372415,83.1235894069053,79.4628324522368,80.2926025390625,165683,0.0,0.0,2023-02-28,85.32918820229727,88.12449546396203,30.199244776908003,24.729241386059147,87.06604215652956,86.94053497314454,83.02985211403286,-2.7953072616647603,-2.3472533174134846,86.94053497314454,2.627004981161395,89.56753995430593,84.31352999198315,92.19454493546732,81.68652501082175,DWARKESH.BO,2023-08-21 12:31:11.893573
103,2023-02-27 00:00:00+05:30,85.22242413446335,85.27122975806567,81.51285414055212,81.75690460205078,93734,0.0,0.0,2023-02-27,86.24493105015814,88.751046897954,32.376005293366035,22.67565500524183,87.77903580047347,87.44815979003906,84.39847690151804,-2.5061158477958543,-2.2352398313506656,87.44815979003906,2.2249216622885966,89.67308145232765,85.22323812775046,91.89800311461624,82.99831646546187,DWARKESH.BO,2023-08-21 12:31:11.893573
104,2023-02-24 00:00:00+05:30,83.22120307856983,86.44267198332335,83.22120307856983,85.22241973876953,96299,0.0,0.0,2023-02-24,87.06093585890494,89.31057828162625,38.50054378191948,20.98223058934884,88.41294434767585,87.75078201293945,85.71926305125166,-2.2496424227213083,-2.1675208272393687,87.75078201293945,1.7765092848085458,89.527291297748,85.97427272813091,91.30380058255655,84.19776344332236,DWARKESH.BO,2023-08-21 12:31:11.893573
105,2023-02-23 00:00:00+05:30,85.90576232971509,86.29624455714324,82.4890558734196,83.12358856201172,228541,0.0,0.0,2023-02-23,87.39521151711139,89.6376309650548,31.185155632771355,19.669948144690796,88.74878904335019,88.0631664276123,85.96768470749271,-2.242419447943405,-2.1469904283688837,88.0631664276123,1.8560400593864375,89.91920648699875,86.20712636822586,91.77524654638518,84.35108630883943,DWARKESH.BO,2023-08-21 12:31:11.893573
106,2023-02-22 00:00:00+05:30,88.78555355056943,88.78555355056943,85.90576112824286,86.00337982177734,37214,0.0,0.0,2023-02-22,88.17187023622041,90.15875435729824,36.7524004288188,18.154153363182587,89.34091540980687,88.57811279296875,87.38973278023319,-1.9868841210778214,-2.123133173475253,88.57811279296875,1.8420899329593887,90.42020272592814,86.73602286000937,92.26229265888753,84.89393292704997,DWARKESH.BO,2023-08-21 12:31:11.893573
107,2023-02-21 00:00:00+05:30,88.10221178776193,88.83436313225856,87.51649220173034,87.95578002929688,58453,0.0,0.0,2023-02-21,88.56614122066462,90.49118432013991,41.399053573630795,17.75608638616761,89.69223494538893,89.06865425109864,88.0829092594611,-1.925043099475289,-2.157195436574611,89.06865425109864,2.3551939340926906,91.42384818519133,86.71346031700594,93.77904211928401,84.35826638291326,DWARKESH.BO,2023-08-21 12:31:11.893573
108,2023-02-20 00:00:00+05:30,88.98080179910369,88.98080179910369,86.88196629236279,88.10221862792969,61950,0.0,0.0,2023-02-20,88.67711598273148,90.69401666340735,41.77632747993818,18.100300474911,89.87501967339863,89.49330253601075,88.1464738745432,-2.0169006806758745,-2.2152335208494414,89.49330253601075,2.8563186532212397,92.34962118923198,86.63698388278951,95.20593984245322,83.78066522956827,DWARKESH.BO,2023-08-21 12:31:11.893573
109,2023-02-17 00:00:00+05:30,88.54149961532846,89.1760322701246,87.66292396019539,87.95578002929688,35401,0.0,0.0,2023-02-17,88.78164277451361,90.90136050624557,41.27942406763837,18.4709925704808,90.06163030976377,89.92771224975586,88.16860149784995,-2.119717731731953,-2.264816730892833,89.92771224975586,3.265054509131316,93.19276675888717,86.66265774062454,96.45782126801849,83.39760323149322,DWARKESH.BO,2023-08-21 12:31:11.893573
110,2023-02-16 00:00:00+05:30,88.78555436624278,89.56651881735128,87.32125160628608,88.54150390625,95476,0.0,0.0,2023-02-16,88.93179963728029,91.13700694440146,42.60753661163909,19.256843217922174,90.28329876033924,90.3816463470459,88.27501223212647,-2.205207307121171,-2.301091480683053,90.3816463470459,3.5912707741153356,93.97291712116123,86.79037557293057,97.56418789527658,83.19910479881523,DWARKESH.BO,2023-08-21 12:31:11.893573
111,2023-02-15 00:00:00+05:30,87.02839689077415,89.22485106522977,87.02839689077415,88.29745483398438,77263,0.0,0.0,2023-02-15,89.00276249746761,91.34464718745357,41.90147779289116,20.10314391516673,90.46664558708547,90.84290199279785,88.1417663950647,-2.34188468998596,-2.325062524073523,90.84290199279785,3.919880630402878,94.76278262320072,86.92302136239498,98.68266325360361,83.00314073199209,DWARKESH.BO,2023-08-21 12:31:11.893573
112,2023-02-14 00:00:00+05:30,86.49148268985192,88.73674993097747,86.24743222659171,88.34626770019531,87643,0.0,0.0,2023-02-14,89.13100025446458,91.58842257573112,42.00143733264797,20.82839841445894,90.69498145583295,91.3578483581543,88.06392217560487,-2.4574223212665345,-2.320856982595414,91.3578483581543,4.231943543572263,95.58979190172656,87.12590481458204,99.82173544529883,82.89396127100977,DWARKESH.BO,2023-08-21 12:31:11.893573
113,2023-02-13 00:00:00+05:30,88.88317899735557,90.34748173241692,86.7843435875352,87.46768188476562,109988,0.0,0.0,2023-02-13,89.27367890069536,91.84779496577399,39.648496614897894,21.34927626611503,90.94221448274217,91.77273406982422,87.92274941330965,-2.574116065078627,-2.286715647927634,91.77273406982422,4.326835260184322,96.09956933000855,87.4458988096399,100.42640459019287,83.11906354945557,DWARKESH.BO,2023-08-21 12:31:11.893573
114,2023-02-10 00:00:00+05:30,86.78434765419169,90.59153643331929,86.68672895684568,89.42008972167969,83406,0.0,0.0,2023-02-10,89.60204199450075,92.19820401225466,43.259632544399345,22.123227554365183,91.30795475621338,92.25839462280274,88.15028317758166,-2.5961620177539118,-2.2148655436398856,92.25839462280274,4.363158854776057,96.6215534775788,87.89523576802668,100.98471233235486,83.53207691325062,DWARKESH.BO,2023-08-21 12:31:11.893573
115,2023-02-09 00:00:00+05:30,87.85816236626158,88.00459412643775,86.14980920913983,86.44267272949219,48689,0.0,0.0,2023-02-09,89.63512422592277,92.42045315550067,34.83772833728088,22.956713557096112,91.50667739142744,92.67084007263183,87.51537990553263,-2.7853289295779007,-2.119541425111379,92.67084007263183,4.469324602410743,97.14016467504257,88.2015154702211,101.60948927745332,83.73219086781035,DWARKESH.BO,2023-08-21 12:31:11.893573
116,2023-02-08 00:00:00+05:30,87.27244488423132,88.29745233459886,86.100998222317,87.41887664794922,169177,0.0,0.0,2023-02-08,90.2155699525465,92.89867558958136,36.49173715150403,22.53133181907084,92.03973051373642,93.22239418029785,88.05173349355285,-2.6831056370348563,-1.9530945489947484,93.22239418029785,4.3390277177860614,97.56142189808392,88.88336646251179,101.90044961586997,84.54433874472574,DWARKESH.BO,2023-08-21 12:31:11.893573
117,2023-02-07 00:00:00+05:30,89.46890227089477,89.46890227089477,85.5640948172634,86.8331527709961,122316,0.0,0.0,2023-02-07,90.72405964429146,93.33705950491193,34.76015883426808,22.073228408889776,92.52613618381928,93.70561370849609,88.36816191635465,-2.6129998606204765,-1.770591776984721,93.70561370849609,4.194429713121018,97.90004342161711,89.51118399537506,102.09447313473812,85.31675428225405,DWARKESH.BO,2023-08-21 12:31:11.893573
118,2023-02-06 00:00:00+05:30,86.54029325037304,89.56651741741757,86.54029325037304,88.78555297851562,50891,0.0,0.0,2023-02-06,91.43149725761789,93.8573720436252,37.93442489819991,21.57988627484863,93.1253975956954,94.24252471923828,89.13566648903392,-2.425874786007313,-1.5599897560757818,94.24252471923828,3.948480577398137,98.19100529663642,90.29404414184013,102.13948587403455,86.345563564442,DWARKESH.BO,2023-08-21 12:31:11.893573
119,2023-02-03 00:00:00+05:30,90.29867236522561,90.29867236522561,85.95457705219236,86.8331527709961,135099,0.0,0.0,2023-02-03,91.91257803563649,94.26311756883398,32.18386798474454,21.31803173054288,93.58222334487222,94.69157791137695,89.31072324429306,-2.350539533197491,-1.343518498592899,94.69157791137695,3.8032339957974988,98.49481190717445,90.88834391557945,102.29804590297195,87.08510991978196,DWARKESH.BO,2023-08-21 12:31:11.893573
120,2023-02-02 00:00:00+05:30,91.76297131213514,92.25107222336989,87.95578271493822,88.83436584472656,80488,0.0,0.0,2023-02-02,92.83610990193473,94.857514752661,35.2986520506291,21.036034528982842,94.29265182633287,95.31634712219238,90.54950848094154,-2.0214048507262703,-1.0917632399417507,95.31634712219238,3.4547221699413657,98.77106929213375,91.86162495225102,102.22579146207511,88.40690278230966,DWARKESH.BO,2023-08-21 12:31:11.893573
121,2023-02-01 00:00:00+05:30,92.49512472303624,93.61775833325103,89.1760369637256,91.17725372314453,208199,0.0,0.0,2023-02-01,93.56369973051804,95.33936666529577,39.44624953396614,21.279280641245446,94.86720824544932,95.89962768554688,91.40707979904901,-1.7756669347777319,-0.8593528372456207,95.89962768554688,3.283263896237286,99.18289158178416,92.61636378930959,102.46615547802145,89.3330998930723,DWARKESH.BO,2023-08-21 12:31:11.893573
122,2023-01-31 00:00:00+05:30,88.68793264582706,90.93319978028495,86.00337767750202,90.44509887695312,183125,0.0,0.0,2023-01-31,93.99759900458595,95.67233570066786,37.31250858856391,21.899493717540548,95.25562451095509,96.48534889221192,91.52199283700125,-1.674736696081908,-0.6302743128625928,96.48534889221192,3.4377408244614496,99.92308971667336,93.04760806775047,103.36083054113482,89.60986724328902,DWARKESH.BO,2023-08-21 12:31:11.893573
123,2023-01-30 00:00:00+05:30,90.39628532343038,93.12965334658332,86.97957901840353,87.8093490600586,238720,0.0,0.0,2023-01-30,94.643508118701,96.09051464656503,28.899096806887897,21.4262914454391,95.76199563032372,97.10279655456543,92.0604398170253,-1.4470065278640192,-0.36915871705776404,97.10279655456543,3.404590256299687,100.50738681086511,93.69820629826575,103.9119770671648,90.29361604196606,DWARKESH.BO,2023-08-21 12:31:11.893573
124,2023-01-27 00:00:00+05:30,95.81421062259457,95.81421062259457,90.05461836497103,91.47010803222656,175513,0.0,0.0,2023-01-27,95.88608249299962,96.75300789348555,34.93503715509813,21.172890475901745,96.59911632193058,97.8422695159912,94.18598519550864,-0.8669254004859255,-0.09969676435620026,97.8422695159912,2.838967889606616,100.68123740559783,95.00330162638458,103.52020529520443,92.16433373677798,DWARKESH.BO,2023-08-21 12:31:11.893573
125,2023-01-25 00:00:00+05:30,95.66778314661114,95.66778314661114,92.93441493471914,93.42251586914062,97936,0.0,0.0,2023-01-25,96.6889869404129,97.17563988238626,38.9608950106997,21.806871371780357,97.1390119313731,98.4304313659668,95.54392377714967,-0.48665294197336095,0.09211039467623107,98.4304313659668,2.662365399534272,101.09279676550106,95.76806596643253,103.75516216503534,93.10570056689825,DWARKESH.BO,2023-08-21 12:31:11.893573
126,2023-01-24 00:00:00+05:30,96.1558781277505,97.22969862742866,95.32610808017321,95.814208984375,79474,0.0,0.0,2023-01-24,97.28289077155331,97.47588980344592,44.842029229912946,23.423082561773583,97.53022204318705,98.68180313110352,96.60462773115418,-0.19299903189261158,0.23680122883862906,98.68180313110352,2.3878310903568325,101.06963422146035,96.2939720407467,103.45746531181719,93.90614095038985,DWARKESH.BO,2023-08-21 12:31:11.893573
127,2023-01-23 00:00:00+05:30,95.91183173108331,97.18089711479924,95.91183173108331,96.44874572753906,34473,0.0,0.0,2023-01-23,97.54992382376756,97.6088242689716,46.56241412287943,24.09041717877409,97.7108549967462,98.91853218078613,96.99983710454376,-0.05890044520404558,0.3442512940214392,98.91853218078613,2.322371064262834,101.24090324504897,96.59616111652329,103.5632743093118,94.27379005226047,DWARKESH.BO,2023-08-21 12:31:11.893573
128,2023-01-20 00:00:00+05:30,96.6439811388135,97.91304649653554,96.5951680681977,96.79041290283203,29611,0.0,0.0,2023-01-20,97.75013802308183,97.7016305522862,47.47518272376169,24.52222292075352,97.84370860403118,98.79894714355468,97.27538279304609,0.04850747079562723,0.4450392288278104,98.79894714355468,2.5102205907497597,101.30916773430444,96.28872655280493,103.8193883250542,93.77850596205516,DWARKESH.BO,2023-08-21 12:31:11.893573
129,2023-01-19 00:00:00+05:30,97.57136850506278,97.76661333691003,96.59516668931296,97.03446197509766,63671,0.0,0.0,2023-01-19,97.9246334994909,97.77452796424254,48.093136435364045,24.654672116719084,97.95458183573635,98.49144325256347,97.51786773815311,0.15010553524835757,0.5441721683358561,98.49144325256347,3.0810158011271613,101.57245905369064,95.4104274514363,104.65347485481779,92.32941165030915,DWARKESH.BO,2023-08-21 12:31:11.893573
130,2023-01-18 00:00:00+05:30,98.64519997634216,100.35355321478964,97.42494766316538,97.76661682128906,163367,0.0,0.0,2023-01-18,98.0864828675624,97.83373324337413,49.92868712212446,24.840746006718014,98.05143655790884,98.41578750610351,97.75957061968082,0.25274962418826874,0.6426888266077307,98.41578750610351,3.1367491566539982,101.55253666275752,95.27903834944951,104.68928581941151,92.14228919279552,DWARKESH.BO,2023-08-21 12:31:11.893573
131,2023-01-17 00:00:00+05:30,96.64397853435855,99.67020263526263,95.61896366168085,98.59638214111328,101969,0.0,0.0,2023-01-17,98.14464033052118,97.83910255714093,52.02504937221324,24.664758787012342,98.08141758281619,98.42066841125488,97.75604751887668,0.30553777338025156,0.7401736272125963,98.42066841125488,3.135761649872185,101.55643006112706,95.2849067613827,104.69219171099925,92.1491451115105,DWARKESH.BO,2023-08-21 12:31:11.893573
132,2023-01-16 00:00:00+05:30,96.74160062779927,98.05947161914612,96.25349970894274,96.64398193359375,89002,0.0,0.0,2023-01-16,98.06250545586808,97.77852019042315,47.18750814641538,24.652235243948354,98.02721078720596,98.67936210632324,97.33588020775838,0.28398526544492597,0.8488325906706824,98.67936210632324,3.356657056650818,102.03601916297406,95.32270504967242,105.39267621962487,91.9660479930216,DWARKESH.BO,2023-08-21 12:31:11.893573
133,2023-01-13 00:00:00+05:30,97.62018077870863,98.84043303844248,96.98564811408127,97.18089294433594,52054,0.0,0.0,2023-01-13,98.32041882355432,97.8692832509695,48.44359886648872,25.068062387473724,98.17281382442829,99.06496200561523,97.68182934484068,0.4511355725848176,0.9900444219771215,99.06496200561523,3.5480406529535555,102.61300265856879,95.51692135266167,106.16104331152233,91.96888069970812,DWARKESH.BO,2023-08-21 12:31:11.893573
134,2023-01-12 00:00:00+05:30,98.93805666296625,98.93805666296625,96.69279686179866,97.66899871826172,77947,0.0,0.0,2023-01-12,98.52760534704856,97.9243544755002,49.55507394261124,25.219133188714316,98.27722654864853,99.19186820983887,97.93229754509304,0.6032508715483687,1.1247716343251974,99.19186820983887,3.5224036730133124,102.71427188285219,95.66946453682556,106.2366755558655,92.14706086381224,DWARKESH.BO,2023-08-21 12:31:11.893573
135,2023-01-11 00:00:00+05:30,98.01066888853212,102.1595268212573,97.08327264663723,97.4737548828125,174151,0.0,0.0,2023-01-11,98.68371564319163,97.94478293607928,49.112563899869905,25.38182482081957,98.34125053079451,99.07228317260743,98.0639469585087,0.7389327071123546,1.2551518250194045,99.07228317260743,3.616176681907923,102.68845985451534,95.45610649069951,106.30463653642327,91.83992980879158,DWARKESH.BO,2023-08-21 12:31:11.893573
136,2023-01-10 00:00:00+05:30,97.66899425730254,98.20590078513696,96.35111585300724,97.08326721191406,68802,0.0,0.0,2023-01-10,98.9037085087151,97.98246518034061,48.29122994501537,25.414029024328652,98.43256586216103,98.85751838684082,98.35904299635676,0.9212433283744872,1.384206604496167,98.85751838684082,3.8369212750434967,102.69443966188432,95.02059711179733,106.53136093692781,91.18367583675384,DWARKESH.BO,2023-08-21 12:31:11.893573
137,2023-01-09 00:00:00+05:30,97.81542345098485,99.52377670699985,96.98565335905766,97.57137298583984,90542,0.0,0.0,2023-01-09,99.2346978354062,98.05440101781473,49.218017325912086,26.403844489470696,98.57459729902914,98.61346817016602,98.9969308885781,1.1802968175914685,1.4999474235265868,98.61346817016602,4.101800509867467,102.71526868003349,94.51166766029854,106.81706918990095,90.40986715043108,DWARKESH.BO,2023-08-21 12:31:11.893573
138,2023-01-06 00:00:00+05:30,100.20712144764262,100.20712144764262,97.08327105721263,97.76661682128906,50584,0.0,0.0,2023-01-06,99.53712053532735,98.09304326037271,49.57864222271111,27.250901010893664,98.68019985831222,98.40602531433106,99.70970983994721,1.444077274954637,1.5798600750103662,98.40602531433106,4.259169388271664,102.66519470260272,94.1468559260594,106.92436409087439,89.88768653778773,DWARKESH.BO,2023-08-21 12:31:11.893573
139,2023-01-05 00:00:00+05:30,99.91425660036674,100.7928397438743,98.93805476265368,99.32853698730469,42079,0.0,0.0,2023-01-05,99.85903030151613,98.1191573754994,52.35718980960726,28.130938734356636,98.77636649378834,98.24007072448731,100.68125634927628,1.73987292601673,1.6138057750242982,98.24007072448731,4.349107691229458,102.58917841571677,93.89096303325785,106.93828610694622,89.5418553420284,DWARKESH.BO,2023-08-21 12:31:11.893573
140,2023-01-04 00:00:00+05:30,102.25714341453914,103.08691349444692,100.01187618859664,100.4999771118164,131640,0.0,0.0,2023-01-04,99.95548363137276,98.02240700655497,54.48369447165485,28.46997423332371,98.71824328394453,98.11316452026367,101.35761603026207,1.9330766248177866,1.5822889872761903,98.11316452026367,4.3527043123817055,102.46586883264537,93.76046020788196,106.81857314502707,89.40775589550026,DWARKESH.BO,2023-08-21 12:31:11.893573
141,2023-01-03 00:00:00+05:30,102.74524608741997,105.72266474889491,101.42737506185024,102.89167785644531,177933,0.0,0.0,2023-01-03,99.85648481674664,97.82420139813405,59.031492059896074,28.472167448099952,98.53069235469486,97.88863792419434,101.78643548948489,2.032283418612593,1.494592077890791,97.88863792419434,4.338901016654439,102.22753894084877,93.54973690753991,106.56643995750322,89.21083589088546,DWARKESH.BO,2023-08-21 12:31:11.893573
142,2023-01-02 00:00:00+05:30,101.9642746389499,103.86787261033027,101.134504601705,102.79405212402344,124413,0.0,0.0,2023-01-02,99.30463153680142,97.41880328146915,58.89819736549001,27.99078182544458,98.07164124924745,97.64214668273925,101.23381430600466,1.885828255332271,1.3601692427103407,97.64214668273925,4.176721024789942,101.8188677075292,93.46542565794931,105.99558873231913,89.28870463315937,DWARKESH.BO,2023-08-21 12:31:11.893573
143,2022-12-30 00:00:00+05:30,103.47739140326199,106.7476659627616,101.86665693430585,102.59880828857422,398944,0.0,0.0,2022-12-30,98.67019143003378,96.98878337406481,58.648334894718815,27.79042168480871,97.57454536769208,97.37857246398926,100.45369539699527,1.6814080559689728,1.228754489554858,97.37857246398926,3.9969574871604228,101.37552995114969,93.38161497682883,105.3724874383101,89.38465748966841,DWARKESH.BO,2023-08-21 12:31:11.893573
144,2022-12-29 00:00:00+05:30,98.10828534931156,105.08813002542043,97.03446481017843,103.23334503173828,466020,0.0,0.0,2022-12-29,97.9558974557537,96.53998138090407,59.71006361400932,27.335844622709253,97.0456755865466,97.13452224731445,99.38113895120577,1.4159160748496333,1.1155910979513295,97.13452224731445,3.805886850824338,100.94040909813879,93.32863539649011,104.74629594896312,89.52274854566578,DWARKESH.BO,2023-08-21 12:31:11.893573
145,2022-12-28 00:00:00+05:30,100.54878655556169,100.6952183168103,97.81541850501686,98.449951171875,176176,0.0,0.0,2022-12-28,96.99636153284742,96.00451228883733,53.82008572038068,27.114909207067598,96.39434196073695,96.72207717895508,97.4550359109395,0.9918492440100835,1.0405098537267534,96.72207717895508,3.54842959759183,100.27050677654691,93.17364758136324,103.81893637413873,89.62521798377142,DWARKESH.BO,2023-08-21 12:31:11.893573
146,2022-12-27 00:00:00+05:30,96.54636390536099,101.32975443271644,96.3511190677742,100.54878997802734,485057,0.0,0.0,2022-12-27,96.73207250756968,95.80887717819432,57.233375482673175,27.67534850079485,96.17796204377505,96.54392051696777,96.95757828047174,0.9231953293753605,1.0526750061559207,96.54392051696777,3.5465589817952017,100.09047949876297,92.99736153517257,103.63703848055818,89.45080255337737,DWARKESH.BO,2023-08-21 12:31:11.893573
147,2022-12-26 00:00:00+05:30,88.93198536712916,94.6915776630012,88.93198536712916,94.05704498291016,230638,0.0,0.0,2022-12-26,96.03812387657737,95.42968415420768,47.71811372855625,28.2788985094242,95.71787489280112,96.23641662597656,95.16197243169393,0.6084397223696953,1.0850449253510608,96.23641662597656,3.4462435556978095,99.68266018167436,92.79017307027875,103.12890373737218,89.34392951458094,DWARKESH.BO,2023-08-21 12:31:11.893573
148,2022-12-23 00:00:00+05:30,91.42129949733645,94.00823574099286,90.10342856500692,90.64033508300781,205473,0.0,0.0,2022-12-23,96.39832003906231,95.53949528791148,41.33072721316242,30.410978595248192,95.89269909384228,96.29498901367188,95.7144361560858,0.8588247511508342,1.204196226096402,96.29498901367188,3.4170850425650645,99.71207405623694,92.87790397110682,103.129159098802,89.46081892854176,DWARKESH.BO,2023-08-21 12:31:11.893573
149,2022-12-22 00:00:00+05:30,97.91304598482455,99.18210388808536,93.47132470383953,95.52134704589844,376555,0.0,0.0,2022-12-22,97.44522639470858,95.93142810430376,49.31334738113217,32.389938493412124,96.44557951603538,96.52683715820312,98.25148669262478,1.5137982904048215,1.2905390948327942,96.52683715820312,3.160932959455454,99.68777011765857,93.36590419874767,102.84870307711402,90.20497123929222,DWARKESH.BO,2023-08-21 12:31:11.893573
150,2022-12-21 00:00:00+05:30,104.84407960299804,108.11435429294805,95.81421254015588,97.8642349243164,331653,0.0,0.0,2022-12-21,97.7950226399468,95.96423458897618,53.95316250924649,33.53149493087216,96.54286714447085,96.43897933959961,99.61655651598795,1.830788050970611,1.2347242959397873,96.43897933959961,3.2143205193007294,99.65329985890034,93.22465882029888,102.86762037820107,90.01033830099816,DWARKESH.BO,2023-08-21 12:31:11.893573
151,2022-12-20 00:00:00+05:30,104.84407655074804,106.40599796712168,100.20711792374044,103.77025604248047,581623,0.0,0.0,2022-12-20,97.78243858824322,95.81223456214896,69.22927811608135,33.98113574814261,96.40377579922395,96.09242782592773,100.49271731182372,1.9702040260942653,1.0857083571820814,96.09242782592773,3.4196453649909953,99.51207319091873,92.67278246093673,102.93171855590973,89.25313709594573,DWARKESH.BO,2023-08-21 12:31:11.893573
152,2022-12-19 00:00:00+05:30,102.50119490305066,110.35962282474952,102.20833136705316,104.3559799194336,1591446,0.0,0.0,2022-12-19,96.69374450565462,95.17559284372244,71.0953001586281,32.73023963434196,95.62835682624959,95.47742042541503,98.85394794649534,1.5181516619321798,0.8645844399540352,95.47742042541503,3.052502218822647,98.52992264423769,92.42491820659238,101.58242486306033,89.37241598776974,DWARKESH.BO,2023-08-21 12:31:11.893573
153,2022-12-16 00:00:00+05:30,95.2772957853251,102.50119071581496,93.08084169855763,99.7190170288086,703507,0.0,0.0,2022-12-16,95.30061079405844,94.44116187766555,64.01138430314198,30.44971980428743,94.70965965854602,94.81116256713867,96.10293196002618,0.8594489163928927,0.701192634459499,94.81116256713867,2.396302498385126,97.20746506552379,92.41486006875354,99.60376756390892,90.01855757036842,DWARKESH.BO,2023-08-21 12:31:11.893573
154,2022-12-15 00:00:00+05:30,93.17846253072811,96.93684556822608,93.17846253072811,95.27729797363281,139781,0.0,0.0,2022-12-15,94.49726420592205,94.01893346557411,53.99266191974938,29.20182527285882,94.18235888272889,94.39871711730957,94.29488942563498,0.47833074034794265,0.6616285639761506,94.39871711730957,2.2097443602824227,96.608461477592,92.18897275702714,98.81820583787442,89.97922839674473,DWARKESH.BO,2023-08-21 12:31:11.893573
155,2022-12-14 00:00:00+05:30,92.29988350256951,94.4475244911965,92.29988350256951,93.17845916748047,112981,0.0,0.0,2022-12-14,94.3554398845201,93.91826430492941,47.584078071752366,29.409653642535098,94.06710213631794,94.19371490478515,93.80368515163605,0.4371755795906864,0.7074530198832025,94.19371490478515,2.3117757648755166,96.50549066966067,91.88193913990963,98.81726643453618,89.57016337503413,DWARKESH.BO,2023-08-21 12:31:11.893573
156,2022-12-13 00:00:00+05:30,93.42251520580746,93.91061613676325,91.86059371631474,92.20226287841797,81455,0.0,0.0,2022-12-13,94.5694363785273,93.97744871592532,44.21695261761886,30.687547040673692,94.16064350145872,94.15222663879395,94.11629814371383,0.59198766260198,0.7750223799563314,94.15222663879395,2.338249114627504,96.49047575342145,91.81397752416645,98.82872486804895,89.47572840953895,DWARKESH.BO,2023-08-21 12:31:11.893573
157,2022-12-12 00:00:00+05:30,92.73917754008222,94.30109904066514,92.73917754008222,93.42251586914062,84861,0.0,0.0,2022-12-12,94.99983156036537,94.11946358292592,47.76381332290058,32.32392255784086,94.36678883019985,94.01311798095703,95.07331577636177,0.8803679774394482,0.8207810592949192,94.01311798095703,2.534857063144552,96.54797504410159,91.47826091781248,99.08283210724613,88.94340385466793,DWARKESH.BO,2023-08-21 12:31:11.893573
158,2022-12-09 00:00:00+05:30,96.74159778608731,97.62018090378714,93.71537366763566,94.44752502441406,136406,0.0,0.0,2022-12-09,95.28661623149713,94.17521940002875,50.969006453396695,33.55906183837088,94.46618598399556,93.75686492919922,95.89871572997234,1.111396831468383,0.8058843297587869,93.75686492919922,2.8385614231357925,96.59542635233501,90.91830350606344,99.43398777547081,88.07974208292764,DWARKESH.BO,2023-08-21 12:31:11.893573
159,2022-12-08 00:00:00+05:30,96.00944845995248,97.22970074705871,95.37491578109146,96.79041290283203,101240,0.0,0.0,2022-12-08,95.43917826914861,94.15343495007792,59.37418225572376,34.27139055561192,94.46815029553046,93.41763496398926,96.62431108275146,1.28574331907069,0.7295062043313878,93.41763496398926,3.140974810428064,96.55860977441732,90.2766601535612,99.69958458484538,87.13568534313313,DWARKESH.BO,2023-08-21 12:31:11.893573
160,2022-12-07 00:00:00+05:30,96.93684136574605,98.15709361129758,95.57015736116259,96.00944519042969,125730,0.0,0.0,2022-12-07,95.19349924484254,93.9424767138576,57.18898726030383,33.86824707999811,94.22370160002502,92.95149841308594,96.54126017271116,1.2510225309849403,0.5904469256465622,92.95149841308594,3.301748957379599,96.25324737046554,89.64974945570634,99.55499632784515,86.34800049832674,DWARKESH.BO,2023-08-21 12:31:11.893573
161,2022-12-06 00:00:00+05:30,97.57137080228455,99.96306977587906,97.57137080228455,97.96185302734375,122980,0.0,0.0,2022-12-06,95.04514543655398,93.77711923573183,65.3488178518536,33.28865528631118,94.03572859050874,92.58298263549804,96.8071676638519,1.268026200822149,0.42530302431196765,92.58298263549804,3.353386236410812,95.93636887190885,89.22959639908723,99.28975510831967,85.87621016267641,DWARKESH.BO,2023-08-21 12:31:11.893573
162,2022-12-05 00:00:00+05:30,97.81542383966365,98.93805747335738,96.3511210429751,97.52256774902344,191868,0.0,0.0,2022-12-05,94.51483496550131,93.44234053240288,64.28098927175104,31.05371077100316,93.62245233399979,92.21202583312989,96.22982498210597,1.0724944330984272,0.21462223018442228,92.21202583312989,3.1299658988287584,95.34199173195864,89.08205993430113,98.4719576307874,85.95209403547237,DWARKESH.BO,2023-08-21 12:31:11.893573
163,2022-12-02 00:00:00+05:30,94.2034787753061,100.20712165832406,94.2034787753061,97.71780395507812,394289,0.0,0.0,2022-12-02,93.96797445940636,93.11592235507324,65.12810859170071,28.86632543926875,93.21191386926047,91.77029418945312,95.58345359864722,0.8520521043331257,0.0001541794559210552,91.77029418945312,2.9598352440416504,94.73012943349478,88.81045894541147,97.68996467753642,85.85062370136983,DWARKESH.BO,2023-08-21 12:31:11.893573
164,2022-12-01 00:00:00+05:30,94.98444366455078,96.3511203060777,94.8868175205882,94.98444366455078,95006,0.0,0.0,2022-12-01,93.28618727837514,92.74777182707284,58.135177339654184,26.51067969740092,92.73760964970072,91.3554084777832,94.51627842043177,0.5384154513022992,-0.21282030176338013,91.3554084777832,2.6473408139483063,94.0027492917315,88.7080676638349,96.65009010567981,86.06072684988659,DWARKESH.BO,2023-08-21 12:31:11.893573
165,2022-11-30 00:00:00+05:30,94.39871700151542,96.39993379616234,94.39871700151542,94.8868179321289,58987,0.0,0.0,2022-11-30,92.97741338997957,92.5688380800746,57.847663951513695,24.989246265298682,92.50110080603228,91.04790458679199,94.28219579837227,0.40857530990497537,-0.40062924002979994,91.04790458679199,2.559342442587157,93.60724702937914,88.48856214420483,96.1665894719663,85.92921970161767,DWARKESH.BO,2023-08-21 12:31:11.893573
166,2022-11-29 00:00:00+05:30,96.00944663615152,97.03446151698108,94.15466170541788,94.39871215820312,153655,0.0,0.0,2022-11-29,92.63024892777061,92.38339969191026,56.48800751120186,23.350779492265502,92.2499726874958,90.80141372680664,93.97988473149394,0.24684923586035268,-0.6029303775134938,90.80141372680664,2.402762682889937,93.20417640969659,88.3986510439167,95.60693909258652,85.99588836102677,DWARKESH.BO,2023-08-21 12:31:11.893573
167,2022-11-28 00:00:00+05:30,94.74039181545461,98.0106664990128,94.1058591281185,95.2284927368164,259894,0.0,0.0,2022-11-28,92.30871015860106,92.22217469460682,59.5070797409244,21.586276813614383,92.02378958531608,90.4158145904541,93.77047101813935,0.08653546399423817,-0.8153752808569553,90.4158145904541,2.413868250282788,92.8296828407369,88.00194634017132,95.24355109101968,85.58807808988853,DWARKESH.BO,2023-08-21 12:31:11.893573
168,2022-11-25 00:00:00+05:30,92.05583637441467,95.9118306583941,92.05583637441467,95.27729797363281,78542,0.0,0.0,2022-11-25,91.77784059892554,91.98166925123006,59.68552025245103,19.686043159682406,91.68645241147394,90.14735908508301,93.0414601588008,-0.20382865230452296,-1.0408529670697537,90.14735908508301,2.132638803828157,92.27999788891117,88.01472028125485,94.41263669273933,85.8820814774267,DWARKESH.BO,2023-08-21 12:31:11.893573
169,2022-11-24 00:00:00+05:30,91.12844121006894,96.15588222725253,91.12844121006894,93.76419067382812,367022,0.0,0.0,2022-11-24,91.14157562170604,91.71801895343783,55.984209145805714,18.267195766929177,91.30846866808879,90.03753623962402,91.92354125138479,-0.5764433317317952,-1.2501090457610613,90.03753623962402,1.8982351839706588,91.93577142359467,88.13930105565336,93.83400660756533,86.24106587168271,DWARKESH.BO,2023-08-21 12:31:11.893573
170,2022-11-23 00:00:00+05:30,91.37249250827534,92.39750743930585,90.44510372140326,90.9332046508789,93444,0.0,0.0,2022-11-23,90.66473652132021,91.55432521580661,47.614039811177165,16.739206267041087,91.04997161485308,90.02045249938965,91.00321654016311,-0.889588694486406,-1.4185254742683777,90.02045249938965,1.864162521098242,91.88461502048789,88.15628997829141,93.74877754158614,86.29212745719316,DWARKESH.BO,2023-08-21 12:31:11.893573
171,2022-11-22 00:00:00+05:30,90.78676973379193,92.05583508554638,90.78676973379193,91.47010803222656,88723,0.0,0.0,2022-11-22,90.61592413412772,91.60401486100082,49.27427106009955,16.551778238345072,91.06226287421877,90.21813316345215,91.0382224848052,-0.9880907268730965,-1.5507596692138705,90.21813316345215,2.1532567663194104,92.37138992977157,88.06487639713274,94.52464669609097,85.91161963081333,DWARKESH.BO,2023-08-21 12:31:11.893573
172,2022-11-21 00:00:00+05:30,91.47011060843958,92.73917599593666,90.83558536252012,91.03082275390625,104414,0.0,0.0,2022-11-21,90.46061797083703,91.61472740730277,47.89976236789133,16.51499997956866,91.01933180495479,90.34992065429688,90.82227971109452,-1.1541094364657312,-1.691426904799064,90.34992065429688,2.3089457908541573,92.65886644515103,88.04097486344273,94.9678122360052,85.73202907258856,DWARKESH.BO,2023-08-21 12:31:11.893573
173,2022-11-18 00:00:00+05:30,91.32368371672547,92.25107247143374,90.78676973379193,91.47010803222656,53343,0.0,0.0,2022-11-18,90.35694437391537,91.6614397795745,49.13609446577443,16.44357167668737,91.01812223138096,90.55736351013184,90.71800818968865,-1.3044954056591251,-1.8257562718823972,90.55736351013184,2.5473998951096077,93.10476340524144,88.00996361502223,95.65216330035105,85.46256371991262,DWARKESH.BO,2023-08-21 12:31:11.893573
174,2022-11-17 00:00:00+05:30,92.34869295686404,93.9106144177664,90.73795842462795,91.17725372314453,181083,0.0,0.0,2022-11-17,90.15455098149515,91.67674631936234,48.31972406971219,16.58213927986366,90.97054477866037,90.74284210205079,90.34195826841969,-1.5221953378671884,-1.956071488438215,90.74284210205079,2.744759006763396,93.48760110881419,87.99808309528738,96.23236011557758,85.253324088524,DWARKESH.BO,2023-08-21 12:31:11.893573
175,2022-11-16 00:00:00+05:30,89.61533312666847,94.05704709120951,89.61533312666847,92.34869384765625,489003,0.0,0.0,2022-11-16,89.96860502846799,91.71670572705976,51.410992450647115,16.73136592943813,90.94878594239887,90.95028495788574,89.92431054105725,-1.7481006985917702,-2.0645405260809717,90.95028495788574,2.9298583241884923,93.88014328207423,88.02042663369726,96.81000160626273,85.09056830950875,DWARKESH.BO,2023-08-21 12:31:11.893573
176,2022-11-15 00:00:00+05:30,88.73675139242849,89.76175888630529,87.95578691800209,89.42008972167969,121426,0.0,0.0,2022-11-15,89.5358616067974,91.66614667741204,42.9191995027514,16.892071552056787,90.80142721552969,91.06742897033692,88.71211888775774,-2.1302850706146472,-2.1436504829532717,91.06742897033692,3.0337103286111717,94.1011392989481,88.03371864172574,97.13484962755926,85.00000831311458,DWARKESH.BO,2023-08-21 12:31:11.893573
177,2022-11-14 00:00:00+05:30,87.37006605056808,89.12723236926422,87.37006605056808,88.29745483398438,128946,0.0,0.0,2022-11-14,89.55691104045516,91.84583123387064,39.14408727281092,17.25473952373118,90.94683116225073,91.38469429016114,88.35813347079676,-2.2889201934154784,-2.1469918360379276,91.38469429016114,3.18060397987512,94.56529827003625,88.20409031028602,97.74590224991138,85.02348633041089,DWARKESH.BO,2023-08-21 12:31:11.893573
178,2022-11-11 00:00:00+05:30,87.90697617328021,88.63912753247635,86.97957998293452,87.66292572021484,60454,0.0,0.0,2022-11-11,89.78590307799531,92.12970134586155,36.966637578865786,17.256638516882557,91.22571288101561,91.81422309875488,88.38847278920295,-2.3437982678662337,-2.1115097466935397,91.81422309875488,3.3188009840071353,95.13302408276202,88.49542211474774,98.45182506676915,85.17662113074061,DWARKESH.BO,2023-08-21 12:31:11.893573
179,2022-11-10 00:00:00+05:30,87.85816410368109,89.17603507567054,87.17482580645067,87.46768188476562,133106,0.0,0.0,2022-11-10,90.17189896122812,92.48704339591328,36.29470508562225,16.958911110044006,91.60074310846832,92.33893165588378,88.75124632369699,-2.315144434685152,-2.0534376164003665,92.33893165588378,3.454720307975653,95.79365196385943,88.88421134790813,99.2483722718351,85.42949103993247,DWARKESH.BO,2023-08-21 12:31:11.893573
180,2022-11-09 00:00:00+05:30,90.78677069754679,92.0558360627731,88.34626610890305,88.63912963867188,123872,0.0,0.0,2022-11-09,90.66357479331222,92.88859231680509,38.52558172882161,16.714132442491838,92.03580218464755,92.86608085632324,89.39302854316266,-2.225017523492866,-1.9880109118291702,92.86608085632324,3.476602432957816,96.34268328928106,89.38947842336542,99.81928572223887,85.9128759904076,DWARKESH.BO,2023-08-21 12:31:11.893573
181,2022-11-07 00:00:00+05:30,88.98079558902901,92.2022570613985,88.98079558902901,90.54271697998047,217049,0.0,0.0,2022-11-07,91.03165573051955,93.22854933105573,42.46114642582645,16.910425576598577,92.39334666317131,93.36150283813477,89.76997799540804,-2.1968936005361854,-1.9287592589132463,93.36150283813477,3.547807776144203,96.90931061427897,89.81369506199057,100.45711839042318,86.26588728584636,DWARKESH.BO,2023-08-21 12:31:11.893573
182,2022-11-04 00:00:00+05:30,89.42008624889269,90.0546189287423,87.95578350208388,88.68793487548828,125151,0.0,0.0,2022-11-04,91.120553685163,93.44341591914174,36.60597489432336,17.380184000048935,92.58814978771773,93.77882957458496,89.38360850312182,-2.3228622339787393,-1.8617256735075114,93.77882957458496,3.686954827345498,97.46578440193046,90.09187474723946,101.15273922927595,86.40491991989397,DWARKESH.BO,2023-08-21 12:31:11.893573
183,2022-11-03 00:00:00+05:30,88.8343700897745,90.0058093535849,88.59031962249489,89.42008972167969,128990,0.0,0.0,2022-11-03,91.56284801419477,93.82385440263403,38.023724451784666,16.690921593175183,92.99869872584713,94.232763671875,89.73144531693859,-2.261006388439256,-1.746441533389704,94.232763671875,3.584639724045328,97.81740339592034,90.64812394782967,101.40204311996567,87.06348422378434,DWARKESH.BO,2023-08-21 12:31:11.893573
184,2022-11-02 00:00:00+05:30,90.24985550817584,90.83558255992062,88.34626493349181,88.83436584472656,182128,0.0,0.0,2022-11-02,91.95244043101569,94.17615557711038,36.16836535766076,16.17533660091739,93.37539441049633,94.40603942871094,89.88712311456803,-2.2237151460946905,-1.617800319627316,94.40603942871094,3.4197238549069104,97.82576328361785,90.98631557380403,101.24548713852477,87.56659171889712,DWARKESH.BO,2023-08-21 12:31:11.893573
185,2022-11-01 00:00:00+05:30,87.37006437586132,90.29866988566673,85.80814292686422,89.95700073242188,275619,0.0,0.0,2022-11-01,92.51936308306826,94.60349875570108,38.18328201019816,15.62009122463977,93.85339741741946,94.53782653808594,90.41350174948876,-2.0841356726328257,-1.4663216130104724,94.53782653808594,3.2397571662330735,97.77758370431901,91.29806937185286,101.01734087055209,88.05831220561979,DWARKESH.BO,2023-08-21 12:31:11.893573
186,2022-10-31 00:00:00+05:30,87.85816870137228,88.39508271145681,86.10100234821313,86.68672943115234,286655,0.0,0.0,2022-10-31,92.98524714682215,94.97521859756341,27.18591710902932,14.736734007428046,94.26354443689289,94.73062629699707,90.6417522580222,-1.9899714507412654,-1.3118680981048838,94.73062629699707,3.0626998999242745,97.79332619692134,91.6679263970728,100.85602609684562,88.60522649714852,DWARKESH.BO,2023-08-21 12:31:11.893573
187,2022-10-28 00:00:00+05:30,93.66656385892085,94.10585915697858,88.24864809884086,89.85938262939453,470386,0.0,0.0,2022-10-28,94.13043218603485,95.6382977308763,32.369719735440384,12.711249795799457,95.06110391118136,95.08693962097168,92.6192636714571,-1.5078655448414509,-1.1423422599457884,95.08693962097168,2.42596771688178,97.51290733785346,92.66097190408989,99.93887505473523,90.23500418720812,DWARKESH.BO,2023-08-21 12:31:11.893573
188,2022-10-27 00:00:00+05:30,94.44752508758602,94.59395684860539,92.78798499024313,93.08084106445312,102106,0.0,0.0,2022-10-27,94.90698665087855,96.10061093899483,39.46816684089421,11.119587032968944,95.6086535197905,95.23581008911133,93.99920419248838,-1.1936242881162826,-1.0509614387218726,95.23581008911133,2.16568491450228,97.4014950036136,93.07012517460905,99.56717991811588,90.90444026010677,DWARKESH.BO,2023-08-21 12:31:11.893573
189,2022-10-25 00:00:00+05:30,94.98444481755274,94.98444481755274,93.2272784745037,93.42251586914062,91630,0.0,0.0,2022-10-25,95.23901312113772,96.34219252895817,40.33542707398167,11.161528042463662,95.87473904140495,95.31634674072265,94.458385756506,-1.1031794078204484,-1.01529572637327,95.31634674072265,2.110577497702044,97.42692423842469,93.20576924302061,99.53750173612674,91.09519174531856,DWARKESH.BO,2023-08-21 12:31:11.893573
190,2022-10-24 00:00:00+05:30,95.17968146962865,95.47254500712839,93.81299737434507,94.8868179321289,43628,0.0,0.0,2022-10-24,95.56928534877356,96.57576666174357,44.2089089652384,11.425323699343378,96.13286779638014,95.3187873840332,94.97632070018868,-1.0064813129700099,-0.9933248060114754,95.3187873840332,2.108299227707755,97.42708661174096,93.21048815632544,99.53538583944871,91.1021889286177,DWARKESH.BO,2023-08-21 12:31:11.893573
191,2022-10-21 00:00:00+05:30,95.42372882932088,96.49754935215665,93.5201382410133,94.1058578491211,99596,0.0,0.0,2022-10-21,95.69337033361805,96.71088256011275,41.41806438935249,12.000134118729841,96.26403093998553,95.51890907287597,95.02107208421856,-1.017512226494702,-0.9900356792718417,95.51890907287597,2.250312622947883,97.76922169582386,93.26859644992808,100.01953431877173,91.01828382698021,DWARKESH.BO,2023-08-21 12:31:11.893573
192,2022-10-20 00:00:00+05:30,95.08206117568861,95.4725434031851,94.00824063594501,95.17967987060547,66941,0.0,0.0,2022-10-20,95.98200896716295,96.91928453699208,44.23683223051136,12.619160724222956,96.49120705481336,95.90694923400879,95.47867920176728,-0.9372755698291257,-0.9831665424661264,95.90694923400879,2.630789049781281,98.53773828379008,93.2761601842275,101.16852733357135,90.64537113444624,DWARKESH.BO,2023-08-21 12:31:11.893573
193,2022-10-19 00:00:00+05:30,95.42373033181215,95.91183125422552,94.78919764310898,95.17967987060547,68440,0.0,0.0,2022-10-19,96.12788698471886,97.058452910303,44.23683223051136,12.759010875738966,96.62926254788788,96.22909584045411,95.62817886734817,-0.9305659255841476,-0.9946392856253766,96.22909584045411,2.9160561043052122,99.14515194475932,93.3130397361489,102.06120804906453,90.39698363184368,DWARKESH.BO,2023-08-21 12:31:11.893573
194,2022-10-18 00:00:00+05:30,94.83800992151156,96.1070678404779,94.83800992151156,95.32611083984375,83651,0.0,0.0,2022-10-18,96.30028827819402,97.2087547534788,44.603758733425586,13.245054031175853,96.78185019812814,96.56832580566406,95.8524283657195,-0.9084664752847829,-1.0106576256356838,96.56832580566406,3.1710349919277045,99.73936079759176,93.39729081373636,102.91039578951947,90.22625582180865,DWARKESH.BO,2023-08-21 12:31:11.893573
195,2022-10-17 00:00:00+05:30,94.93562454538247,96.35111416872715,94.20347319927411,94.69157409667969,52308,0.0,0.0,2022-10-17,96.47741144880317,97.35936626656961,42.751843187452195,13.788963176019367,96.93508592005281,96.72939872741699,96.11558712865737,-0.8819548177664416,-1.036205413223409,96.72939872741699,3.186395525448299,99.9157942528653,93.54300320196869,103.10218977831359,90.3566076765204,DWARKESH.BO,2023-08-21 12:31:11.893573
196,2022-10-14 00:00:00+05:30,97.6689941172902,98.84043331073032,95.27729521292589,95.76539611816406,87197,0.0,0.0,2022-10-14,96.80210914918925,97.5727896401608,45.13129676664661,14.374711485850842,97.17124505935524,96.99053268432617,96.8275936446462,-0.7706804909715572,-1.0747680620876507,96.99053268432617,3.2243805001587913,100.21491318448496,93.76615218416738,103.43929368464376,90.54177168400858,DWARKESH.BO,2023-08-21 12:31:11.893573
197,2022-10-13 00:00:00+05:30,97.47375061053557,98.59638419739845,96.64398054992522,96.88803100585938,67754,0.0,0.0,2022-10-13,96.99060242755746,97.71738112192054,47.7123864445832,15.417285814692592,97.319229158428,97.2541072845459,97.35869240788726,-0.7267786943630767,-1.150789954866674,97.2541072845459,3.3326026174860712,100.58670990203197,93.92150466705982,103.91931251951804,90.58890204957375,DWARKESH.BO,2023-08-21 12:31:11.893573
198,2022-10-12 00:00:00+05:30,97.4737511139508,98.98686692768878,96.44874366243089,98.15709686279297,173942,0.0,0.0,2022-10-12,97.00925177695711,97.78372913120543,50.76963192312399,16.114811854635665,97.36461843764575,97.36881103515626,97.5940231089012,-0.7744773542483188,-1.2567927699925732,97.36881103515626,3.3587167990013427,100.7275278341576,94.01009423615491,104.08624463315894,90.65137743715357,DWARKESH.BO,2023-08-21 12:31:11.893573
199,2022-10-11 00:00:00+05:30,97.4737519042419,101.86666016936093,97.37613321013838,98.01066589355469,316379,0.0,0.0,2022-10-11,96.8005526704415,97.75385971267843,50.42121607847968,16.865993743805127,97.2811996560513,97.5030387878418,97.31248623195529,-0.9533070422369292,-1.3773716239286369,97.5030387878418,3.4444270750488997,100.94746586289071,94.0586117127929,104.3918929379396,90.614184637744,DWARKESH.BO,2023-08-21 12:31:11.893573
200,2022-10-10 00:00:00+05:30,98.88924586505152,99.47496545871925,97.27851139659369,98.54756927490234,148699,0.0,0.0,2022-10-10,96.58053208442092,97.73331521820833,51.64299910334635,17.313606985881094,97.2044137363141,97.66899299621582,96.96339640115558,-1.152783133787409,-1.4833877693515638,97.66899299621582,3.548555655293968,101.21754865150979,94.12043734092185,104.76610430680375,90.57188168562789,DWARKESH.BO,2023-08-21 12:31:11.893573
201,2022-10-07 00:00:00+05:30,98.35233770515953,100.15830966228894,97.18089844859699,98.88925170898438,168634,0.0,0.0,2022-10-07,96.22288895887884,97.66817489367281,52.38514518123574,18.605063391486027,97.06302894277849,97.8300666809082,96.17130996428217,-1.4452859347939722,-1.5660389282426022,97.8300666809082,3.6618396038161767,101.49190628472438,94.16822707709203,105.15374588854056,90.50638747327585,DWARKESH.BO,2023-08-21 12:31:11.893573
202,2022-10-06 00:00:00+05:30,93.12965803121732,98.59638690468346,93.12965803121732,97.76661682128906,321904,0.0,0.0,2022-10-06,95.73809573158692,97.5704887484479,50.195883878976964,19.99586259752211,96.87079496738839,98.03506889343262,94.81233909193107,-1.8323930168609763,-1.5962271766047595,98.03506889343262,3.8349334179340024,101.87000231136662,94.20013547549863,105.70493572930063,90.36520205756462,DWARKESH.BO,2023-08-21 12:31:11.893573
203,2022-10-04 00:00:00+05:30,91.81178434370024,93.32489269919306,91.81178434370024,92.88560485839844,73709,0.0,0.0,2022-10-04,95.36927371527744,97.55479850262061,38.813672748891285,21.028299211195755,96.77649793013569,98.23519020080566,93.33520022725206,-2.1855247873431694,-1.537185716540705,98.23519020080566,3.923593259182613,102.15878345998827,94.31159694162305,106.08237671917088,90.38800368244044,DWARKESH.BO,2023-08-21 12:31:11.893573
204,2022-10-03 00:00:00+05:30,93.03203691064091,95.66777885926462,90.93320149712189,91.47010803222656,249285,0.0,0.0,2022-10-03,95.82084987107363,97.92833399415838,34.78667306094651,19.778522686457286,97.1860656218975,98.71841011047363,93.55999791167886,-2.1074841230847454,-1.375100948840089,98.71841011047363,3.8239316649615183,102.54234177543515,94.8944784455121,106.36627344039667,91.07054678055059,DWARKESH.BO,2023-08-21 12:31:11.893573
205,2022-09-30 00:00:00+05:30,93.76419028704214,95.37491737467224,92.4463118366844,93.81299591064453,74700,0.0,0.0,2022-09-30,96.61189384177311,98.44499207111294,38.68234956182209,18.43260950596971,97.78774536817865,99.0625213623047,94.60494285140501,-1.833098229339825,-1.1920051552789248,99.0625213623047,3.4263260398655975,102.4888474021703,95.6361953224391,105.9151734420359,92.2098692825735,DWARKESH.BO,2023-08-21 12:31:11.893573
206,2022-09-29 00:00:00+05:30,93.71537721561074,95.66778090760263,93.71537721561074,93.81299591064453,57842,0.0,0.0,2022-09-29,97.12078437470558,98.8155517639504,38.682349561822086,17.35357960912973,98.20614004791908,99.28460731506348,95.00091632178524,-1.6947673892448165,-1.0317318867636998,99.28460731506348,3.2049557250909904,102.48956304015448,96.07965158997249,105.69451876524546,92.8746958648815,DWARKESH.BO,2023-08-21 12:31:11.893573
207,2022-09-28 00:00:00+05:30,94.00823864992903,95.52134700874714,91.76297147512942,92.8367919921875,132264,0.0,0.0,2022-09-28,97.72220045908031,99.21575623221486,36.09816100947882,16.521928554455524,98.66857627289535,99.4505615234375,95.59487652735558,-1.4935557731345455,-0.8659730111434204,99.4505615234375,2.985113142132661,102.43567466557016,96.46544838130484,105.42078780770282,93.48033523917218,DWARKESH.BO,2023-08-21 12:31:11.893573
208,2022-09-27 00:00:00+05:30,95.08205630416987,96.20468985776839,94.00823581944334,94.69157409667969,154730,0.0,0.0,2022-09-27,98.61045654396992,99.72607337141704,38.977649223314614,15.558670211362214,99.28244830244354,99.55550346374511,96.97391879493959,-1.115616827447127,-0.7090773206456391,99.55550346374511,2.76947177918707,102.32497524293218,96.78603168455804,105.09444702211925,94.01655990537097,DWARKESH.BO,2023-08-21 12:31:11.893573
209,2022-09-26 00:00:00+05:30,97.62018666877448,98.10828760211835,92.73917733533575,93.47132873535156,239900,0.0,0.0,2022-09-26,99.32298062529541,100.12883331339603,35.84384414350423,15.112143783695853,99.76569821883973,99.4408000946045,98.11509114406954,-0.8058526881006145,-0.6074424439452671,99.4408000946045,3.0178894342009785,102.45868952880548,96.42291066040352,105.47657896300646,93.40502122620254,DWARKESH.BO,2023-08-21 12:31:11.893573
210,2022-09-23 00:00:00+05:30,101.86666292267633,102.20833208518798,98.54757509864358,98.88925170898438,159999,0.0,0.0,2022-09-23,100.38691733255793,100.66143367963959,45.478717983890036,14.631269169285925,100.42826342762797,99.45300254821777,100.43697234842853,-0.27451634708165784,-0.5578398829064303,99.45300254821777,2.99287197188747,102.44587452010524,96.4601305763303,105.4387464919927,93.46725860444283,DWARKESH.BO,2023-08-21 12:31:11.893573
211,2022-09-22 00:00:00+05:30,101.57380498687243,102.98929468348541,99.76782561472818,101.86666107177734,163510,0.0,0.0,2022-09-22,100.65922017320767,100.80320823729201,52.712730568035646,15.474628635693241,100.5902646611694,99.24799995422363,101.2108326681506,-0.14398806408433984,-0.6286707668626232,99.24799995422363,3.168771052543341,102.41677100676696,96.0792289016803,105.58554205931031,92.91045784913695,DWARKESH.BO,2023-08-21 12:31:11.893573
212,2022-09-21 00:00:00+05:30,102.74524562656495,104.89288673653965,100.3047409798532,101.62261199951172,329145,0.0,0.0,2022-09-21,100.43968546437682,100.71813201053318,52.143454818644,15.854896722405014,100.4559071442633,98.9575798034668,100.88291846633723,-0.2784465461563599,-0.749841442557194,98.9575798034668,3.18228054380894,102.13986034727574,95.77529925965786,105.32214089108469,92.59301871584891,DWARKESH.BO,2023-08-21 12:31:11.893573
213,2022-09-20 00:00:00+05:30,98.79162319586459,103.91668285415244,98.79162319586459,101.96427917480469,349482,0.0,0.0,2022-09-20,100.22460791253411,100.6457736114149,52.982516761016676,16.02802634306572,100.33309610686874,98.63299255371093,100.51307169974999,-0.4211656988807846,-0.8676901666574024,98.63299255371093,3.226905608499466,101.8598981622104,95.40608694521147,105.08680377070986,92.179181336712,DWARKESH.BO,2023-08-21 12:31:11.893573
214,2022-09-19 00:00:00+05:30,98.01066275063555,101.13450554874932,96.8880291848723,98.54756927490234,205910,0.0,0.0,2022-09-19,99.90830404666673,100.54029316634372,44.665834918337474,16.541788881628968,100.16139262603336,98.22786903381348,99.78746796222262,-0.6319891196769873,-0.9793212836015567,98.22786903381348,3.294570486104539,101.52243951991801,94.93329854770894,104.81701000602256,91.6387280616044,DWARKESH.BO,2023-08-21 12:31:11.893573
215,2022-09-16 00:00:00+05:30,100.74402327940369,101.47617463302677,98.05946831611908,99.91425323486328,158793,0.0,0.0,2022-09-16,100.1557103688057,100.69971107765903,47.81165797455242,17.48830200809552,100.33126876825767,98.2937629699707,100.40741730588275,-0.5440007088533321,-1.066154324582699,98.2937629699707,3.314420767636102,101.60818373760681,94.97934220233459,104.9226045052429,91.6649214346985,DWARKESH.BO,2023-08-21 12:31:11.893573
216,2022-09-15 00:00:00+05:30,98.93805272513292,102.79405437338679,98.93805272513292,101.0368881225586,215205,0.0,0.0,2022-09-15,100.19961166588615,100.7625477050827,50.512311359914804,18.700971028784988,100.37516514019393,98.41822891235351,100.65399934139246,-0.5629360391965434,-1.1966927285150406,98.41822891235351,3.4234256642981142,101.84165457665162,94.9948032480554,105.26508024094974,91.57137758375728,DWARKESH.BO,2023-08-21 12:31:11.893573
217,2022-09-14 00:00:00+05:30,98.20590417251886,100.06068916862502,98.20590417251886,99.1821060180664,168696,0.0,0.0,2022-09-14,100.0473795828548,100.74060047168463,45.81815139588371,19.652349208784972,100.3055100894187,98.51096839904785,100.46255495080939,-0.6932208888298277,-1.355131900844665,98.51096839904785,3.5218070978052847,102.03277549685313,94.98916130124258,105.55458259465843,91.46735420343728,DWARKESH.BO,2023-08-21 12:31:11.893573
218,2022-09-13 00:00:00+05:30,102.01309113219178,102.50119204669987,100.45116969533166,100.8416519165039,144892,0.0,0.0,2022-09-13,100.20470204917997,100.86528002797408,49.75008541889164,20.5659691865857,100.42376314956104,98.68424415588379,101.10277941718086,-0.6605779787941088,-1.5206096538483742,98.68424415588379,3.6398406559153194,102.32408481179911,95.04440349996847,105.96392546771443,91.40456284405315,DWARKESH.BO,2023-08-21 12:31:11.893573
219,2022-09-12 00:00:00+05:30,102.20832572486964,103.0869088365328,101.08569961045254,101.32975006103516,126936,0.0,0.0,2022-09-12,100.0888929823938,100.86717027689168,50.94848950273495,21.825233122901288,100.3797748583039,98.80138816833497,101.23334316751931,-0.7782772944978831,-1.7356175726119403,98.80138816833497,3.748993475726246,102.55038164406122,95.05239469260871,106.29937511978746,91.30340121688248,DWARKESH.BO,2023-08-21 12:31:11.893573
220,2022-09-09 00:00:00+05:30,104.25836066798055,104.25836066798055,101.32975511492299,101.76904296875,89178,0.0,0.0,2022-09-09,99.863282604459,100.83016389416021,51.99278754787543,22.898723708752136,100.27977746854272,98.87460327148438,101.18513972076136,-0.966881289701206,-1.9749526421404544,98.87460327148438,3.8146920418969934,102.68929531338136,95.05991122958739,106.50398735527835,91.2452191876904,DWARKESH.BO,2023-08-21 12:31:11.893573
221,2022-09-08 00:00:00+05:30,101.86666233385571,105.08813144252537,100.7928417802422,102.98929595947266,121712,0.0,0.0,2022-09-08,99.51678072004245,100.75505356819303,54.88949656059221,23.9489527520018,100.1230126790472,98.85263862609864,100.89318809676703,-1.2382728481505865,-2.2269704802502663,98.85263862609864,3.798378794058611,102.65101742015725,95.05425983204003,106.44939621421587,91.25588103798141,DWARKESH.BO,2023-08-21 12:31:11.893573
222,2022-09-07 00:00:00+05:30,102.0130934315048,103.86787843800705,101.13451027602171,101.76904296875,123977,0.0,0.0,2022-09-07,98.88541431287332,100.57631417689068,52.428422769460866,25.07996864473221,99.82129864952874,98.98930702209472,99.84513416541421,-1.6908998640173536,-2.474144888275186,98.98930702209472,3.998932067162377,102.98823908925709,94.99037495493235,106.98717115641948,90.99144288776996,DWARKESH.BO,2023-08-21 12:31:11.893573
223,2022-09-06 00:00:00+05:30,99.37734717135767,103.6726291742518,99.03567057982082,102.55000305175781,289665,0.0,0.0,2022-09-06,98.36111819362301,100.48089587354194,54.183365828058754,26.704206880644453,99.61627293171597,99.15038032531739,98.88317976374628,-2.1197776799189256,-2.669956144339644,99.15038032531739,4.177674355192283,103.32805468050967,94.9727059701251,107.50572903570195,90.79503161493282,DWARKESH.BO,2023-08-21 12:31:11.893573
224,2022-09-05 00:00:00+05:30,99.0356713616585,99.52377227018876,98.01066392244223,98.35233306884766,190983,0.0,0.0,2022-09-05,97.59950276487123,100.31536729928467,44.97388640964915,28.51781108741529,99.30745923486946,99.35050163269042,97.0497681197405,-2.7158645344134413,-2.807500760444823,99.35050163269042,4.436915829236113,103.78741746192654,94.91358580345431,108.22433329116265,90.4766699742182,DWARKESH.BO,2023-08-21 12:31:11.893573
225,2022-09-02 00:00:00+05:30,98.25471496582031,98.84043457000271,96.35111694244148,98.25471496582031,176557,0.0,0.0,2022-09-02,97.4626245277846,100.47241003771964,44.728256589645255,29.403286963849038,99.40799883129282,99.86544837951661,96.39848564518692,-3.0097855099350426,-2.8304098169526686,99.86544837951661,4.889530873174462,104.75497925269107,94.97591750634214,109.64451012586554,90.08638663316768,DWARKESH.BO,2023-08-21 12:31:11.893573
226,2022-09-01 00:00:00+05:30,94.98443907562962,98.54756972324759,94.3499064096741,97.132080078125,254363,0.0,0.0,2022-09-01,97.31860808450537,100.64982564347159,42.03738119182419,30.06138359661935,99.5293971329215,100.54390869140624,95.47037098487021,-3.331217558966216,-2.7855658937070746,100.54390869140624,5.550946686890296,106.09485537829654,94.99296200451595,111.64580206518684,89.44201531762565,DWARKESH.BO,2023-08-21 12:31:11.893573
227,2022-08-30 00:00:00+05:30,93.42251493758941,96.98565321290269,93.08084577646713,94.93563079833984,318800,0.0,0.0,2022-08-30,97.35252226748362,100.93124528869932,36.38873416725921,30.647037963664296,99.7817462965843,101.3004653930664,94.63951643824282,-3.578723021215694,-2.649152977392289,101.3004653930664,6.068474001695082,107.36893939476148,95.23199139137132,113.43741339645656,89.16351738967624,DWARKESH.BO,2023-08-21 12:31:11.893573
228,2022-08-29 00:00:00+05:30,92.83679456781465,94.3987160403078,90.83558524137402,92.39750671386719,268564,0.0,0.0,2022-08-29,97.79195708005523,101.41089444792807,28.96742834595524,30.616894956936157,100.29186371745215,102.28398857116699,94.49145925819431,-3.618937367872846,-2.416760466436437,102.28398857116699,6.556970752105362,108.84095932327234,95.72701781906163,115.39793007537772,89.17004706695626,DWARKESH.BO,2023-08-21 12:31:11.893573
229,2022-08-26 00:00:00+05:30,94.30109742934899,95.61896844020279,93.08084511414563,93.71537780761719,290245,0.0,0.0,2022-08-26,98.77276623754396,102.13196546665294,30.69556235125765,29.365213288329016,101.12284866519794,103.28459548950195,95.53843553035787,-3.359199229108981,-2.1162162410773346,103.28459548950195,6.4955270260086335,109.78012251551058,96.78906846349332,116.27564954151921,90.29354143748469,DWARKESH.BO,2023-08-21 12:31:11.893573
230,2022-08-25 00:00:00+05:30,95.08206336843509,97.81542412828824,94.20348019826369,94.78919982910156,410901,0.0,0.0,2022-08-25,99.69229140662156,102.8052924793758,32.13874587990912,28.458522211528965,101.90258243968012,104.12412872314454,96.4499643917282,-3.11300107275423,-1.8054704940694233,104.12412872314454,6.27496531405301,110.39909403719754,97.84916340909153,116.67405935125056,91.57419809503851,DWARKESH.BO,2023-08-21 12:31:11.893573
231,2022-08-24 00:00:00+05:30,94.7403871237922,97.62017943808424,93.42250874311517,96.05825805664062,203044,0.0,0.0,2022-08-24,100.58376260253428,103.44657989139773,33.89512586821449,27.721077591555584,102.65135955658312,105.00027008056641,97.28034667304152,-2.8628172888634538,-1.4785878493982214,105.00027008056641,6.124484558172498,111.1247546387389,98.87578552239391,117.2492391969114,92.75130096422141,DWARKESH.BO,2023-08-21 12:31:11.893573
232,2022-08-23 00:00:00+05:30,91.76297361161065,95.66778099933876,91.17725399301723,95.13086700439453,549909,0.0,0.0,2022-08-23,101.40658161087859,104.0376456381783,31.34381263805524,26.835589958829488,103.34537024078759,105.83004188537598,97.89139098124194,-2.631064027299715,-1.1325304895319133,105.83004188537598,5.971519276820486,111.80156116219646,99.85852260855549,117.77308043901695,93.887003331735,DWARKESH.BO,2023-08-21 12:31:11.893573
233,2022-08-22 00:00:00+05:30,96.25350031518471,97.81542177579742,93.22727608877965,93.86180877685547,253668,0.0,0.0,2022-08-22,102.54762063023932,104.750187928881,27.810856235253922,24.952563721455995,104.21005479198685,106.72082595825195,99.27165296966562,-2.202567298641682,-0.7578971050899628,106.72082595825195,5.609316519138058,112.33014247739001,101.11150943911389,117.93945899652806,95.50219291997584,DWARKESH.BO,2023-08-21 12:31:11.893573
234,2022-08-19 00:00:00+05:30,102.40357121081915,102.40357121081915,98.84043311989424,99.86544799804688,189650,0.0,0.0,2022-08-19,104.12685914903639,105.62125826104304,35.91958448525506,23.270842786596944,105.2993438462112,107.71655197143555,101.97657506607068,-1.494399112006647,-0.39672955670203286,107.71655197143555,4.933348384806371,112.64990035624191,102.78320358662918,117.5832487410483,97.8498552018228,DWARKESH.BO,2023-08-21 12:31:11.893573
235,2022-08-18 00:00:00+05:30,103.47739259154528,103.57501128366965,101.81785248194447,102.40357208251953,146270,0.0,0.0,2022-08-18,104.90166117648903,106.08172308208273,40.569388286901706,22.71656666171183,105.87133288286009,108.30227317810059,103.03213860008256,-1.1800619055937034,-0.12231216787587926,108.30227317810059,4.6387647054034575,112.94103788350405,103.66350847269713,117.57980258890751,99.02474376729367,DWARKESH.BO,2023-08-21 12:31:11.893573
236,2022-08-17 00:00:00+05:30,102.20833208360345,103.23334701895166,101.8666629210971,102.89167785644531,53061,0.0,0.0,2022-08-17,105.35585919357439,106.37597516204778,41.53248277591367,23.073132365308894,106.23636033552752,108.67322998046875,103.34642185886406,-1.020115968473391,0.14212526655357677,108.67322998046875,4.434372267288004,113.10760224775674,104.23885771318075,117.54197451504476,99.80448544589274,DWARKESH.BO,2023-08-21 12:31:11.893573
237,2022-08-16 00:00:00+05:30,104.45359300217287,104.45359300217287,101.524987590897,102.64762115478516,161491,0.0,0.0,2022-08-16,105.80389216396149,106.65471894649599,40.89432198055239,23.281226782544657,106.58843217543091,109.05394821166992,103.57379386007342,-0.8508267825344973,0.4326855753103187,109.05394821166992,4.234217879428341,113.28816609109826,104.81973033224158,117.5223839705266,100.58551245281323,DWARKESH.BO,2023-08-21 12:31:11.893573
238,2022-08-12 00:00:00+05:30,102.89167608036102,104.2583601546243,101.96427985776175,103.18453216552734,95338,0.0,0.0,2022-08-12,106.37775962017538,106.97528676983285,41.84864343455047,23.505328462644712,107.00325438813046,109.50056076049805,104.03688021271753,-0.5975271496574663,0.7535636647715226,109.50056076049805,3.9867770248512366,113.48733778534928,105.51378373564681,117.47411481020052,101.52700671079558,DWARKESH.BO,2023-08-21 12:31:11.893573
239,2022-08-11 00:00:00+05:30,102.50118860601764,104.69764264757517,102.40356991595858,102.79405212402344,127184,0.0,0.0,2022-08-11,106.95834643011139,107.27854713817729,40.92409812537483,23.881063321100413,107.40522514840447,109.69580116271973,104.46305423631262,-0.3202007080658973,1.0913363683787698,109.69580116271973,3.749756630063529,113.44555779278326,105.9460445326562,117.19531442284679,102.19628790259267,DWARKESH.BO,2023-08-21 12:31:11.893573
240,2022-08-10 00:00:00+05:30,104.94169375052645,106.01551424352424,100.74402302137392,101.32975006103516,94672,0.0,0.0,2022-08-10,107.71549084940011,107.6373067393096,37.46809965594371,24.415885418278453,107.89061178254985,109.94229202270508,105.29755529245719,0.07818411009051829,1.4442206374899367,109.94229202270508,3.4196955959693387,113.36198761867442,106.52259642673573,116.78168321464375,103.1029008307664,DWARKESH.BO,2023-08-21 12:31:11.893573
241,2022-08-08 00:00:00+05:30,104.30716672089669,106.55243396660825,104.30716672089669,105.72266387939453,137452,0.0,0.0,2022-08-08,108.87653462910282,108.14191127357155,44.782897969869616,24.99184767677788,108.5812288058672,110.3303321838379,107.28145790816818,0.7346233555312693,1.7857297693397913,110.3303321838379,2.7694776052887313,113.09980978912662,107.56085457854917,115.86928739441535,104.79137697326044,DWARKESH.BO,2023-08-21 12:31:11.893573
242,2022-08-05 00:00:00+05:30,106.55243046029486,107.9679201243842,103.67263061401029,104.99050903320312,153538,0.0,0.0,2022-08-05,109.44996567450434,108.33545106510572,43.06664572900338,26.69972104549137,108.88213037707484,110.45235710144043,108.060854922555,1.1145146093986256,2.0485063727919215,110.45235710144043,2.6046348840620244,113.05699198550245,107.8477222173784,115.66162686956447,105.24308733331638,DWARKESH.BO,2023-08-21 12:31:11.893573
243,2022-08-04 00:00:00+05:30,110.60366820591744,110.60366820591744,106.06432829354009,106.55242919921875,130393,0.0,0.0,2022-08-04,110.26077597292274,108.60304642765792,45.89747276853583,28.53896928872128,109.29177472906133,110.35717735290527,109.59602786723092,1.6577295452648286,2.2820043136402455,110.35717735290527,2.8389686586850846,113.19614601159036,107.51820869422018,116.03511467027543,104.6792400355351,DWARKESH.BO,2023-08-21 12:31:11.893573
244,2022-08-03 00:00:00+05:30,113.53227721589398,113.53227721589398,107.67506616326652,108.6512680053711,145323,0.0,0.0,2022-08-03,110.93502084086893,108.76709580593305,50.0061880795156,30.131754625639445,109.5801268900974,110.11800804138184,111.11782720123699,2.1679250349358767,2.4380730057340996,110.11800804138184,3.3345955515092904,113.45260359289114,106.78341248987255,116.78719914440042,103.44881693836327,DWARKESH.BO,2023-08-21 12:31:11.893573
245,2022-08-02 00:00:00+05:30,111.57987074917311,113.5322743846944,110.11556802253214,111.82392120361328,129784,0.0,0.0,2022-08-02,111.35024862914126,108.77636202997802,57.1812604527147,31.238668455799345,109.67790150954228,109.70556259155273,112.35110679916991,2.573886599163245,2.5056099984336555,109.70556259155273,3.9743341525101052,113.67989674406284,105.73122843904262,117.65423089657294,101.75689428653253,DWARKESH.BO,2023-08-21 12:31:11.893573
246,2022-08-01 00:00:00+05:30,108.89532066711995,115.09420100022311,108.89532066711995,112.26321411132812,259798,0.0,0.0,2022-08-01,111.26412634287362,108.53255729608719,58.258647285233444,31.40627063647178,109.45200469964007,109.1393653869629,112.61469959694821,2.731569046786433,2.488540848251258,109.1393653869629,4.436422708290589,113.57578809525349,104.7029426786723,118.01221080354406,100.26651997038172,DWARKESH.BO,2023-08-21 12:31:11.893573
247,2022-07-29 00:00:00+05:30,114.41084952901241,116.16801577192088,111.14057494432662,114.60609436035156,503480,0.0,0.0,2022-07-29,111.08247402133645,108.23410475086791,64.23548470145947,31.58676529258056,109.15608791946238,108.53412017822265,112.79044233975824,2.848369270468538,2.427783798617464,108.53412017822265,4.798736529892574,113.33285670811523,103.73538364833007,118.1315932380078,98.9366471184375,DWARKESH.BO,2023-08-21 12:31:11.893573
248,2022-07-28 00:00:00+05:30,111.28701145787292,114.11799832663024,110.79891053042611,112.4096450805664,242006,0.0,0.0,2022-07-28,110.44181577787916,107.72434558210922,60.71715869715914,30.78394720079598,108.58240303094772,107.76048049926757,111.88261632946157,2.717470195769934,2.3226374306546953,107.76048049926757,5.010860526959459,112.77134102622703,102.74961997230811,117.7822015531865,97.73875944534865,DWARKESH.BO,2023-08-21 12:31:11.893573
249,2022-07-27 00:00:00+05:30,112.31202179650793,112.40964048844359,109.82270418909037,110.50604248046875,58639,0.0,0.0,2022-07-27,110.08402863193602,107.34952162223266,57.35264691767322,30.334524028909385,108.17953544677734,107.06737670898437,111.61910195390912,2.734507009703364,2.2239292393758854,107.06737670898437,5.285137481825319,112.35251419080969,101.78223922715905,117.637651672635,96.49710174533374,DWARKESH.BO,2023-08-21 12:31:11.893573
250,2022-07-26 00:00:00+05:30,112.5072643704168,114.16680455336505,111.4822494382358,112.31202697753906,97554,0.0,0.0,2022-07-26,110.0072988412937,107.09699995357377,62.05407453562169,30.228941633052766,107.93463996954667,106.55975227355957,112.1756316906293,2.9102988877199323,2.096284796794016,106.55975227355957,5.423235733624944,111.98298800718452,101.13651653993462,117.40622374080945,95.71328080630968,DWARKESH.BO,2023-08-21 12:31:11.893573
251,2022-07-25 00:00:00+05:30,113.14179507425,114.31323430652152,111.57987361527832,112.65369415283203,142895,0.0,0.0,2022-07-25,109.58825736197636,106.67979779165654,62.95422861449724,29.352424660019004,107.473862389758,105.96426887512207,112.10743404717441,2.9084595703198204,1.8927812740625365,105.96426887512207,5.412223244985035,111.3764921201071,100.55204563013704,116.78871536509214,95.139822385152,DWARKESH.BO,2023-08-21 12:31:11.893573
252,2022-07-22 00:00:00+05:30,114.89895211690188,115.24062871478786,112.06797277543265,112.94654846191406,100515,0.0,0.0,2022-07-22,109.03090521818442,106.20188608276251,63.68591392099646,28.363493086356925,106.92861694101336,105.33949966430664,111.83430399434559,2.829019135421902,1.6388616999982155,105.33949966430664,5.3197994913369175,110.65929915564357,100.01970017296972,115.97909864698047,94.69990068163281,DWARKESH.BO,2023-08-21 12:31:11.893573
253,2022-07-21 00:00:00+05:30,113.1906019699789,116.70493460195323,112.55607672326656,113.77632904052734,245202,0.0,0.0,2022-07-21,108.31897008296085,105.6623130924304,65.71576610468603,27.084653495007256,106.29515046512908,104.80258865356446,111.27818176056134,2.6566569905304505,1.3413223411422939,104.80258865356446,5.046502907425138,109.84909156098959,99.75608574613932,114.89559446841473,94.70958283871418,DWARKESH.BO,2023-08-21 12:31:11.893573
254,2022-07-20 00:00:00+05:30,110.01794324531947,114.50847762090713,109.5298423303929,111.57987213134766,354806,0.0,0.0,2022-07-20,107.32672299976694,105.01319181658263,62.79729461009129,25.501253155932616,105.50765798350821,103.78733863830567,110.02910812057833,2.3135311831843097,1.0124886787952545,103.78733863830567,5.186680427230939,108.97401906553661,98.60065821107473,114.16069949276755,93.41397778384379,DWARKESH.BO,2023-08-21 12:31:11.893573
255,2022-07-19 00:00:00+05:30,111.18939220950939,111.28701090494792,109.3834202764949,109.82270812988281,147138,0.0,0.0,2022-07-19,106.55342315766137,104.48785739140143,60.28592421489107,24.13305526923276,104.86847754689353,102.86970863342285,109.25372611519364,2.0655657662599367,0.6872280526979905,102.86970863342285,5.356166908913578,108.22587554233642,97.51354172450927,113.58204245125,92.15737481559569,DWARKESH.BO,2023-08-21 12:31:11.893573
256,2022-07-18 00:00:00+05:30,112.2632087266257,112.84892832606843,109.3346032815833,110.50604248046875,181109,0.0,0.0,2022-07-18,105.95900770816655,104.06106933232293,61.78219834137097,23.22100716566074,104.3469795907894,102.01797256469726,108.96923510784904,1.8979383758436228,0.34264362430750384,102.01797256469726,5.543463588483148,107.56143615318041,96.47450897621411,113.10489974166356,90.93104538773096,DWARKESH.BO,2023-08-21 12:31:11.893573
257,2022-07-15 00:00:00+05:30,106.99171906234047,112.16559173969377,106.99171906234047,111.57987213134766,169248,0.0,0.0,2022-07-15,105.13227411320253,103.54547148047126,64.10702761442599,22.238801515660107,103.69865718134947,100.83432807922364,108.20083142153918,1.5868026327312634,-0.04618006357652593,100.83432807922364,6.1318019953451,106.96613007456874,94.70252608387854,113.09793206991384,88.57072408853344,DWARKESH.BO,2023-08-21 12:31:11.893573
258,2022-07-14 00:00:00+05:30,107.82149159912976,108.3584055969852,105.62503743162331,107.08934020996094,89952,0.0,0.0,2022-07-14,103.95998356444888,102.90271942840116,57.94001725146648,21.29972734720686,102.86905560766546,100.04360427856446,106.51131106663492,1.0572641360477206,-0.45442573765347327,100.04360427856446,5.675911195864141,105.7195154744286,94.36769308270031,111.39542667029274,88.69178188683618,DWARKESH.BO,2023-08-21 12:31:11.893573
259,2022-07-13 00:00:00+05:30,110.70128785320685,111.14057569297866,107.28458148395866,107.72386932373047,147603,0.0,0.0,2022-07-13,103.39100962890123,102.56778976587638,59.26675763036493,21.006826166293827,102.42481512321329,99.4554428100586,106.2222964949719,0.8232198630248462,-0.8323482060787717,99.4554428100586,5.514559969237827,104.97000277929642,93.94088284082078,110.48456274853426,88.42632287158294,DWARKESH.BO,2023-08-21 12:31:11.893573
260,2022-07-12 00:00:00+05:30,108.94412152126162,112.01915874097172,106.89409919073118,109.0905532836914,202305,0.0,0.0,2022-07-12,102.6032169571141,102.15530340124805,62.14001143145949,20.102474151459532,101.86701994421148,99.0039493560791,105.47151008059261,0.44791355586605164,-1.246240223354676,99.0039493560791,5.160237919961483,104.1641872760406,93.84371143611762,109.32442519600207,88.68347351615614,DWARKESH.BO,2023-08-21 12:31:11.893573
261,2022-07-11 00:00:00+05:30,103.47739062044465,110.50604058911698,103.2821532399149,108.16316223144531,258341,0.0,0.0,2022-07-11,101.42370126137277,101.60048341065259,60.94657399109099,19.128556597022595,101.10664801373991,98.39626388549804,103.66198847904319,-0.17678214927981628,-1.6697786681598579,98.39626388549804,4.594509114652943,102.99077300015098,93.80175477084511,107.58528211480393,89.20724565619216,DWARKESH.BO,2023-08-21 12:31:11.893573
262,2022-07-08 00:00:00+05:30,102.45238136925197,105.33218130081488,101.67142435649436,103.0869140625,227089,0.0,0.0,2022-07-08,100.19834472135958,101.07546910498917,53.514036733349954,18.341122907490462,100.36385704345513,97.87155570983887,101.41140160284212,-0.8771243836295923,-2.0430277978798683,97.87155570983887,3.978303023700378,101.84985873353925,93.8932526861385,105.82816175723963,89.91494966243812,DWARKESH.BO,2023-08-21 12:31:11.893573
263,2022-07-07 00:00:00+05:30,101.47617943431263,103.13572704974267,99.57258880395683,101.76904296875,164109,0.0,0.0,2022-07-07,99.67315029569768,100.91455350838831,51.27665230148368,18.531702034579148,100.07721946250304,97.82762641906739,100.57364537301316,-1.2414032126906278,-2.334503651442437,97.82762641906739,3.922137183653473,101.74976360272086,93.90548923541391,105.67190078637434,89.98335205176043,DWARKESH.BO,2023-08-21 12:31:11.893573
264,2022-07-06 00:00:00+05:30,101.28094216533124,101.28094216533124,98.93805623049512,100.40235900878906,76657,0.0,0.0,2022-07-06,99.29207890059726,100.84619435155938,48.906670940690105,19.264356833436008,99.89913277763493,97.86911468505859,99.97594657514472,-1.5541154509621151,-2.607778761130389,97.86911468505859,3.970118837874319,101.83923352293291,93.89899584718427,105.80935236080722,89.92887700930996,DWARKESH.BO,2023-08-21 12:31:11.893573
265,2022-07-05 00:00:00+05:30,101.03689110648975,103.86787795073015,99.42615657029874,100.4999771118164,242055,0.0,0.0,2022-07-05,99.09020979001694,100.881701178981,49.06844349450123,20.531163540230622,99.84616159540818,97.9813777923584,99.76274035832253,-1.7914913889640616,-2.8711945886724575,97.9813777923584,4.075858097074966,102.05723588943337,93.90551969528343,106.13309398650833,89.82966159820847,DWARKESH.BO,2023-08-21 12:31:11.893573
266,2022-07-04 00:00:00+05:30,97.81542396915435,102.01309497101686,97.81542396915435,100.15830993652344,111382,0.0,0.0,2022-07-04,98.83388845878068,100.91223910435417,48.530945105185204,21.761280919501736,99.77733890947047,98.40114479064941,99.39412198157558,-2.0783506455734937,-3.141120388599556,98.40114479064941,4.728894423235345,103.13003921388476,93.67225036741407,107.8589336371201,88.94335594417872,DWARKESH.BO,2023-08-21 12:31:11.893573
267,2022-07-01 00:00:00+05:30,98.40114939423287,99.57258863432865,97.32732140167786,99.13330078125,65437,0.0,0.0,2022-07-01,98.59308455373653,100.97255343778063,46.95624407817648,23.316910880151923,99.73723669609649,98.76722030639648,99.01202800410162,-2.379468884044101,-3.406812824356071,98.76722030639648,5.1377903296854015,103.90501063608188,93.62942997671108,109.04280096576728,88.49163964702568,DWARKESH.BO,2023-08-21 12:31:11.893573
268,2022-06-30 00:00:00+05:30,100.060685052387,100.89045509740203,98.10828144160872,98.54756927490234,87714,0.0,0.0,2022-06-30,98.49486342146136,101.11969365030309,46.07875456402415,24.333370775994542,99.80080889765928,99.09668846130371,98.95139161552743,-2.6248302288417307,-3.6636488094340636,99.09668846130371,5.368593342401607,104.46528180370532,93.7280951189021,109.83387514610693,88.3595017765005,DWARKESH.BO,2023-08-21 12:31:11.893573
269,2022-06-29 00:00:00+05:30,98.98686968406075,102.79405841187638,98.54757438018062,100.35355377197266,183962,0.0,0.0,2022-06-29,98.48528053901754,101.32546360033515,48.357596783796104,25.605798977288202,99.93272885794948,99.62627830505372,99.15330278583995,-2.8401830613176173,-3.9233534545821467,99.62627830505372,5.81539983813231,105.44167814318602,93.81087846692141,111.25707798131833,87.9954786287891,DWARKESH.BO,2023-08-21 12:31:11.893573
270,2022-06-28 00:00:00+05:30,100.06068985008629,101.42737393272645,98.93805623049512,100.40235900878906,156034,0.0,0.0,2022-06-28,98.14559449666207,101.40321638660416,48.41902052579421,27.07264836342734,99.88843149857863,100.09729537963867,98.5531772927736,-3.2576218899420866,-4.194146052898279,100.09729537963867,6.243171802321221,106.3404671819599,93.85412357731744,112.58363898428111,87.61095177499622,DWARKESH.BO,2023-08-21 12:31:11.893573
271,2022-06-27 00:00:00+05:30,103.47739776964389,104.55121833240455,99.18210807077209,100.15830993652344,249108,0.0,0.0,2022-06-27,97.73527367627536,101.48328497682937,48.125334403542126,28.316905699371986,99.83433386592489,100.44140663146973,97.62858643476585,-3.748011300554012,-4.428277093637326,100.44140663146973,6.447204585535456,106.88861121700519,93.99420204593427,113.33581580254065,87.54699746039881,DWARKESH.BO,2023-08-21 12:31:11.893573
272,2022-06-24 00:00:00+05:30,94.69157716276581,103.77025712760583,94.39871363570818,102.20832824707031,240605,0.0,0.0,2022-06-24,97.29472162895752,101.58928298005384,50.401452702803496,29.703710685090986,99.80023112165135,100.68545684814453,96.36372468388703,-4.29456135109632,-4.598343541908154,100.68545684814453,6.527802455795893,107.21325930394042,94.15765439234863,113.74106175973631,87.62985193655274,DWARKESH.BO,2023-08-21 12:31:11.893573
273,2022-06-23 00:00:00+05:30,93.4225156628855,95.13086892958906,92.93441472954163,93.47132873535156,143675,0.0,0.0,2022-06-23,96.40133860748246,101.53975935869252,38.97531334973349,31.021365684305984,99.54674721371251,100.68789749145508,93.44142290229539,-5.138420751210063,-4.674289089611111,100.68789749145508,6.528410897691396,107.21630838914648,94.15948659376367,113.74471928683786,87.63107569607229,DWARKESH.BO,2023-08-21 12:31:11.893573
274,2022-06-22 00:00:00+05:30,91.86058802216579,94.20347383509132,90.54271707984165,93.2272720336914,158906,0.0,0.0,2022-06-22,96.93406767514261,102.18523380855979,38.61472650301399,30.098134741414217,100.18626494827683,101.04909210205078,93.42646998576728,-5.251166133417172,-4.558256174211373,101.04909210205078,6.304112217725268,107.35320431977604,94.74497988432552,113.65731653750132,88.44086766660024,DWARKESH.BO,2023-08-21 12:31:11.893573
275,2022-06-21 00:00:00+05:30,87.17482624286843,93.37370636276212,87.17482624286843,92.7879867553711,275598,0.0,0.0,2022-06-21,97.60803051904283,102.90187075054925,37.990968657360995,28.79904944051473,100.9187905182332,101.24189186096191,93.52606896180521,-5.293840231506422,-4.3850286844099235,101.24189186096191,6.108226761191143,107.35011862215306,95.13366509977077,113.4583453833442,89.02543833857963,DWARKESH.BO,2023-08-21 12:31:11.893573
276,2022-06-20 00:00:00+05:30,95.76540131074371,95.86302000751866,84.00217332537667,86.8331527709961,332989,0.0,0.0,2022-06-20,98.48440211243769,103.7109814701635,28.92179103291771,27.1336198133435,101.77466459853447,101.95940017700195,93.89511006502227,-5.226579357725811,-4.157825797635798,101.95940017700195,5.902271062763725,107.86167123976568,96.05712911423822,113.7639423025294,90.1548580514745,DWARKESH.BO,2023-08-21 12:31:11.893573
277,2022-06-17 00:00:00+05:30,96.44874185419476,98.10828195287306,92.05583370705119,95.76539611816406,279494,0.0,0.0,2022-06-17,100.6028110836089,105.06120776609689,36.3260360139594,25.340080214851408,103.34745531722272,103.27971305847169,97.42608871203534,-4.458396682487987,-3.890637407613294,103.27971305847169,5.258927338200484,108.53864039667216,98.0207857202712,113.79756773487266,92.76185838207071,DWARKESH.BO,2023-08-21 12:31:11.893573
278,2022-06-16 00:00:00+05:30,100.84165270656337,100.84165270656337,93.08084363638407,95.32611083984375,256002,0.0,0.0,2022-06-16,101.48234107732614,105.80487269793151,35.5713766208531,24.34481116939799,104.14556681186048,104.3486541748047,98.25643500897095,-4.322531620605375,-3.748697588894621,104.3486541748047,5.796445673841103,110.1450998486458,98.55220850096359,115.9415455224869,92.75576282712248,DWARKESH.BO,2023-08-21 12:31:11.893573
279,2022-06-15 00:00:00+05:30,100.54878514907769,100.54878514907769,97.32731623798549,98.69400024414062,85292,0.0,0.0,2022-06-15,102.60165566595931,106.64317364657853,38.84572485147203,23.41492721541838,105.07393059838856,105.27604598999024,99.72159709353454,-4.0415179806192185,-3.6052390809669324,105.27604598999024,5.760576875707754,111.03662286569799,99.51546911428248,116.79719974140575,93.75489223857473,DWARKESH.BO,2023-08-21 12:31:11.893573
280,2022-06-14 00:00:00+05:30,97.66899523833118,99.5725858114779,96.49754858361649,96.93684387207031,155743,0.0,0.0,2022-06-14,103.31213846992634,107.27910751877357,35.988253033443016,23.048975465765167,105.74550221462518,106.15950889587403,100.23539551823148,-3.9669690488472327,-3.4961693560538607,106.15950889587403,6.045848905322966,112.205357801197,100.11365999055106,118.25120670651995,94.0678110852281,DWARKESH.BO,2023-08-21 12:31:11.893573
281,2022-06-13 00:00:00+05:30,98.59638750276999,101.47618000020441,96.88803425395962,97.66899871826172,175053,0.0,0.0,2022-06-13,104.4712829422638,108.10648861050984,36.64777343684855,22.37355549913959,106.6727294085783,107.12838935852051,101.88467134131207,-3.6352056682460443,-3.3784694328555176,107.12838935852051,6.0427609839390595,113.17115034245957,101.08562837458145,119.21391132639863,95.04286739064239,DWARKESH.BO,2023-08-21 12:31:11.893573
282,2022-06-10 00:00:00+05:30,100.5487881212874,103.86787582068209,100.45116942821116,102.20832824707031,161248,0.0,0.0,2022-06-10,105.70806189208236,108.94148780188969,40.985319554281965,21.702350812299677,107.6204905338748,107.69702644348145,103.99250765283725,-3.2334259098073375,-3.3142853740078855,107.69702644348145,5.626526104899782,113.32355254838123,102.07050033858167,118.95007865328101,96.44397423368189,DWARKESH.BO,2023-08-21 12:31:11.893573
283,2022-06-09 00:00:00+05:30,101.5249877918797,103.13572226083583,99.81663463192018,102.59880828857422,145641,0.0,0.0,2022-06-09,106.34437710026637,109.48014056627524,41.37595224415359,21.508570444034117,108.19019182722263,107.67506217956543,104.8845973557207,-3.135763466008868,-3.334500240058022,107.67506217956543,5.649888940598607,113.32495112016403,102.02517323896683,118.97484006076265,96.37528429836821,DWARKESH.BO,2023-08-21 12:31:11.893573
284,2022-06-08 00:00:00+05:30,109.28578895164658,109.28578895164658,101.72022497251724,102.64762115478516,170318,0.0,0.0,2022-06-08,107.02538961148313,110.03064714849133,41.4229526951679,21.11435550478486,108.77875851550141,107.58964462280274,106.02749188929391,-3.005257537008191,-3.3841844335703106,107.58964462280274,5.742822726064944,113.33246734886768,101.8468218967378,119.07529007493262,96.10399917067285,DWARKESH.BO,2023-08-21 12:31:11.893573
285,2022-06-07 00:00:00+05:30,108.65126662022188,110.45723851552597,106.0643302820587,108.89531707763672,118346,0.0,0.0,2022-06-07,107.82134751270095,110.62128922798782,47.71403718445329,20.96737137154579,109.4241413955768,107.58476371765137,107.71742725654828,-2.799941715286863,-3.47891615771084,107.58476371765137,5.747283839659517,113.33204755731089,101.83747987799185,119.0793313969704,96.09019603833234,DWARKESH.BO,2023-08-21 12:31:11.893573
286,2022-06-06 00:00:00+05:30,104.84407828326869,108.5048351545572,103.23334377033596,107.47982025146484,214361,0.0,0.0,2022-06-06,107.62608031907628,110.75936700001591,45.98327927959139,21.497952580953452,109.4798071132547,107.45541687011719,107.12848234600403,-3.1332866809396336,-3.6486597683168336,107.45541687011719,5.745346638621702,113.20076350873889,101.7100702314955,118.9461101473606,95.96472359287378,DWARKESH.BO,2023-08-21 12:31:11.893573
287,2022-06-03 00:00:00+05:30,110.79891054644357,110.79891054644357,104.55121718465539,105.72266387939453,175207,0.0,0.0,2022-06-03,107.652673058642,111.0217307399,43.843899960669724,21.62157227172837,109.69033204607467,107.67506217956543,106.95281339327362,-3.369057681257999,-3.7775030401611334,107.67506217956543,5.829680405775677,113.5047425853411,101.84538177378975,119.33442299111678,96.01570136801408,DWARKESH.BO,2023-08-21 12:31:11.893573
288,2022-06-02 00:00:00+05:30,110.55485580581212,111.28700716876452,107.5286316618413,109.13936614990234,133215,0.0,0.0,2022-06-02,108.00358381850518,111.44565608874044,47.21831767729279,21.95831580749902,110.10798132677785,108.24613990783692,107.56788815021315,-3.4420722702352577,-3.8796143798869167,108.24613990783692,6.177415422987174,114.42355533082409,102.06872448484975,120.60097075381127,95.89130906186257,DWARKESH.BO,2023-08-21 12:31:11.893573
289,2022-06-01 00:00:00+05:30,107.96792332727783,110.79891018726721,106.40600185385134,109.77389526367188,170158,0.0,0.0,2022-06-01,107.79707794006933,111.63015928384749,47.84823763862555,22.795103252925728,110.20994081908053,108.79525337219238,106.78214915036855,-3.8330813437781615,-3.988999907299831,108.79525337219238,6.724847068753163,115.52010044094554,102.07040630343921,122.2449475096987,95.34555923468605,DWARKESH.BO,2023-08-21 12:31:11.893573
290,2022-05-31 00:00:00+05:30,106.21076350757441,109.23698773159477,103.67263275727122,107.28458404541016,160139,0.0,0.0,2022-05-31,107.43765660850522,111.77866040546154,45.16339046103353,23.598269909777684,110.25584035122881,109.0515064239502,105.28627609371689,-4.341003796956315,-4.027979548180248,109.0515064239502,6.860381801552572,115.91188822550278,102.19112462239762,122.77227002705534,95.33074282084506,DWARKESH.BO,2023-08-21 12:31:11.893573
291,2022-05-30 00:00:00+05:30,104.16073114305946,106.74766745384179,103.08691063136553,105.03931427001953,426438,0.0,0.0,2022-05-30,107.46548798361341,112.13818651426564,42.68769664413441,24.1583199311344,110.56860417289394,109.91300468444824,104.28712211787024,-4.672698530652227,-3.949723485986232,109.91300468444824,7.661839907709907,117.57484459215814,102.25116477673834,125.23668449986805,94.58932486902843,DWARKESH.BO,2023-08-21 12:31:11.893573
292,2022-05-27 00:00:00+05:30,101.72022713069096,103.67263077963189,100.79283837657556,102.25714111328125,208971,0.0,0.0,2022-05-27,107.90661047699412,112.70609629380533,39.55693191686435,24.268575585551773,111.15063468898599,110.94045677185059,103.91102604179558,-4.799485816811213,-3.768979724819733,110.94045677185059,8.323153027279309,119.2636097991299,102.61730374457129,127.58676282640921,94.29415071729197,DWARKESH.BO,2023-08-21 12:31:11.893573
293,2022-05-26 00:00:00+05:30,94.69157816186993,101.86666017219841,94.0082398552973,100.69522094726562,569411,0.0,0.0,2022-05-26,108.93378672494191,113.54201270824727,37.786067371751145,23.750581706774476,112.08679190748123,112.10213699340821,104.73796850605274,-4.60822598330536,-3.5113532018218625,112.10213699340821,8.661905599841361,120.76404259324957,103.44023139356685,129.42594819309093,94.77832579372549,DWARKESH.BO,2023-08-21 12:31:11.893573
294,2022-05-25 00:00:00+05:30,104.35597517908583,106.16194704149025,96.59516630597618,97.08326721191406,411865,0.0,0.0,2022-05-25,110.4317077754285,114.56975604912581,33.60618165269233,22.80792562258292,113.2859046401355,113.53959426879882,106.75934228544627,-4.138048273697308,-3.2371350064509876,113.53959426879882,9.046235286852161,122.58582955565099,104.49335898194666,131.63206484250315,95.4471236950945,DWARKESH.BO,2023-08-21 12:31:11.893573
295,2022-05-24 00:00:00+05:30,113.23941464087414,113.92275295698917,102.55000735864739,107.13815307617188,400712,0.0,0.0,2022-05-24,112.85869696879476,115.96867515610275,40.66971616401338,22.05617668263039,114.99144542205353,115.21378097534179,111.59737982221236,-3.1099781873079877,-3.0119066896394076,115.21378097534179,8.938141079927519,124.15192205526931,106.27563989541427,133.09006313519683,97.33749881548675,DWARKESH.BO,2023-08-21 12:31:11.893573
296,2022-05-23 00:00:00+05:30,116.26563453359392,117.77875032410996,112.26320858659415,113.23941040039062,182549,0.0,0.0,2022-05-23,113.89879585836255,116.67511692249721,46.13499705909019,21.91639313649006,115.8181077742516,116.6951675415039,113.8269931952326,-2.776321064134663,-2.9873888152222627,116.6951675415039,9.92949944727965,126.62466698878356,106.76566809422425,136.5541664360632,96.8361686469446,DWARKESH.BO,2023-08-21 12:31:11.893573
297,2022-05-20 00:00:00+05:30,115.67991571426393,118.31565765014093,114.94776434898377,117.14421844482422,338829,0.0,0.0,2022-05-20,114.01868412344835,116.94997344426574,50.134721200603856,23.18994522808277,116.08954960307908,117.70065612792969,114.12078459265358,-2.9312893208173847,-3.040155752994162,117.70065612792969,10.559351118190559,128.26000724612024,107.14130500973913,138.8193583643108,96.58195389154858,DWARKESH.BO,2023-08-21 12:31:11.893573
298,2022-05-19 00:00:00+05:30,115.19181814977014,116.07040130319014,111.67749298391924,113.87394714355469,219338,0.0,0.0,2022-05-19,113.45040515592547,116.93443384422105,46.525221602024914,24.90150705876466,115.9785318302638,118.36447410583496,112.60906766656825,-3.484028688295581,-3.067372361038356,118.36447410583496,10.933222494480633,129.2976966003156,107.43125161135433,140.23091909479623,96.4980291168737,DWARKESH.BO,2023-08-21 12:31:11.893573
299,2022-05-18 00:00:00+05:30,117.04660413033488,119.43829570057675,112.55607707821981,116.3632583618164,438839,0.0,0.0,2022-05-18,113.37339752181107,117.17927278027436,49.03491753340488,26.473879343954092,116.20006706044371,119.28698463439942,111.97662792807503,-3.8058752584632884,-2.9632082792240495,119.28698463439942,11.306400489897058,130.59338512429647,107.98058414450236,141.89978561419355,96.6741836546053,DWARKESH.BO,2023-08-21 12:31:11.893573
300,2022-05-17 00:00:00+05:30,114.11799893968966,117.43708675372444,112.31202698800031,116.314453125,334399,0.0,0.0,2022-05-17,112.82978645999192,117.24455393375099,48.98360441580258,28.31572142576196,116.18288902872027,120.11431503295898,109.78331271120432,-4.4147674737590705,-2.7525415344142394,120.11431503295898,11.680402767502711,131.79471780046168,108.43391226545627,143.4751205679644,96.75350949795356,DWARKESH.BO,2023-08-21 12:31:11.893573
301,2022-05-16 00:00:00+05:30,103.77025654278289,113.1905981563847,102.45237812627965,109.04174041748047,424596,0.0,0.0,2022-05-16,112.19621070271772,117.31896199845107,40.95759995986078,29.94708071979374,116.16904017648031,120.81473922729492,106.51774250430645,-5.122751295733352,-2.3369850495780313,120.81473922729492,11.859194741802776,132.6739339690977,108.95554448549214,144.53312871090048,97.09634974368937,DWARKESH.BO,2023-08-21 12:31:11.893573
302,2022-05-13 00:00:00+05:30,102.98929528252398,107.91911760930249,100.8416541894134,101.76904296875,680476,0.0,0.0,2022-05-13,112.76975075457904,117.98113972492872,30.856836865070605,30.909117785169475,116.91928225637503,121.94225273132324,105.25574354771942,-5.211388970349688,-1.6405434880392011,121.94225273132324,11.75246858634659,133.69472131766983,110.18978414497664,145.44718990401643,98.43731555863006,DWARKESH.BO,2023-08-21 12:31:11.893573
303,2022-05-12 00:00:00+05:30,102.40357296163883,103.86787569956171,98.84043480979406,100.89045715332031,443252,0.0,0.0,2022-05-12,114.76987944291157,119.27810746542303,29.501225097298274,30.81490914320723,118.51404428665134,123.6213191986084,106.99909383720413,-4.50822802251146,-0.7478321174615792,123.6213191986084,11.099368958325377,134.7206881569338,112.52195024028303,145.82005711525915,101.42258128195765,DWARKESH.BO,2023-08-21 12:31:11.893573
304,2022-05-11 00:00:00+05:30,106.11313369763653,109.28578957803667,96.74159781740491,102.55000305175781,716395,0.0,0.0,2022-05-11,117.2934107682918,120.74911949039125,30.550389559615837,29.716999614016167,120.36915872173881,125.29794578552246,110.05341217914601,-3.4557087220994447,0.19226685880089112,125.29794578552246,9.959090739471106,135.25703652499357,115.33885504605135,145.21612726446466,105.37976430658024,DWARKESH.BO,2023-08-21 12:31:11.893573
305,2022-05-10 00:00:00+05:30,110.31080611592995,115.82634791129222,104.45359517172128,106.30838012695312,514530,0.0,0.0,2022-05-10,119.97403035311616,122.20504880548192,33.02029018049414,28.53463550565656,122.24485931857892,127.15028877258301,113.8051167428401,-2.2310184523657597,1.104260754025975,127.15028877258301,8.893678763198265,136.04396753578126,118.25661000938474,144.93764629897953,109.36293124618648,DWARKESH.BO,2023-08-21 12:31:11.893573
306,2022-05-09 00:00:00+05:30,115.67991500614713,116.656116820545,110.50604241070693,111.87272644042969,297472,0.0,0.0,2022-05-09,122.45869403060036,123.47678229976422,37.14363220620693,28.071377895945385,123.92238344401322,128.6072696685791,117.55348505078358,-1.0180882691638686,1.9380805556239085,128.6072696685791,7.591074653475921,136.19834432205502,121.0161950151032,143.78941897553096,113.42512036162726,DWARKESH.BO,2023-08-21 12:31:11.893573
307,2022-05-06 00:00:00+05:30,117.3394558297674,118.31565765014093,114.45966343879701,117.14421844482422,545697,0.0,0.0,2022-05-06,124.3834154106314,124.40510676851099,41.72998956902319,28.390323381026487,125.19076839175887,129.41507682800292,120.39386435596052,-0.021691357879589646,2.6771227618208524,129.41507682800292,6.49737775006198,135.9124545780649,122.91769907794094,142.4098323281269,116.42032132787897,DWARKESH.BO,2023-08-21 12:31:11.893573
308,2022-05-05 00:00:00+05:30,117.1442169438897,120.85378679291104,115.67991423209108,120.12163543701172,634245,0.0,0.0,2022-05-05,125.69963304077817,124.98597783440593,44.62309439492261,29.37350858077555,126.03777364933094,129.9007369995117,122.01868731152865,0.7136552063722377,3.351826291745963,129.9007369995117,5.864041862185439,135.76477886169715,124.03669513732626,141.6288207238826,118.17265327514083,DWARKESH.BO,2023-08-21 12:31:11.893573
309,2022-05-04 00:00:00+05:30,120.65854878023731,123.2942982791004,112.31202732007706,114.89895629882812,628701,0.0,0.0,2022-05-04,126.71381442328116,125.37512522619747,37.58464679635449,30.642279455706717,126.66052504010139,130.06669120788575,122.9672132487871,1.3386891970836956,4.011369063089394,130.06669120788575,5.614375035082174,135.68106624296792,124.45231617280358,141.2954412780501,118.8379411377214,DWARKESH.BO,2023-08-21 12:31:11.893573
310,2022-04-29 00:00:00+05:30,128.27291744979527,129.49316976532094,123.58715302687415,124.5145492553711,499477,0.0,0.0,2022-04-29,128.86197044590898,126.21321874038702,48.03176869668979,32.00864809024797,127.89858490760383,130.44252891540526,127.00134172376659,2.64875170552196,4.679539029590819,130.44252891540526,4.727050812564132,135.1695797279694,125.71547810284113,139.89663054053352,120.988427290277,DWARKESH.BO,2023-08-21 12:31:11.893573
311,2022-04-28 00:00:00+05:30,126.2228961275138,128.37053711533082,123.92881593182858,125.5883560180664,243984,0.0,0.0,2022-04-28,129.65241066237041,126.34911229918829,49.451444543423406,33.13529563576267,128.25479918678622,130.30341987609864,128.24473795796433,3.3032983631821224,5.187235860608034,130.30341987609864,4.946525117156584,135.24994499325524,125.35689475894206,140.1964701104118,120.41036964178548,DWARKESH.BO,2023-08-21 12:31:11.893573
312,2022-04-27 00:00:00+05:30,128.4681640414505,129.78602754639874,123.4407157869708,125.4907455444336,375132,0.0,0.0,2022-04-27,130.3913296886075,126.40997280167804,49.32145263751903,34.5593835557134,128.5354774150725,129.9397850036621,129.57292892791327,3.9813568869294613,5.658220234964511,129.9397850036621,5.5427719243985525,135.48255692806066,124.39701307926356,141.0253288524592,118.85424115486501,DWARKESH.BO,2023-08-21 12:31:11.893573
313,2022-04-26 00:00:00+05:30,132.66582052376694,133.690835407285,128.41935157156007,129.44436645507812,979873,0.0,0.0,2022-04-26,131.2823449875482,126.48351098225758,54.45813536028188,36.09301670027573,128.8559755067187,129.69085350036622,131.6140206196531,4.7988340052906295,6.077436071973273,129.69085350036622,5.856043905371149,135.54689740573735,123.83480959499506,141.40294131110852,117.97876568962391,DWARKESH.BO,2023-08-21 12:31:11.893573
314,2022-04-25 00:00:00+05:30,135.59443506238128,137.8397023636691,129.10269852397596,130.56700134277344,572430,0.0,0.0,2022-04-25,131.61652290254278,126.24664254443195,55.99353346612028,36.4643726774365,128.7940396174177,129.22959785461427,132.69884770194057,5.369880358110834,6.397086588643933,129.22959785461427,6.227980447951564,135.45757830256582,123.0016174066627,141.6855587505174,116.77363695871114,DWARKESH.BO,2023-08-21 12:31:11.893573
315,2022-04-22 00:00:00+05:30,133.34917794299702,140.96354041505714,132.0312994944015,136.76588439941406,561721,0.0,0.0,2022-04-22,131.80734500431902,125.90101384056463,65.48386850405106,36.6739086239334,128.60741206738024,128.97090377807618,133.7647708815241,5.906331163754388,6.6538881462772075,128.97090377807618,6.27676807516075,135.24767185323694,122.69413570291543,141.52443992839767,116.41736762775467,DWARKESH.BO,2023-08-21 12:31:11.893573
316,2022-04-21 00:00:00+05:30,131.5920157741731,138.1325653597801,131.34796530533956,133.34918212890625,320876,0.0,0.0,2022-04-21,130.905792387029,125.03182419585667,62.2024878057565,36.065005839466735,127.74862550611353,128.39494438171386,132.26421412257912,5.873968191172338,6.840777391907912,128.39494438171386,6.048192181239712,134.44313656295355,122.34675220047414,140.49132874419328,116.29856001923443,DWARKESH.BO,2023-08-21 12:31:11.893573
317,2022-04-20 00:00:00+05:30,131.39677988949157,133.0075070440552,129.1026994978077,130.4205780029297,288687,0.0,0.0,2022-04-20,130.4615397066877,124.36643556121271,59.109996533570055,35.74400587166161,127.15909323003008,128.06547584533692,131.72173011941555,6.095104145474977,7.082479692091805,128.06547584533692,5.942665282077783,134.00814112741472,122.12281056325914,139.9508064094925,116.18014528118135,DWARKESH.BO,2023-08-21 12:31:11.893573
318,2022-04-19 00:00:00+05:30,134.5694248466284,137.9373180964767,128.22411311086944,132.32415771484375,326651,0.0,0.0,2022-04-19,130.46898728918913,123.88210416587536,62.17300667177182,36.0975308166189,126.81577904340907,127.8702350616455,132.3723061776585,6.586883123313768,7.329323578746012,127.8702350616455,5.92533751638635,133.79557257803185,121.94489754525915,139.7209100944182,116.0195600288728,DWARKESH.BO,2023-08-21 12:31:11.893573
319,2022-04-18 00:00:00+05:30,129.15149841897792,135.54562305442826,128.32172094806305,132.9098663330078,399807,0.0,0.0,2022-04-18,130.13168357543375,123.2067398819579,63.11607070448422,36.47824998811137,126.23594970957384,127.38213424682617,132.39638040906584,6.9249436934758535,7.514933692604072,127.38213424682617,5.941187423378279,133.32332167020445,121.44094682344789,139.26450909358272,115.4997594000696,DWARKESH.BO,2023-08-21 12:31:11.893573
320,2022-04-13 00:00:00+05:30,134.03250673725114,134.17893104529364,129.8348361240344,130.32293701171875,285565,0.0,0.0,2022-04-13,129.626559437693,122.4304897658739,60.685220335980794,37.23353258429732,125.533432170265,126.75736579895019,132.13963744709483,7.196069671819103,7.662431192386126,126.75736579895019,5.986132576650348,132.74349837560055,120.77123322229984,138.7296309522509,114.78510064564949,DWARKESH.BO,2023-08-21 12:31:11.893573
321,2022-04-12 00:00:00+05:30,135.350378629998,135.74086830187025,129.00506669473876,131.59201049804688,338195,0.0,0.0,2022-04-12,129.4999453333247,121.79909398620632,62.56261336535918,37.658913843183896,125.02927376590145,126.26682472229004,133.04798766478285,7.700851347118373,7.779021572527881,126.26682472229004,6.0798161494589005,132.34664087174895,120.18700857283113,138.42645702120785,114.10719242337224,DWARKESH.BO,2023-08-21 12:31:11.893573
322,2022-04-11 00:00:00+05:30,135.9849124157657,137.59563941206454,134.4229835924733,135.35037231445312,344986,0.0,0.0,2022-04-11,129.11956984882974,121.01566066525908,68.37813915839797,38.11701673736944,124.33845937304403,125.94711837768554,133.7759762481508,8.103909183570664,7.798564128880257,125.94711837768554,5.9518237472199775,131.89894212490552,119.99529463046557,137.8507658721255,114.04347088324559,DWARKESH.BO,2023-08-21 12:31:11.893573
323,2022-04-08 00:00:00+05:30,141.5492652233573,142.0373661379206,132.617024445112,134.42298889160156,709480,0.0,0.0,2022-04-08,127.98669667326186,119.86888373332356,67.68830569787713,37.19013112439642,123.17931064236939,125.4834228515625,132.98877821499963,8.117812939938304,7.722227865207656,125.4834228515625,5.526754004705426,131.01017685626792,119.95666884685707,136.53693086097334,114.42991484215165,DWARKESH.BO,2023-08-21 12:31:11.893573
324,2022-04-07 00:00:00+05:30,139.59686279296875,144.9171598293734,134.8134797464379,139.59686279296875,1221103,0.0,0.0,2022-04-07,126.81646172447283,118.70455532066131,76.27802972068785,36.19194661811779,121.99576556350284,124.55603103637695,132.27167287669863,8.111906403811517,7.623331596524993,124.55603103637695,5.5038603277494085,130.05989136412637,119.05217070862754,135.56375169187578,113.54831038087814,DWARKESH.BO,2023-08-21 12:31:11.893573
325,2022-04-06 00:00:00+05:30,127.88243419200451,141.01234525777735,127.83362112348682,135.447998046875,1038619,0.0,0.0,2022-04-06,124.49275243929176,117.03317072287672,73.79979065330146,34.52176213696192,120.14301848671695,123.5359001159668,128.60907791856357,7.459581716415045,7.501187894703363,123.5359001159668,4.3362965396259305,127.87219665559273,119.19960357634086,132.20849319521867,114.86330703671493,DWARKESH.BO,2023-08-21 12:31:11.893573
326,2022-04-05 00:00:00+05:30,128.0776827016663,130.07889951956045,126.75981911109584,128.02886962890625,249054,0.0,0.0,2022-04-05,122.50088960154935,115.55998453695685,68.30188928010372,33.02415363853362,118.53196800670031,121.85927391052246,125.18961785440784,6.940905064592499,7.511589439275442,121.85927391052246,5.742680138356848,127.6019540488793,116.11659377216561,133.34463418723615,110.37391363380877,DWARKESH.BO,2023-08-21 12:31:11.893573
327,2022-04-04 00:00:00+05:30,124.41691735683665,130.71341603456662,122.51332681180071,126.857421875,942888,0.0,0.0,2022-04-04,121.4958023238481,114.5624737296009,67.29709825811125,32.53956542333602,117.53229415173126,120.16800422668457,123.76999196715863,6.9333285942472,7.654260532946178,120.16800422668457,8.259477856489008,128.42748208317357,111.90852637019556,136.6869599396626,103.64904851370656,DWARKESH.BO,2023-08-21 12:31:11.893573
328,2022-04-01 00:00:00+05:30,123.14786352138975,125.97885034502046,121.97641684549309,123.44071960449219,443616,0.0,0.0,2022-04-01,120.52096240545684,113.57887787796898,64.21847322438302,32.01770119158476,116.55070175980823,118.45965118408203,122.22627701323793,6.942084527487864,7.834493517620921,118.45965118408203,10.125693426468239,128.58534461055027,108.3339577576138,138.7110380370185,98.20826433114556,DWARKESH.BO,2023-08-21 12:31:11.893573
329,2022-03-31 00:00:00+05:30,122.02522822931915,123.73358142452963,119.58472366473278,122.41571044921875,379855,0.0,0.0,2022-03-31,119.99009746017768,112.78993053984712,63.25099196110886,32.086299051738585,115.82543672352571,116.85623970031739,121.61905571761078,7.20016692033056,8.057595765154185,116.85623970031739,11.710428043962118,128.5666677442795,105.14581165635528,140.27709578824164,93.43538361239315,DWARKESH.BO,2023-08-21 12:31:11.893573
330,2022-03-30 00:00:00+05:30,119.58472736507872,124.46573664528601,118.46209374106522,121.73236846923828,349245,0.0,0.0,2022-03-30,119.54907691671565,112.0198681470974,62.63158602163506,32.495322668991676,115.13172369976856,115.18937492370605,121.22072835180677,7.529208769618251,8.27195297636009,115.18937492370605,13.160306038471887,128.34968096217796,102.02906888523417,141.50998700064983,88.86876284676228,DWARKESH.BO,2023-08-21 12:31:11.893573
331,2022-03-29 00:00:00+05:30,121.04902666674892,122.074041565236,117.48588850513771,118.31565856933594,198251,0.0,0.0,2022-03-29,119.152114816257,111.24286812132613,59.43877417384549,32.93580964141808,114.4369189871928,113.43465194702148,120.964908293091,7.9092466949308715,8.457639028045548,113.43465194702148,14.512197839524687,127.94684978654617,98.92245410749679,142.45904762607086,84.4102562679721,DWARKESH.BO,2023-08-21 12:31:11.893573
332,2022-03-28 00:00:00+05:30,121.73236779177654,122.90381448120445,118.16923699531793,120.51211547851562,313641,0.0,0.0,2022-03-28,119.30419777024264,110.67704488548533,62.63546673291291,33.757669612991805,114.02863061012509,111.74094200134277,122.28953315496852,8.627152884757308,8.594737111324216,111.74094200134277,15.829489040737371,127.57043104208014,95.9114529606054,143.39992008281752,80.08196391986803,DWARKESH.BO,2023-08-21 12:31:11.893573
333,2022-03-25 00:00:00+05:30,126.66218395086409,127.83362313544004,117.29064813077052,120.21925354003906,461756,0.0,0.0,2022-03-25,119.08457636873847,109.8902392380429,62.38786731514014,34.48628379555747,113.34615851871557,109.63966751098633,123.17824199319497,9.194337130695573,8.586633167965942,109.63966751098633,17.32277284728695,126.96244035827328,92.31689466369937,144.28521320556024,74.99412181641243,DWARKESH.BO,2023-08-21 12:31:11.893573
334,2022-03-24 00:00:00+05:30,124.02644323304156,128.17530093535655,124.02644323304156,125.39311981201172,289575,0.0,0.0,2022-03-24,118.87827142850199,109.0639180938832,70.07493336487617,35.27094522293587,112.62267483226047,107.94595718383789,124.65773621977293,9.814353334618787,8.434707177283535,107.94595718383789,17.880935649236775,125.82689283307467,90.06502153460112,143.70782848231144,72.18408588536434,DWARKESH.BO,2023-08-21 12:31:11.893573
335,2022-03-23 00:00:00+05:30,128.12648886173838,128.46816545696606,124.51454510724376,125.24669647216797,150680,0.0,0.0,2022-03-23,117.69375354059113,107.75758195643293,69.97526537877967,34.54133661513673,111.27841746597086,105.68849067687988,124.29004442365353,9.936171584158203,8.089795637949722,105.68849067687988,18.40468023225964,124.09317090913952,87.28381044462024,142.49785114139917,68.8791302123606,DWARKESH.BO,2023-08-21 12:31:11.893573
336,2022-03-22 00:00:00+05:30,127.39433662167959,131.05509342115312,123.97763027550427,126.75981140136719,446341,0.0,0.0,2022-03-22,116.32049118939534,106.35845279517412,72.22381238455448,33.63081707171062,109.8080723074238,103.58233528137207,123.8117183993963,9.962038394221224,7.628201651397601,103.58233528137207,18.458839584193885,122.04117486556595,85.12349569717819,140.50001444975985,66.66465611298429,DWARKESH.BO,2023-08-21 12:31:11.893573
337,2022-03-21 00:00:00+05:30,126.41813618845357,129.7860295016013,123.53834378723037,126.51576232910156,362037,0.0,0.0,2022-03-21,114.42243296903683,104.72634410667867,72.09145621065699,32.650257563405575,108.02367871858766,101.60796699523925,122.33767189841085,9.696088862358167,7.044742465691695,101.60796699523925,17.954182790878644,119.5621497861179,83.6537842043606,137.51633257699655,65.69960141348196,DWARKESH.BO,2023-08-21 12:31:11.893573
338,2022-03-17 00:00:00+05:30,122.02522743859569,125.44193380687636,120.70735647182462,122.56214141845703,223046,0.0,0.0,2022-03-17,112.22364581266142,102.98319064888483,69.8994206655627,31.70056965773481,106.07714360169146,99.74830207824706,120.24862668306548,9.240455163776588,6.381905866525077,99.74830207824706,17.146534340216043,116.89483641846311,82.60176773803101,134.04137075867914,65.45523339781498,DWARKESH.BO,2023-08-21 12:31:11.893573
339,2022-03-16 00:00:00+05:30,123.97763563730742,125.53956456422969,119.29186375219881,120.41449737548828,169553,0.0,0.0,2022-03-16,110.3439193388804,101.41687458731904,68.65509501329652,31.055339197723733,104.34188067361089,98.12292594909668,119.0918693153697,8.927044751561354,5.667268542212199,98.12292594909668,16.394364301042287,114.51729025013897,81.7285616480544,130.91165455118124,65.33419734701211,DWARKESH.BO,2023-08-21 12:31:11.893573
340,2022-03-15 00:00:00+05:30,125.88122565686362,128.27291721172338,116.16802022243841,120.51211547851562,703408,0.0,0.0,2022-03-15,108.51290515040624,99.8970647642655,68.77789120906291,30.360475625404113,102.65002628393958,96.6415397644043,118.43055528531042,8.615840386140746,4.85232448987491,96.6415397644043,15.593087720862833,112.23462748526714,81.04845204354146,127.82771520612997,65.45536432267863,DWARKESH.BO,2023-08-21 12:31:11.893573
341,2022-03-14 00:00:00+05:30,127.39433770430716,135.10632613580674,123.24547996297915,125.19788360595703,1171729,0.0,0.0,2022-03-14,106.33123054529544,98.24786070712548,74.58778233671275,29.61216100905991,100.76980636872105,95.3309886932373,117.38977518870782,8.083369838169958,3.91144551580845,95.3309886932373,14.547681543863975,109.87867023710128,80.78330714937333,124.42635178096525,66.23562560550936,DWARKESH.BO,2023-08-21 12:31:11.893573
342,2022-03-11 00:00:00+05:30,116.5096882200198,128.12649161611319,115.28943591891395,126.07646179199219,880008,0.0,0.0,2022-03-11,102.90092998881151,96.09185887521896,75.70195208640929,27.386897383077077,98.19842981743305,93.88621025085449,113.4857209800832,6.809071113592552,2.8684644352180726,93.88621025085449,12.749055889457438,106.63526614031193,81.13715436139705,119.38432202976936,68.38809847193961,DWARKESH.BO,2023-08-21 12:31:11.893573
343,2022-03-10 00:00:00+05:30,123.44071666240133,125.88122120256608,113.77632464161198,115.87515258789062,1242564,0.0,0.0,2022-03-10,98.68719693368776,93.6930906418771,71.04706590696279,25.42790941816547,95.26390013590051,92.49756317138672,107.1903505741287,4.9941062918106525,1.8833127656244526,92.49756317138672,10.34398786501453,102.84155103640124,82.15357530637219,113.18553890141578,71.80958744135765,DWARKESH.BO,2023-08-21 12:31:11.893573
344,2022-03-09 00:00:00+05:30,105.33218109513798,121.53713031412174,104.40478486902356,119.19424438476562,1896225,0.0,0.0,2022-03-09,95.56211408746906,91.91852568619603,75.41363978950704,23.473168758323336,93.0942946146384,91.57261199951172,102.84794956724772,3.6435884012730213,1.1056143840779025,91.57261199951172,8.864897184542233,100.43750918405395,82.70771481496949,109.3024063685962,73.84281763042725,DWARKESH.BO,2023-08-21 12:31:11.893573
345,2022-03-08 00:00:00+05:30,96.1070685012055,104.25835985165575,96.1070685012055,101.91547393798828,985960,0.0,0.0,2022-03-08,91.26536312432422,89.73646819031046,65.02450072915636,21.682444774967433,90.3469314809408,90.56224327087402,94.67480215848876,1.5288949340137634,0.47112087977912287,90.56224327087402,6.344253030086708,96.90649630096073,84.21799024078732,103.25074933104744,77.8737372107006,DWARKESH.BO,2023-08-21 12:31:11.893573
346,2022-03-07 00:00:00+05:30,92.69036014684248,96.64398051049425,89.7129490543579,94.20347595214844,576699,0.0,0.0,2022-03-07,89.32897934002168,88.76214773049624,57.6018674567345,21.568939373563083,89.12919016967264,90.2547393798828,91.05446626873899,0.5668316095254369,0.20667736622046262,90.2547393798828,5.898381418471323,96.15312079835412,84.35635796141149,102.05150221682545,78.45797654294016,DWARKESH.BO,2023-08-21 12:31:11.893573
347,2022-03-04 00:00:00+05:30,91.27487134486103,93.71537592627442,90.49390689967717,92.69036102294922,254583,0.0,0.0,2022-03-04,88.44270722872591,88.32684147276406,55.89981729194302,22.755862080787143,88.59505482414887,90.34991912841797,89.47996142703427,0.115865755961849,0.11663880539421902,90.34991912841797,5.980244864193941,96.3301639926119,84.36967426422403,102.31040885680585,78.38942940003008,DWARKESH.BO,2023-08-21 12:31:11.893573
348,2022-03-03 00:00:00+05:30,90.98200770707462,94.00823934266863,90.88438901350068,91.37248992919922,338845,0.0,0.0,2022-03-03,87.67040653886713,87.97775990874925,54.414339441176836,24.358372524547786,88.16396996111726,90.29622802734374,87.87476162907679,-0.30735336988212225,0.1168320677523115,90.29622802734374,5.962921603909629,96.25914963125338,84.33330642343411,102.222071235163,78.37038481952449,DWARKESH.BO,2023-08-21 12:31:11.893573
349,2022-03-02 00:00:00+05:30,86.88196085054581,90.34748024562603,86.24742818622889,89.07841491699219,197922,0.0,0.0,2022-03-02,86.99730046789765,87.70618150711326,51.79880486093159,26.165246938373578,87.82623101710864,90.21813201904297,86.12589747901556,-0.708881039215612,0.22287842716091993,90.21813201904297,5.958310390896251,96.17644240993923,84.25982162814671,102.13475280083547,78.30151123725047,DWARKESH.BO,2023-08-21 12:31:11.893573
350,2022-02-28 00:00:00+05:30,84.44145490619498,87.27244158914759,81.3664177755366,86.63790893554688,267090,0.0,0.0,2022-02-28,86.61891602260773,87.59640283432294,48.89784946342539,27.31011178074721,87.69442218554195,90.39384841918945,84.64963876002724,-0.9774868117152096,0.4558182937550529,90.39384841918945,5.97472786591569,96.36857628510515,84.41912055327376,102.34330415102083,78.44439268735808,DWARKESH.BO,2023-08-21 12:31:11.893573
351,2022-02-25 00:00:00+05:30,80.63427096784365,85.80814372935141,80.63427096784365,84.44145965576172,443090,0.0,0.0,2022-02-25,86.61546276570971,87.67308234622503,46.18625569690894,27.79340285814482,87.80563410659406,90.71355476379395,83.65550367226743,-1.057619580515322,0.8141445701226184,90.71355476379395,5.93410657854432,96.64766134233827,84.77944818524963,102.58176792088258,78.84534160670532,DWARKESH.BO,2023-08-21 12:31:11.893573
352,2022-02-24 00:00:00+05:30,78.48662567138672,84.68550556931557,77.55922949904863,78.48662567138672,823060,0.0,0.0,2022-02-24,87.01073605842753,87.9316121614621,37.91257624183082,27.93884803922717,88.15975773299746,91.02349853515625,83.26252568052027,-0.9208761030345727,1.2820856077821035,91.02349853515625,5.748243109508667,96.77174164466491,85.27525542564759,102.51998475417358,79.52701231613892,DWARKESH.BO,2023-08-21 12:31:11.893573
353,2022-02-23 00:00:00+05:30,82.34262107111964,87.17482449269647,81.61046971462274,86.34504699707031,370749,0.0,0.0,2022-02-23,88.56057431061676,88.68721108066812,46.72450772639474,27.809544227332783,89.17798216053544,91.49451599121093,85.65047568508703,-0.12663677005136265,1.8328260354862722,91.49451599121093,5.004766508210684,96.49928249942161,86.48974948300025,101.5040490076323,81.48498297478956,DWARKESH.BO,2023-08-21 12:31:11.893573
354,2022-02-22 00:00:00+05:30,79.0723504234871,82.09857469086955,77.11994670932692,80.24378967285156,599581,0.0,0.0,2022-02-22,88.9633974585343,88.87458420735594,36.00554486014156,28.2647131631512,89.47618586195281,91.38225326538085,85.30319002909539,0.08881325117836525,2.3226917368706808,91.38225326538085,5.149445114301824,96.53169837968268,86.23280815107903,101.68114349398451,81.0833630367772,DWARKESH.BO,2023-08-21 12:31:11.893573
355,2022-02-21 00:00:00+05:30,84.88074741369485,86.58910064184259,81.9033362561919,83.12358856201172,149923,0.0,0.0,2022-02-21,90.5487806922948,89.5650477701163,39.48872887508873,27.381652192754185,90.44801703975295,91.90208053588867,87.83289020721729,0.983732922178504,2.8811613582937596,91.90208053588867,4.442021696449861,96.34410223233853,87.46005883943882,100.7861239287884,83.01803714298894,DWARKESH.BO,2023-08-21 12:31:11.893573
356,2022-02-18 00:00:00+05:30,88.34626620936952,90.05461942336285,86.8819634545181,87.27244567871094,187786,0.0,0.0,2022-02-18,91.89881562507354,90.08036450676467,45.36029299622412,27.11195724789571,91.21900951109413,92.48536109924316,90.18754102982007,1.8184511183088716,3.3555184673225735,92.48536109924316,3.96941458264229,96.45477568188545,88.51594651660088,100.42419026452774,84.54653193395859,DWARKESH.BO,2023-08-21 12:31:11.893573
357,2022-02-17 00:00:00+05:30,91.17724888406495,91.76296846983863,87.90697436965239,89.32246398925781,129989,0.0,0.0,2022-02-17,92.73997379713947,90.30499801300897,48.6804311117302,27.701805423011617,91.63443728292394,92.8221508026123,91.64508870537463,2.4349757841305006,3.7397853045759986,92.8221508026123,3.785324268626995,96.60747507123929,89.0368265339853,100.39279933986629,85.25150226535831,DWARKESH.BO,2023-08-21 12:31:11.893573
358,2022-02-16 00:00:00+05:30,91.76297203828972,93.03203739667423,89.37128053344459,90.05461883544922,390164,0.0,0.0,2022-02-16,93.36133921675432,90.38360073490905,49.887854094882464,28.539595216293073,91.87780289278354,92.91977119445801,92.80640106343303,2.9777384818452646,4.065987684687372,92.91977119445801,3.714839276651913,96.63461047110992,89.20493191780609,100.34944974776184,85.49009264115418,DWARKESH.BO,2023-08-21 12:31:11.893573
359,2022-02-15 00:00:00+05:30,85.41766341014575,91.56773815480793,83.61169144475423,90.78677368164062,683905,0.0,0.0,2022-02-15,93.96256110426432,90.40991928686584,51.06392784608483,29.731908286473274,92.06971700408188,93.1540599822998,94.18229217742493,3.552641817398481,4.338049985397899,93.1540599822998,3.6721450275939245,96.82620500989373,89.48191495470587,100.49835003748765,85.80976992711194,DWARKESH.BO,2023-08-21 12:31:11.893573
360,2022-02-11 00:00:00+05:30,95.61896501887504,97.47374996118417,93.12965485362729,94.30109405517578,458921,0.0,0.0,2022-02-11,94.53997699928681,90.37977093528387,57.07087541040766,30.633847213568053,92.20476366960202,93.2907283782959,95.88005142531708,4.160206064002935,4.534402027397753,93.2907283782959,3.630026382993607,96.9207547612895,89.66070199530229,100.5507811442831,86.03067561230868,DWARKESH.BO,2023-08-21 12:31:11.893573
361,2022-02-10 00:00:00+05:30,98.54757456246789,98.54757456246789,95.71659513320628,96.30231475830078,301314,0.0,0.0,2022-02-10,94.58341026185245,90.06606508569251,60.85879887785062,32.09882439435763,91.98409731322583,93.16870307922363,96.66953011038771,4.517345176159935,4.627951018246458,93.16870307922363,3.6352904633157577,96.80399354253939,89.53341261590788,100.43928400585514,85.89812215259212,DWARKESH.BO,2023-08-21 12:31:11.893573
362,2022-02-09 00:00:00+05:30,97.96185105552304,99.37734816189227,94.20347554161505,98.30352020263672,561803,0.0,0.0,2022-02-09,94.27088217158911,89.56716511188385,64.85596211533772,32.816148879460044,91.5295481084811,92.66351852416992,96.85313778643118,4.703717059705255,4.655602478768088,92.66351852416992,3.871281948706381,96.5348004728763,88.79223657546353,100.40608242158268,84.92095462675715,DWARKESH.BO,2023-08-21 12:31:11.893573
363,2022-02-08 00:00:00+05:30,99.57258319137688,100.10949715830498,92.88560237838446,97.37612915039062,631358,0.0,0.0,2022-02-08,93.53767525685318,88.86825670462362,63.83020916562989,33.5886521711088,90.81649841435944,92.02898750305175,96.12794657832839,4.669418552229558,4.643573833533797,92.02898750305175,3.937663400149549,95.9666509032013,88.0913241029022,99.90431430335084,84.15366070275266,DWARKESH.BO,2023-08-21 12:31:11.893573
364,2022-02-07 00:00:00+05:30,96.25350163265475,101.52499315122655,95.42373154358073,98.98686981201172,1219970,0.0,0.0,2022-02-07,92.83977454893727,88.18762690896226,66.97249614710441,34.42057879288438,90.12601096846143,91.49695777893066,95.50385529229726,4.652147639975013,4.637112653859856,91.49695777893066,3.8957890530960957,95.39274683202676,87.60116872583457,99.28853588512285,83.70537967273847,DWARKESH.BO,2023-08-21 12:31:11.893573
365,2022-02-04 00:00:00+05:30,96.64397923715853,99.86544819086198,94.83800737734303,95.76539611816406,597449,0.0,0.0,2022-02-04,91.72212086474191,87.3236874767183,63.64911729378759,34.50936994531883,89.19328898492982,90.78188972473144,93.76234803244003,4.398433388023605,4.633353907331067,90.78188972473144,3.7587573817705557,94.54064710650199,87.02313234296089,98.29940448827256,83.26437496119033,DWARKESH.BO,2023-08-21 12:31:11.893573
366,2022-02-03 00:00:00+05:30,93.22727839146165,98.49876996808396,90.6891550242966,96.10707092285156,550845,0.0,0.0,2022-02-03,90.98697990957425,86.64835078540264,64.28333868630044,34.88593204270789,88.50148823406306,90.31087226867676,92.760823989578,4.338629124171604,4.692084037157932,90.31087226867676,3.6910273322700693,94.00189960094683,86.6198449364067,97.6929269332169,82.92881760413663,DWARKESH.BO,2023-08-21 12:31:11.893573
367,2022-02-02 00:00:00+05:30,89.42008491404003,93.08084172641472,89.42008491404003,91.61653900146484,172385,0.0,0.0,2022-02-02,90.05605427079655,85.89165317440674,59.31168397883426,35.52795169681841,87.70090058261165,89.61288795471191,91.08770052294122,4.16440109638981,4.780447765404514,89.61288795471191,3.8535898635986396,93.46647781831055,85.75929809111327,97.3200676819092,81.90570822751462,DWARKESH.BO,2023-08-21 12:31:11.893573
368,2022-02-01 00:00:00+05:30,93.32489491652498,94.39871545673637,88.15102960538681,89.8105697631836,405738,0.0,0.0,2022-02-01,89.7723297743114,85.43366230824209,57.07509057002756,37.30201931808278,87.2887281174692,89.30050354003906,90.8232812836794,4.33866746606931,4.93445943265819,89.30050354003906,3.9349881032617673,93.23549164330083,85.36551543677729,97.17047974656259,81.43052733351553,DWARKESH.BO,2023-08-21 12:31:11.893573
369,2022-01-31 00:00:00+05:30,93.32489429901639,95.1308662112171,90.78677100772117,92.59274291992188,368415,0.0,0.0,2022-01-31,89.7653770490619,85.08350971184677,61.93022816649061,39.212553679444405,87.02327110213085,88.36823081970215,91.3296370439273,4.681867337215124,5.08340742430541,88.36823081970215,5.644969743051506,94.01320056275365,82.72326107665064,99.65817030580516,77.07829133359914,DWARKESH.BO,2023-08-21 12:31:11.893573
370,2022-01-28 00:00:00+05:30,92.00702094408831,96.1070655826244,91.76297049065572,93.03203582763672,349317,0.0,0.0,2022-01-28,89.25131052708736,84.48277105520076,62.714279627528164,40.51401391379361,86.43701091078442,87.2236343383789,90.69808410593001,4.768539471886598,5.18379244607798,87.2236343383789,6.9201153668223405,94.14374970520124,80.30351897155656,101.06386507202359,73.38340360473421,DWARKESH.BO,2023-08-21 12:31:11.893573
371,2022-01-27 00:00:00+05:30,87.07719704535492,92.73917042966598,85.27122521602715,90.64033508300781,581507,0.0,0.0,2022-01-27,88.56390592698747,83.79882987340588,60.17095170908115,41.624089627136335,85.74279776164207,86.07903747558593,89.53110824507664,4.765076053581595,5.287605689625826,86.07903747558593,7.752010143299393,93.83104761888532,78.32702733228655,101.58305776218472,70.57501718898715,DWARKESH.BO,2023-08-21 12:31:11.893573
372,2022-01-25 00:00:00+05:30,82.09856963206282,88.68793176132552,80.39021648743916,87.90697479248047,460179,0.0,0.0,2022-01-25,88.1863733531656,83.25150945663772,57.0645632186371,43.446189940423224,85.22726751728777,85.04182319641113,88.97649482611104,4.934863896527887,5.418238098636884,85.04182319641113,8.464622846468973,93.5064460428801,76.57720034994216,101.97106888934908,68.11257750347318,DWARKESH.BO,2023-08-21 12:31:11.893573
373,2022-01-24 00:00:00+05:30,91.27487472605249,91.27487472605249,82.24500744032002,84.09979248046875,638817,0.0,0.0,2022-01-24,88.237173091472,82.8790722297703,52.237035713310874,46.294613394765484,84.94519306726748,84.12663421630859,89.51125484292632,5.3581008617017005,5.5390816491641335,84.12663421630859,9.10389645434976,93.23053067065835,75.02273776195882,102.3344271250081,65.91884130760907,DWARKESH.BO,2023-08-21 12:31:11.893573
374,2022-01-21 00:00:00+05:30,93.71537222366246,94.69157401765895,88.15102497701396,90.64033508300781,236137,0.0,0.0,2022-01-21,88.98942411165442,82.78141460971443,63.64285910273875,48.84260395443245,85.03418260271998,83.2480525970459,92.21698602415509,6.2080095019399835,5.584326846029741,83.2480525970459,9.91809919197917,93.16615178902506,73.32995340506673,103.08425098100423,63.41185421308756,DWARKESH.BO,2023-08-21 12:31:11.893573
375,2022-01-20 00:00:00+05:30,94.54514936226668,96.79041663627925,92.78799046975305,94.78919982910156,546532,0.0,0.0,2022-01-20,88.68925848049926,82.15270097185098,73.0399704353089,49.57554698142115,84.44406128900548,82.03024101257324,93.00531149472872,6.536557508648286,5.42840618205218,82.03024101257324,10.444020125304831,92.47426113787807,71.58622088726841,102.9182812631829,61.14220076196358,DWARKESH.BO,2023-08-21 12:31:11.893573
376,2022-01-19 00:00:00+05:30,91.0796342393348,94.54514628696886,89.37128102705874,94.00823974609375,535693,0.0,0.0,2022-01-19,87.58017823529883,81.14178106327093,72.32684624415656,48.19450561595459,83.35509933741642,80.61474800109863,92.11336732754228,6.438397172027905,5.151368350403153,80.61474800109863,10.541748248451468,91.1564962495501,70.07299975264716,101.69824449800157,59.531251504195694,DWARKESH.BO,2023-08-21 12:31:11.893573
377,2022-01-18 00:00:00+05:30,95.7653987900862,96.88803239302202,90.2010512942533,91.27487182617188,845035,0.0,0.0,2022-01-18,86.41143977879067,80.1124643686451,69.72414327587552,46.95746442792717,82.233716136503,79.19925537109376,91.16593111826653,6.298975410145559,4.8296111449969645,79.19925537109376,10.54933392475883,89.74858929585258,68.64992144633493,100.29792322061141,58.100587521576095,DWARKESH.BO,2023-08-21 12:31:11.893573
378,2022-01-17 00:00:00+05:30,94.34991235418494,97.13208619792653,91.37249366747861,94.74039459228516,500201,0.0,0.0,2022-01-17,85.52717940653953,79.21947177204295,78.43042382227077,45.17535760055858,81.2820155375905,77.88626365661621,91.11146076431385,6.30770763449658,4.462270078709816,77.88626365661621,10.60132329581441,88.48758695243062,67.2849403608018,99.08891024824503,56.68361706498739,DWARKESH.BO,2023-08-21 12:31:11.893573
379,2022-01-14 00:00:00+05:30,92.64155843391538,95.61896965204892,91.27487433400087,93.5201416015625,485628,0.0,0.0,2022-01-14,83.8520493727676,77.97779794642358,77.51375583345624,42.61546576151197,79.86534405814896,76.3585075378418,89.29699385032819,5.874251426344017,4.000910689763124,76.3585075378418,10.240137022349709,86.59864456019152,66.11837051549209,96.83878158254122,55.87823349314239,DWARKESH.BO,2023-08-21 12:31:11.893573
380,2022-01-13 00:00:00+05:30,87.17482389307783,94.15466081874227,85.41765767044015,91.86058807373047,1093028,0.0,0.0,2022-01-13,82.09421442207761,76.73441045401246,76.23784646750383,39.96205501986884,78.42799694831596,75.00402717590332,87.18541997471104,5.359803968065151,3.5325755056179,75.00402717590332,9.623705231035489,84.6277324069388,65.38032194486783,94.25143763797429,55.756616713832344,DWARKESH.BO,2023-08-21 12:31:11.893573
381,2022-01-12 00:00:00+05:30,86.88196195187382,89.66413564840738,85.32004052994522,86.19862365722656,416799,0.0,0.0,2022-01-12,80.3185101217771,75.52431624443501,71.03413708446192,37.20910796990935,77.01403998774602,73.85454978942872,84.84783592520131,4.794193877342082,3.075768390006087,73.85454978942872,8.845879986686125,82.70042977611485,65.00866980274259,91.54630976280097,56.16278981605647,DWARKESH.BO,2023-08-21 12:31:11.893573
382,2022-01-11 00:00:00+05:30,87.17482870792153,90.2498585956346,85.1736119242656,85.61289978027344,341860,0.0,0.0,2022-01-11,79.24939856987719,74.6703716514117,70.40684559767135,34.6240711246586,76.04724170674807,73.04674263000489,84.17244205918868,4.5790269184654875,2.646162018172088,73.04674263000489,8.384970661072577,81.43171329107746,64.66177196893231,89.81668395215004,56.27680130785973,DWARKESH.BO,2023-08-21 12:31:11.893573
383,2022-01-10 00:00:00+05:30,85.41766363291251,88.59031971070641,85.41766363291251,86.73553466796875,474743,0.0,0.0,2022-01-10,78.09239834980515,73.79496940110276,73.20120645467415,31.840185291311638,75.0403303305875,72.29018592834473,83.45221319864629,4.29742894870239,2.162945793098738,72.29018592834473,7.85751456211158,80.1477004904563,64.43267136623315,88.00521505256789,56.57515680412157,DWARKESH.BO,2023-08-21 12:31:11.893573
384,2022-01-07 00:00:00+05:30,87.80935160399305,88.8343665043284,83.46525644087998,84.68550872802734,597831,0.0,0.0,2022-01-07,76.52091901922996,72.75972417975348,71.26271212295823,28.997864573232864,73.80925618981051,71.46773567199708,81.81055246398505,3.761194839476488,1.6293250041978249,71.46773567199708,7.089236530075997,78.55697220207307,64.37849914192108,85.64620873214906,57.28926261184508,DWARKESH.BO,2023-08-21 12:31:11.893573
385,2022-01-06 00:00:00+05:30,81.61046971462274,91.56773263167791,80.5854622842243,86.34504699707031,1204397,0.0,0.0,2022-01-06,75.03644816308498,71.80566141589156,75.36162902337423,25.93690379991726,72.66438750157715,70.73314361572265,80.37307433196389,3.23078674719342,1.096357545378159,70.73314361572265,6.3724698150789765,77.10561343080163,64.36067380064368,83.47808324588061,57.9882039855647,DWARKESH.BO,2023-08-21 12:31:11.893573
386,2022-01-05 00:00:00+05:30,87.07719936591674,88.59031516606649,81.46403890084916,82.14738464355469,1589107,0.0,0.0,2022-01-05,72.98033928417856,70.64251056939726,71.51193474675014,22.64048450557738,71.22431808099891,69.93997955322266,77.38708799941068,2.3378287147812955,0.5627502449243437,69.93997955322266,5.207830836352644,75.1478103895753,64.73214871687001,80.35564122592794,59.524317880517366,DWARKESH.BO,2023-08-21 12:31:11.893573
387,2022-01-04 00:00:00+05:30,71.26273663992205,85.36885070800781,71.16511794230992,85.36885070800781,1545743,0.0,0.0,2022-01-04,71.31360376429198,69.72212064346466,80.46201787696931,19.356149205356065,70.07452160072988,69.24687614440919,75.00693967733868,1.59148312082732,0.11898062746010563,69.24687614440919,4.3493366860486615,73.59621283045784,64.89753945836053,77.9455495165065,60.54820277231186,DWARKESH.BO,2023-08-21 12:31:11.893573
388,2022-01-03 00:00:00+05:30,70.286532214202,71.36035274457541,70.0912948260719,71.16511535644531,219216,0.0,0.0,2022-01-03,68.75810431998002,68.47038223830121,59.92184921989438,16.1526825970672,68.46459222101642,68.3487705230713,69.8259841620041,0.2877220816788082,-0.24914499588169797,68.3487705230713,2.1368204607498154,70.48559098382111,66.21195006232148,72.62241144457093,64.07512960157166,DWARKESH.BO,2023-08-21 12:31:11.893573
389,2021-12-31 00:00:00+05:30,70.28653291148694,71.0186842959816,69.50556845556103,69.70081329345703,144197,0.0,0.0,2021-12-31,68.32046594971361,68.25480358884968,55.4504042188764,15.763962571014538,68.18032662781337,68.05102920532227,69.1564185647835,0.06566236086392507,-0.3833617652718245,68.05102920532227,2.1386087723613296,70.18963797768359,65.91242043296094,72.32824675004493,63.773811660599605,DWARKESH.BO,2023-08-21 12:31:11.893573
390,2021-12-30 00:00:00+05:30,70.28653033286992,71.99488350068272,69.89604811923266,70.14009857177734,153995,0.0,0.0,2021-12-30,68.06949370539662,68.13912281248109,57.237449806303765,15.488728743817136,68.02027539985087,67.89971809387207,68.88422120044672,-0.06962910708446657,-0.49561779680576185,67.89971809387207,2.1227365098209097,70.02245460369298,65.77698158405116,72.14519111351389,63.654245074230246,DWARKESH.BO,2023-08-21 12:31:11.893573
391,2021-12-29 00:00:00+05:30,69.79843080613186,71.8484531584245,69.21271119802381,69.89604949951172,228790,0.0,0.0,2021-12-29,67.6930200933274,67.97904475173739,56.52784596657477,14.95591423366872,67.79713611859546,67.72888298034668,68.25628251478139,-0.2860246584099855,-0.6021149692360857,67.72888298034668,2.069769006512999,69.79865198685968,65.65911397383368,71.86842099337268,63.589344967320685,DWARKESH.BO,2023-08-21 12:31:11.893573
392,2021-12-28 00:00:00+05:30,67.69959710585522,71.2627353636011,66.67458962754198,69.60319519042969,304322,0.0,0.0,2021-12-28,67.29246929220298,67.82568437191544,55.70308535764909,14.436115562111357,67.5761978679727,67.533642578125,67.43639902241623,-0.5332150797124626,-0.6811375469426106,67.533642578125,2.0385152249082035,69.5721578030332,65.49512735321679,71.6106730279414,63.45661212830859,DWARKESH.BO,2023-08-21 12:31:11.893573
393,2021-12-27 00:00:00+05:30,66.28410962344064,67.79721807974312,65.35671336200105,66.52816009521484,76660,0.0,0.0,2021-12-27,66.87233731070721,67.6834835064343,45.50722985935367,14.085761881729404,67.3628297287667,67.26762733459472,66.35300093840948,-0.8111461957270905,-0.7181181637501477,67.26762733459472,2.1004310604631584,69.36805839505789,65.16719627413156,71.46848945552104,63.066765213668404,DWARKESH.BO,2023-08-21 12:31:11.893573
394,2021-12-24 00:00:00+05:30,67.26030518890063,69.06627702072488,65.99123987581946,66.28410339355469,98877,0.0,0.0,2021-12-24,66.93491498625127,67.77590937933185,44.584321260019834,15.158242168595365,67.4506896901932,67.12851848602295,66.2654213600068,-0.8409943930805781,-0.694861155755912,67.12851848602295,2.2395082034120057,69.36802668943496,64.88901028261095,71.60753489284697,62.649502079198946,DWARKESH.BO,2023-08-21 12:31:11.893573
395,2021-12-23 00:00:00+05:30,66.77220311217327,67.26030400122742,65.74718826602816,66.47933959960938,55709,0.0,0.0,2021-12-23,67.05324436674155,67.89525385819402,45.176380702562916,16.01392983037926,67.5734882477341,67.13584003448486,66.25608034323284,-0.8420094914524725,-0.6583278464247455,67.13584003448486,2.2368400615282815,69.37268009601314,64.89899997295657,71.60952015754143,62.6621599114283,DWARKESH.BO,2023-08-21 12:31:11.893573
396,2021-12-22 00:00:00+05:30,65.16147315212785,66.57696284821101,65.11266008074746,65.6983871459961,53179,0.0,0.0,2021-12-22,67.15759068803831,68.0085269988808,42.40666426007347,16.63837593224744,67.68866178964197,67.22369861602783,66.14445071504457,-0.850936310842485,-0.6124074351678137,67.22369861602783,2.2441938818808946,69.46789249790872,64.97950473414694,71.71208637978962,62.73531085226604,DWARKESH.BO,2023-08-21 12:31:11.893573
397,2021-12-21 00:00:00+05:30,63.99003012877925,66.13767108144378,63.99003012877925,65.0150375366211,79218,0.0,0.0,2021-12-21,67.42290042295508,68.19333818711158,39.95079941123354,16.931767455234098,67.89816438370995,67.37256908416748,66.3674824995688,-0.7704377641564975,-0.5527752162491459,67.37256908416748,2.23642668810185,69.60899577226932,65.13614239606564,71.84542246037118,62.89971570796378,DWARKESH.BO,2023-08-21 12:31:11.893573
398,2021-12-20 00:00:00+05:30,65.79600677340018,65.79600677340018,63.257883430058456,64.18527221679688,180499,0.0,0.0,2021-12-20,67.86069367501581,68.44760223915083,36.9012366629997,17.004465622549027,68.20165142024562,67.47263011932372,67.04370498104264,-0.5869085641350154,-0.498359579272308,67.47263011932372,2.169152641966746,69.64178276129047,65.30347747735698,71.81093540325722,63.13432483539023,DWARKESH.BO,2023-08-21 12:31:11.893573
399,2021-12-17 00:00:00+05:30,69.70080884876387,69.70080884876387,65.64956995666773,66.43053436279297,59081,0.0,0.0,2021-12-17,68.5289521219647,68.78858864093914,42.30993049175713,16.89841439976781,68.6244281785034,67.55804767608643,68.47292136316551,-0.25963651897443185,-0.4762223330566311,67.55804767608643,2.0639749298584134,69.62202260594485,65.49407274622801,71.68599753580325,63.4300978163696,DWARKESH.BO,2023-08-21 12:31:11.893573
400,2021-12-16 00:00:00+05:30,71.26273178813318,71.26273178813318,68.23650768121657,68.87104034423828,49436,0.0,0.0,2021-12-16,68.91048262363229,68.97723298319083,49.63599689316475,17.75818066827955,68.8553643696308,67.68251323699951,69.49411486335177,-0.06675035955854014,-0.5303687865771809,67.68251323699951,2.0674575214353252,69.74997075843484,65.61505571556418,71.81742827987016,63.54759819412886,DWARKESH.BO,2023-08-21 12:31:11.893573
401,2021-12-15 00:00:00+05:30,70.18891223107273,71.84845234318685,68.96865995809799,70.04248046875,116654,0.0,0.0,2021-12-15,68.91765394715848,68.98572839430703,53.782488430078715,18.22573928328924,68.85371426704054,67.77037143707275,69.8056521229085,-0.06807444714854682,-0.6462733933318411,67.77037143707275,2.156060608618637,69.92643204569139,65.61431082845412,72.08249265431003,63.45825021983548,DWARKESH.BO,2023-08-21 12:31:11.893573
402,2021-12-14 00:00:00+05:30,69.79842747816376,71.01867970680298,69.60319010071291,70.48176574707031,68646,0.0,0.0,2021-12-14,68.71314003414184,68.9011882283516,55.398575530648976,18.291311109599434,68.72858098265007,67.82162227630616,69.68723794998773,-0.18804819420975605,-0.7908231298776646,67.82162227630616,2.2240240418906,70.04564631819676,65.59759823441556,72.26967036008736,63.373574192524956,DWARKESH.BO,2023-08-21 12:31:11.893573
403,2021-12-13 00:00:00+05:30,69.65199688198238,72.72703403896756,69.65199688198238,70.28652954101562,96502,0.0,0.0,2021-12-13,68.3915717227003,68.7747420268541,54.82563631251233,18.722251421626165,68.54403521797425,67.86311130523681,69.28997405144644,-0.3831703041537935,-0.9415168637946416,67.86311130523681,2.283212829074788,70.1463241343116,65.57989847616203,72.4295369633864,63.29668564708724,DWARKESH.BO,2023-08-21 12:31:11.893573
404,2021-12-10 00:00:00+05:30,70.72581896845611,71.06749556414715,69.21271061425817,69.99366760253906,58373,0.0,0.0,2021-12-10,68.04703393755207,68.65379902572118,54.030553407037985,19.159417057230883,68.36061476291727,67.9729341506958,68.79169630666183,-0.6067650881691122,-1.0811035037048535,67.9729341506958,2.4524662656190346,70.42540041631484,65.52046788507677,72.87786668193388,63.06800161945774,DWARKESH.BO,2023-08-21 12:31:11.893573
405,2021-12-09 00:00:00+05:30,69.31032658670807,72.14131324671679,67.94364260106643,70.48176574707031,249974,0.0,0.0,2021-12-09,67.69310054391806,68.54660953957575,55.56493936612822,20.357536286311635,68.1887144640097,68.14621028900146,68.19071065872322,-0.8535089956576911,-1.1996881075887889,68.14621028900146,2.7114996442979864,70.85770993329945,65.43471064470347,73.56920957759743,62.723211000405485,DWARKESH.BO,2023-08-21 12:31:11.893573
406,2021-12-08 00:00:00+05:30,67.79721554200698,69.21271269401113,67.79721554200698,68.28531646728516,106806,0.0,0.0,2021-12-08,67.1860705069813,68.3917970429762,49.5974815983526,21.647818533013986,67.94734064474017,68.38293972015381,67.04518311454967,-1.2057265359948985,-1.2862328855715632,68.38293972015381,3.104357528735173,71.48729724888899,65.27858219141864,74.59165477762416,62.17422466268347,DWARKESH.BO,2023-08-21 12:31:11.893573
407,2021-12-07 00:00:00+05:30,65.21028419827003,67.79721304885007,65.21028419827003,67.40673828125,142920,0.0,0.0,2021-12-07,66.98620760510786,68.40031548903147,46.95133856966764,22.11842899813087,67.91176424236701,68.6123472213745,66.42511643818192,-1.4141078839236059,-1.3063594729657293,68.6123472213745,3.262275779850778,71.87462300122529,65.35007144152372,75.13689878107606,62.08779566167295,DWARKESH.BO,2023-08-21 12:31:11.893573
408,2021-12-06 00:00:00+05:30,67.84603111605017,67.84603111605017,64.86861238290471,65.21028900146484,85083,0.0,0.0,2021-12-06,66.90974748217293,68.479801665654,39.58867870128389,21.757317388059437,67.96492486985302,68.88568363189697,65.93430551664787,-1.5700541834810622,-1.27942237022626,68.88568363189697,3.3827411079532372,72.2684247398502,65.50294252394373,75.65116584780344,62.12020141599049,DWARKESH.BO,2023-08-21 12:31:11.893573
409,2021-12-03 00:00:00+05:30,66.96744715835581,67.84603033572239,66.38172752272118,66.67459106445312,61712,0.0,0.0,2021-12-03,67.21873993321077,68.74136267878912,43.29127326271959,21.368427961828665,68.25488654020967,69.2566400527954,66.29631377423937,-1.5226227455783459,-1.2067644169125593,69.2566400527954,3.3652297514724836,72.62186980426789,65.89141030132292,75.98709955574037,62.52618054985044,DWARKESH.BO,2023-08-21 12:31:11.893573
410,2021-12-02 00:00:00+05:30,66.77220937388391,67.06506546608252,65.6983888068306,66.72339630126953,80407,0.0,0.0,2021-12-02,67.31767609116672,68.90670440793599,43.420413497584654,21.50652865812849,68.42123343239457,69.54705982208252,66.10717512913249,-1.589028316769273,-1.1277998347461127,69.54705982208252,3.381265066694135,72.92832488877666,66.16579475538838,76.30958995547078,62.78452968869425,DWARKESH.BO,2023-08-21 12:31:11.893573
411,2021-12-01 00:00:00+05:30,65.7960040704681,66.38172367212698,65.06385270643729,65.99124145507812,103988,0.0,0.0,2021-12-01,67.42572696205711,69.08136905646931,41.03580115698824,21.197481436955492,68.59995313040773,69.8692060470581,65.79906454306396,-1.655642094412201,-1.0124927142403226,69.8692060470581,3.4049231085028424,73.27412915556094,66.46428293855526,76.67905226406378,63.059359830052415,DWARKESH.BO,2023-08-21 12:31:11.893573
412,2021-11-30 00:00:00+05:30,64.81980431634635,65.79600616614725,63.990034233581376,64.28289031982422,95147,0.0,0.0,2021-11-30,67.68654250878056,69.32857926458061,35.084755503094414,20.457758834148905,68.87455435938979,70.06200618743897,65.70297608705687,-1.6420367558000493,-0.8517053691973528,70.06200618743897,3.280684790375494,73.34269097781446,66.78132139706348,76.62337576818996,63.500636606687976,DWARKESH.BO,2023-08-21 12:31:11.893573
413,2021-11-29 00:00:00+05:30,63.64835698152737,66.3817251123437,62.03762618006184,63.7459831237793,195880,0.0,0.0,2021-11-29,68.30538836131808,69.73223438016113,33.105000257368715,19.311914667929525,69.35788741618616,70.30605640411378,66.41301897067318,-1.426846018843051,-0.6541225225466787,70.30605640411378,2.9974741571550996,73.30353056126887,67.30858224695868,76.30100471842397,64.31110808980358,DWARKESH.BO,2023-08-21 12:31:11.893573
414,2021-11-26 00:00:00+05:30,68.23650617315046,68.23650617315046,66.08885778022034,66.43053436279297,90875,0.0,0.0,2021-11-26,69.13437113177967,70.21113448067167,38.51867987347861,18.077928642770193,69.94861418380793,70.5696304321289,67.74653689412011,-1.0767633488920012,-0.46094164847258556,70.5696304321289,2.595022153067583,73.16465258519649,67.97460827906131,75.75967473826407,65.37958612599374,DWARKESH.BO,2023-08-21 12:31:11.893573
415,2021-11-25 00:00:00+05:30,69.066281318582,69.066281318582,67.65079160637875,68.23651123046875,76587,0.0,0.0,2021-11-25,69.62597781704999,70.51358249010197,42.92039308420788,18.046890521247093,70.31893837549372,70.78195457458496,68.40453815978367,-0.8876046730519818,-0.30698622336773157,70.78195457458496,2.4053279056820727,73.18728248026703,68.37662666890289,75.5926103859491,65.97129876322082,DWARKESH.BO,2023-08-21 12:31:11.893573
416,2021-11-24 00:00:00+05:30,68.28531429144303,71.01868236503644,67.55316292685502,68.67579650878906,155170,0.0,0.0,2021-11-24,69.8786081055193,70.69574819087262,44.056850627523154,18.659769819726314,70.53814123286476,71.01868324279785,68.48855162444113,-0.8171400853533157,-0.161831610946669,71.01868324279785,2.374410104283055,73.3930933470809,68.64427313851479,75.76750345136396,66.26986303423173,DWARKESH.BO,2023-08-21 12:31:11.893573
417,2021-11-23 00:00:00+05:30,64.57575362393472,67.84602831955615,64.57575362393472,67.0162582397461,86105,0.0,0.0,2021-11-23,70.09730112310663,70.8573443254393,38.33699687006865,19.319793679627015,70.73417751960957,71.26273384094239,68.39492918226716,-0.7600432023326675,0.0019955076549926787,71.26273384094239,2.3717680620506445,73.63450190299304,68.89096577889174,76.00626996504367,66.5191977168411,DWARKESH.BO,2023-08-21 12:31:11.893573
418,2021-11-22 00:00:00+05:30,68.62699144800814,68.91984752754216,64.62455799725011,65.89362335205078,262900,0.0,0.0,2021-11-22,70.65749073826309,71.16463121229475,34.116745610289016,18.165337594841937,71.12553744380573,71.41404495239257,69.0842646535277,-0.5071404740316581,0.19250518515190773,71.41404495239257,2.174964649137175,73.58900960152975,69.23908030325539,75.76397425066692,67.06411565411823,DWARKESH.BO,2023-08-21 12:31:11.893573
419,2021-11-18 00:00:00+05:30,71.21391832117675,71.45796877114353,67.74840640034559,68.91984558105469,68500,0.0,0.0,2021-11-18,71.52364844484715,71.58631184111428,41.20035326210979,16.938022509457806,71.67626524293782,71.7239891052246,70.67958530426615,-0.06266339626712636,0.3674165999477992,71.7239891052246,1.7463179462665366,73.47030705149115,69.97767115895806,75.21662499775768,68.23135321269153,DWARKESH.BO,2023-08-21 12:31:11.893573
420,2021-11-17 00:00:00+05:30,71.70202492135905,72.48298940247024,70.48177257451611,70.62820434570312,97628,0.0,0.0,2021-11-17,71.99706714735487,71.79962914191904,46.23054725379625,16.786552714678972,71.96641468103077,71.88994369506835,71.55945516587188,0.1974380054358278,0.4749365990015305,71.88994369506835,1.6188695425676805,73.50881323763603,70.27107415250067,75.12768278020371,68.652204609933,DWARKESH.BO,2023-08-21 12:31:11.893573
421,2021-11-16 00:00:00+05:30,71.26273464317177,72.43417387735258,70.33534587009771,71.06749725341797,78839,0.0,0.0,2021-11-16,72.24595129310973,71.89334312561631,47.61967473048649,18.064152710878375,72.10727892685473,72.0119686126709,72.02508057595625,0.3526081674934147,0.5443112473929561,72.0119686126709,1.6107160603050859,73.62268467297598,70.40125255236582,75.23340073328107,68.79053649206072,DWARKESH.BO,2023-08-21 12:31:11.893573
422,2021-11-15 00:00:00+05:30,72.72703599340352,72.92227337935493,71.06749586932989,71.3115463256836,83117,0.0,0.0,2021-11-15,72.46021566396277,71.95941079539217,48.35560001708815,19.41040106138199,72.21672962932176,72.1950065612793,72.5038722372254,0.5008048685705973,0.5922370173678414,72.1950065612793,1.7030908858923344,73.89809744717164,70.49191567538696,75.60118833306397,68.78882478949463,DWARKESH.BO,2023-08-21 12:31:11.893573
423,2021-11-12 00:00:00+05:30,73.80085744154216,74.09372097198766,72.23893599076705,72.48298645019531,88659,0.0,0.0,2021-11-12,72.66906463455898,72.01123995296886,51.9929194408743,20.514051426065766,72.3120120823363,72.30971031188965,73.10003519299629,0.6578246815901139,0.6150950545671524,72.30971031188965,1.717649032814068,74.02735934470371,70.59206127907558,75.74500837751778,68.87441224626151,DWARKESH.BO,2023-08-21 12:31:11.893573
424,2021-11-11 00:00:00+05:30,75.5580258687511,75.80207633509214,71.60440533489462,73.45919036865234,197747,0.0,0.0,2021-11-11,72.702897031716,71.97350023319075,55.2237650767735,20.960921050504673,72.29401478045641,72.41221122741699,73.40855956439677,0.7293967985252579,0.604412647811412,72.41221122741699,1.7882501095400278,74.20046133695702,70.62396111787696,75.98871144649705,68.83571100833693,DWARKESH.BO,2023-08-21 12:31:11.893573
425,2021-11-10 00:00:00+05:30,71.3115470298973,76.63184405181532,71.3115470298973,75.21635437011719,432204,0.0,0.0,2021-11-10,72.56538915227303,71.85464502235382,61.608035492405094,21.442165261438877,72.17136471854106,72.4781047821045,73.38324416226897,0.7107441299192061,0.5731666101329504,72.4781047821045,1.8520037900931685,74.33010857219766,70.62610099201133,76.18211236229084,68.77409720191815,DWARKESH.BO,2023-08-21 12:31:11.893573
426,2021-11-09 00:00:00+05:30,73.99610006100312,73.99610006100312,72.53179734830118,72.87346649169922,66576,0.0,0.0,2021-11-09,72.08339547630136,71.58570827453275,55.216215108825565,21.96042825782956,71.85083949205935,72.39512748718262,72.46668905834485,0.49768720176861336,0.5387722301863864,72.39512748718262,1.7576349082917642,74.15276239547438,70.63749257889086,75.91039730376615,68.8798576705991,DWARKESH.BO,2023-08-21 12:31:11.893573
427,2021-11-08 00:00:00+05:30,72.62941603958222,73.60561784805019,72.23893382662929,72.87346649169922,173575,0.0,0.0,2021-11-08,71.93974620077448,71.48268761715944,55.21621510882556,23.481250697108717,71.74319454472884,72.44637794494629,72.26330034166766,0.45705858361503715,0.5490434872908296,72.44637794494629,1.787015215732833,74.23339316067913,70.65936272921346,76.02040837641196,68.87234751348062,DWARKESH.BO,2023-08-21 12:31:11.893573
428,2021-11-04 00:00:00+05:30,73.31275571921209,73.60561924644794,71.7508342855549,72.6294174194336,32361,0.0,0.0,2021-11-04,71.76997887515179,71.37142530719626,54.54698895844314,24.89887071844644,71.62421855031091,72.43173484802246,71.95821726665187,0.3985535679555312,0.5720397132097778,72.43173484802246,1.7845295413313906,74.21626438935385,70.64720530669106,76.00079393068523,68.86267576535968,DWARKESH.BO,2023-08-21 12:31:11.893573
429,2021-11-03 00:00:00+05:30,73.65442567631942,74.43539012562145,71.94607246032155,72.48298645019531,226121,0.0,0.0,2021-11-03,71.613717321646,71.27078593821727,54.14934629534369,26.425538433733216,71.51840814303485,72.38780555725097,71.622617190261,0.3429313834287342,0.6154112495233394,72.38780555725097,1.790212030528428,74.1780175877794,70.59759352672255,75.96822961830783,68.80738149619411,DWARKESH.BO,2023-08-21 12:31:11.893573
430,2021-11-02 00:00:00+05:30,70.67701071792699,73.60561607269334,69.8472406903089,73.16632080078125,210394,0.0,0.0,2021-11-02,71.45566838918249,71.17380989725903,56.21973594090093,28.158919915383844,71.41687358438638,72.47322311401368,71.19243256029384,0.28185849192345813,0.6835312160469906,72.47322311401368,1.8351834608563715,74.30840657487005,70.6380396531573,76.14359003572642,68.80285619230094,DWARKESH.BO,2023-08-21 12:31:11.893573
431,2021-11-01 00:00:00+05:30,69.31033027439588,70.18891341532725,68.96866112176394,69.84724426269531,115673,0.0,0.0,2021-11-01,71.14464067798272,71.01440902497725,47.03945934143596,29.620575922927905,71.23272124581851,72.55864105224609,70.20548844005013,0.1302316530054668,0.7839493970778738,72.55864105224609,1.907474943840707,74.4661159960868,70.65116610840538,76.3735909399275,68.74369116456468,DWARKESH.BO,2023-08-21 12:31:11.893573
432,2021-10-29 00:00:00+05:30,69.01746289669134,70.77462908058203,67.74840505084009,69.16389465332031,148571,0.0,0.0,2021-10-29,71.3805309353077,71.10778220595981,44.839620948009184,29.17623904982912,71.37856092825254,72.59036712646484,70.38461052872753,0.27274872934789585,0.9473788330959755,72.59036712646484,1.8648036466888707,74.45517077315371,70.72556347977597,76.31997441984258,68.8607598330871,DWARKESH.BO,2023-08-21 12:31:11.893573
433,2021-10-28 00:00:00+05:30,71.26273078379892,71.26273078379892,68.48055716742181,69.01746368408203,224467,0.0,0.0,2021-10-28,71.78355571385087,71.26329321017096,44.366279940035824,28.697722417261197,71.61168369403488,72.58304557800292,70.99496846643115,0.5202625036799162,1.1160363590329954,72.58304557800292,1.879196545437693,74.46224212344062,70.70384903256523,76.34143866887831,68.82465248712754,DWARKESH.BO,2023-08-21 12:31:11.893573
434,2021-10-27 00:00:00+05:30,73.06870882559664,73.8008602315602,70.33534804536359,70.67701721191406,133883,0.0,0.0,2021-10-27,72.2864815374452,71.44295957225806,48.65693696955347,28.413373670673085,71.88475948455623,72.53667640686035,71.9837208576057,0.8435219651871364,1.2649798228712652,72.53667640686035,1.9805179355295317,74.51719434238989,70.55615847133082,76.49771227791942,68.57564053580128,DWARKESH.BO,2023-08-21 12:31:11.893573
435,2021-10-26 00:00:00+05:30,73.06870328522066,74.3865742264627,71.79964541314001,72.97108459472656,200477,0.0,0.0,2021-10-26,72.57911141481449,71.50423496108557,55.53706321530143,28.745554605671202,72.01189025009751,72.3707218170166,72.63707268045151,1.074876453728919,1.3703442872922975,72.3707218170166,2.263403184799695,74.6341250018163,70.1073186322169,76.89752818661599,67.84391544741722,DWARKESH.BO,2023-08-21 12:31:11.893573
436,2021-10-25 00:00:00+05:30,71.26273559616352,74.5818234011671,65.50314314745572,73.55680847167969,466381,0.0,0.0,2021-10-25,72.50784356392138,71.38688699039429,57.48158226230952,29.68069992714129,71.91092242434708,72.11690979003906,72.47006672331398,1.1209565735270957,1.444211245683142,72.11690979003906,2.4679153885476905,74.58482517858675,69.64899440149136,77.05274056713444,67.18107901294368,DWARKESH.BO,2023-08-21 12:31:11.893573
437,2021-10-22 00:00:00+05:30,72.33655325237675,72.58060370697169,68.5293646711298,70.04248046875,187896,0.0,0.0,2021-10-22,72.3171226716017,71.21329327189146,47.285602655751475,30.687779504109077,71.73767126146996,71.85577583312988,71.92669584913112,1.1038293997102357,1.5250249137221534,71.85577583312988,2.581246351704539,74.43702218483442,69.27452948142535,77.01826853653895,66.69328312972081,DWARKESH.BO,2023-08-21 12:31:11.893573
438,2021-10-21 00:00:00+05:30,72.72703911198597,74.67944284653593,70.96987277175934,72.0925064086914,151499,0.0,0.0,2021-10-21,72.7306939812111,71.30695829614277,54.354457998679294,32.9518648826442,71.91611239754573,71.72154808044434,72.86880353932168,1.423735685068337,1.6303237922251328,71.72154808044434,2.7451018421218043,74.46664992256613,68.97644623832254,77.21175176468795,66.23134439620073,DWARKESH.BO,2023-08-21 12:31:11.893573
439,2021-10-20 00:00:00+05:30,72.23893737792969,75.41159341141984,70.8234476651965,72.23893737792969,352441,0.0,0.0,2021-10-20,72.8467280853056,71.24411444713887,54.912210863961846,33.90438555293477,71.89754460689882,71.46285476684571,73.25695210463681,1.60261363816673,1.6819708190143317,71.46285476684571,2.944825688464642,74.40768045531036,68.51802907838106,77.35250614377499,65.57320338991643,DWARKESH.BO,2023-08-21 12:31:11.893573
440,2021-10-19 00:00:00+05:30,74.72825021412567,76.24135852419063,72.28774573225127,73.0687026977539,344979,0.0,0.0,2021-10-19,72.95723548664667,71.1645286126756,57.96854766113334,34.93017704401692,71.86160852573768,71.20660171508788,73.76595946799037,1.7927068739710705,1.701810114226232,71.20660171508788,3.092996885635775,74.29959860072366,68.11360482945211,77.39259548635944,65.02060794381633,DWARKESH.BO,2023-08-21 12:31:11.893573
441,2021-10-18 00:00:00+05:30,74.19134221725047,76.33898335493392,72.82465810789316,74.72825622558594,274713,0.0,0.0,2021-10-18,72.9369687209908,71.01219468586933,64.6512912207094,35.019417055550356,71.73454598131492,70.88201484680175,74.1145878531086,1.924774035121473,1.6790859242900225,70.88201484680175,3.2251066504185055,74.10712149722026,67.65690819638324,77.33222814763876,64.43180154596475,DWARKESH.BO,2023-08-21 12:31:11.893573
442,2021-10-14 00:00:00+05:30,75.16754281592851,75.65564374330467,73.3127578023333,73.60562133789062,172731,0.0,0.0,2021-10-14,72.61128008379168,70.714909762692,61.89948072812312,34.71707182413705,71.41941858718114,70.63796424865723,73.80775366686993,1.8963703210996812,1.6176638965821595,70.63796424865723,3.1010262202396826,73.73899046889692,67.53693802841754,76.84001668913659,64.43591180817786,DWARKESH.BO,2023-08-21 12:31:11.893573
443,2021-10-13 00:00:00+05:30,75.85087568031749,76.92470360158411,74.04490386846774,74.53300476074219,269675,0.0,0.0,2021-10-13,72.4304907648646,70.48365283667611,65.85219542630529,34.6166820198986,71.1892919818433,70.49641494750976,73.90881983135958,1.9468379281884864,1.547987290452779,70.49641494750976,3.0220407451504623,73.51845569266023,67.4743742023593,76.54049643781069,64.45233345720884,DWARKESH.BO,2023-08-21 12:31:11.893573
444,2021-10-12 00:00:00+05:30,73.70324089913312,76.0461268676118,73.70324089913312,74.77706146240234,505851,0.0,0.0,2021-10-12,72.04821549288687,70.15970468275083,66.87553397809762,33.98433696816937,70.83732221564343,70.25236473083496,73.59672736666826,1.8885108101360402,1.4482746310188521,70.25236473083496,2.8722780564544172,73.12464278728937,67.38008667438054,75.9969208437438,64.50780861792612,DWARKESH.BO,2023-08-21 12:31:11.893573
445,2021-10-11 00:00:00+05:30,73.89847763223246,75.36278041845499,73.06870754293884,73.55680847167969,168021,0.0,0.0,2021-10-11,71.55206168024769,69.7903161403787,64.25344661835103,33.563350867938176,70.42261282124775,69.95462303161621,73.00656031880122,1.7617455398689827,1.338215586239555,69.95462303161621,2.680819327805155,72.63544235942136,67.27380370381105,75.31626168722651,64.5929843760059,DWARKESH.BO,2023-08-21 12:31:11.893573
446,2021-10-08 00:00:00+05:30,73.21513734422479,75.65564192236562,71.26273368171213,73.89847564697266,444226,0.0,0.0,2021-10-08,71.18756226362369,69.48899675387463,65.59719496400885,33.31773778992875,70.09269748962333,69.59586868286132,72.73143624236198,1.6985655097490593,1.232333097832198,69.59586868286132,2.6533478840074913,72.24921656686881,66.94252079885383,74.9025644508763,64.28917291484635,DWARKESH.BO,2023-08-21 12:31:11.893573
447,2021-10-07 00:00:00+05:30,72.09250363834177,73.41037461895439,71.75083448749092,72.58060455322266,183582,0.0,0.0,2021-10-07,70.69466892119661,69.13623844242679,62.79196422715511,33.05323139822629,69.69208926253393,69.1858642578125,72.14791654005663,1.5584304787698215,1.1157749948529825,69.1858642578125,2.5862053888108094,71.77206964662331,66.59965886900169,74.35827503543412,64.01345348019088,DWARKESH.BO,2023-08-21 12:31:11.893573
448,2021-10-06 00:00:00+05:30,75.36277524983592,75.36277524983592,71.2139176400806,71.7508316040039,139218,0.0,0.0,2021-10-06,70.3517715335555,68.86068915356311,60.931951434128486,33.4721736805433,69.3880350214088,68.8295509338379,71.9315725334736,1.4910823799923918,1.0051111238737727,68.8295509338379,2.5847890094239587,71.41433994326185,66.24476192441394,73.99912895268581,63.65997291498998,DWARKESH.BO,2023-08-21 12:31:11.893573
449,2021-10-05 00:00:00+05:30,74.67943849061665,75.85087768388698,73.89847406321725,74.19133758544922,486824,0.0,0.0,2021-10-05,70.09739697529216,68.62947775752785,70.5606813143792,33.92334229226932,69.13931959166194,68.51472625732421,72.02194299820843,1.4679192177643046,0.8836183098441177,68.51472625732421,2.593691129197203,71.10841738652141,65.92103512812702,73.70210851571862,63.327343998929805,DWARKESH.BO,2023-08-21 12:31:11.893573
450,2021-10-04 00:00:00+05:30,71.45797306078869,76.43660849724316,71.45797306078869,74.87467956542969,1404492,0.0,0.0,2021-10-04,69.35304413708178,68.18452897129414,73.56921184118497,32.68860367834073,68.60752822389487,68.14865074157714,70.93724570458802,1.168515165787639,0.7375430828640709,68.14865074157714,2.243340913640938,70.39199165521808,65.90530982793621,72.63533256885901,63.661968914295265,DWARKESH.BO,2023-08-21 12:31:11.893573
451,2021-10-01 00:00:00+05:30,69.31032658670807,71.26273015253084,68.77341262697539,70.48176574707031,356531,0.0,0.0,2021-10-01,68.3491104228367,67.6493169237633,64.49378782295105,31.358885171033027,67.94782808268069,67.81918258666992,68.96852877416718,0.699793499073408,0.6298000621331787,67.81918258666992,1.5931963753942868,69.41237896206421,66.22598621127564,71.0055753374585,64.63278983588135,DWARKESH.BO,2023-08-21 12:31:11.893573
452,2021-09-30 00:00:00+05:30,68.33412540912225,69.50556457986147,67.99245627164237,69.01746368408203,210903,0.0,0.0,2021-09-30,67.96135490933969,67.42272101789874,60.28220231425318,31.508501054067963,67.68109780221862,67.72156257629395,68.21191028771561,0.5386338914409521,0.6123017028981215,67.72156257629395,1.4770460658607394,69.19860864215468,66.24451651043321,70.67565470801543,64.76747044457247,DWARKESH.BO,2023-08-21 12:31:11.893573
453,2021-09-29 00:00:00+05:30,67.01625969649733,69.84724660194229,66.38172699302756,68.09008026123047,218752,0.0,0.0,2021-09-29,67.76933513211381,67.29514160460407,57.28536336606496,32.47823111366353,67.54042770939088,67.72156257629395,67.8091335895324,0.4741935275097404,0.6307186557624138,67.72156257629395,1.4770460658607394,69.19860864215468,66.24451651043321,70.67565470801543,64.76747044457247,DWARKESH.BO,2023-08-21 12:31:11.893573
454,2021-09-28 00:00:00+05:30,67.99245808605085,68.57817768705064,66.91863757624641,67.35792541503906,63673,0.0,0.0,2021-09-28,67.71101783591078,67.23154651207395,54.799503283168995,33.522555793227994,67.48256954603934,67.7654914855957,67.66866025368336,0.4794713238368331,0.6698499378255821,67.7654914855957,1.5014463970075813,69.26693788260329,66.26404508858812,70.76838427961087,64.76259869158054,DWARKESH.BO,2023-08-21 12:31:11.893573
455,2021-09-27 00:00:00+05:30,69.01747026423728,70.28653569338852,67.60198051065494,67.89484405517578,231031,0.0,0.0,2021-09-27,67.77521645788745,67.22143619983673,57.08131688492953,35.284886660596264,67.49568998088148,67.83138504028321,67.8240276730055,0.5537802580507218,0.7174445913227693,67.83138504028321,1.511503091228082,69.34288813151129,66.31988194905513,70.85439122273937,64.80837885782705,DWARKESH.BO,2023-08-21 12:31:11.893573
456,2021-09-24 00:00:00+05:30,71.16511618116388,71.16511618116388,67.94364710488173,68.3341293334961,137513,0.0,0.0,2021-09-24,67.75346598565321,67.1675635714096,58.93815619318913,36.72448741574938,67.4536737625347,67.85823020935058,67.78861948192035,0.5859024142436056,0.7583606746407812,67.85823020935058,1.5174456549577333,69.37567586430832,66.34078455439284,70.89312151926605,64.82333889943511,DWARKESH.BO,2023-08-21 12:31:11.893573
457,2021-09-23 00:00:00+05:30,67.55316279942939,67.89483939385568,66.52815535963695,67.35792541503906,45204,0.0,0.0,2021-09-23,67.64789083149996,67.07423831044268,55.97636123495965,38.04483840799856,67.36099422874929,67.95096931457519,67.51586455613247,0.5736525210572836,0.8014752397400751,67.95096931457519,1.6023628799149354,69.55333219449012,66.34860643466025,71.15569507440506,64.74624355474532,DWARKESH.BO,2023-08-21 12:31:11.893573
458,2021-09-22 00:00:00+05:30,67.55316538418022,68.57818031102107,66.72339529702906,66.91864013671875,67366,0.0,0.0,2021-09-22,67.70061181631104,67.05154334207496,54.611448831873524,40.64893091213701,67.36131726177142,68.0900779724121,67.59483412667916,0.6490684742360742,0.8584309194107729,68.0900779724121,1.6676067099749194,69.75768468238702,66.42247126243718,71.42529139236194,64.75486455246227,DWARKESH.BO,2023-08-21 12:31:11.893573
459,2021-09-21 00:00:00+05:30,66.77220718913966,67.74840902685273,65.50314182098109,67.11387634277344,74166,0.0,0.0,2021-09-21,67.84278848532782,67.06217559850346,55.33557781275783,43.575982407835696,67.40791485388223,68.15353088378906,67.93293112165935,0.7806128868243576,0.9107715307044475,68.15353088378906,1.64467351331631,69.79820439710537,66.50885737047275,71.44287791042169,64.86418385715643,DWARKESH.BO,2023-08-21 12:31:11.893573
460,2021-09-20 00:00:00+05:30,67.84603075697693,69.60319712262027,66.3817279348839,66.57696533203125,155737,0.0,0.0,2021-09-20,67.97531796579224,67.05803953896185,53.799702047110735,46.173456393114876,67.4388662761042,67.97293376922607,68.3424585111023,0.9172784268303928,0.9433111916744699,67.97293376922607,1.9371470274375224,69.91008079666359,66.03578674178856,71.84722782410113,64.09863971435102,DWARKESH.BO,2023-08-21 12:31:11.893573
461,2021-09-17 00:00:00+05:30,71.26273394409718,71.65321616760322,67.2114948399012,69.84724426269531,215927,0.0,0.0,2021-09-17,68.22956389920333,67.0965254755163,66.69594136918218,49.4857945425505,67.52959269126978,,69.22520510063781,1.133038423687026,0.9498193828854891,,,,,,,DWARKESH.BO,2023-08-21 12:31:11.893573
462,2021-09-16 00:00:00+05:30,71.2627362481479,72.33655681163634,70.53058484833817,70.7746353149414,219298,0.0,0.0,2021-09-16,67.93544019675024,66.87646797254197,71.20343001037757,53.01284214602481,67.28562936796183,,68.91418551960905,1.0589722242082615,0.9040146226851048,,,,,,,DWARKESH.BO,2023-08-21 12:31:11.893573
463,2021-09-15 00:00:00+05:30,69.3103312697077,71.75083589188051,68.96866211216933,69.6520004272461,385514,0.0,0.0,2021-09-15,67.41922290253366,66.56461458515003,68.84916517962125,54.029666392407364,66.91836558406925,,67.98396062194286,0.8546083173836365,0.8652752223043155,,,,,,,DWARKESH.BO,2023-08-21 12:31:11.893573
464,2021-09-14 00:00:00+05:30,66.38172295752992,69.79842928622631,65.99124074468459,68.82222747802734,275184,0.0,0.0,2021-09-14,67.01326335258595,66.31762371778234,66.9921875,55.405559307599844,66.63061454794537,,67.14994071929122,0.6956396348036122,0.8679419485344853,,,,,,,DWARKESH.BO,2023-08-21 12:31:11.893573
465,2021-09-13 00:00:00+05:30,64.72218143829892,66.96744107904499,64.72218143829892,66.38172149658203,211896,0.0,0.0,2021-09-13,66.68436078432387,66.11725541696273,60.57692307692309,58.022371457431845,66.39991845004201,,66.31379733992316,0.5671053673611368,0.9110175269672034,,,,,,,DWARKESH.BO,2023-08-21 12:31:11.893573
466,2021-09-09 00:00:00+05:30,65.89362453585963,66.38172545834747,65.01504138581569,65.6983871459961,54667,0.0,0.0,2021-09-09,66.73938610936784,66.09609813059319,,61.39954004659935,66.40183391882726,,66.27983526159372,0.6432879787746515,0.9969955668687199,,,,,,,DWARKESH.BO,2023-08-21 12:31:11.893573
467,2021-09-08 00:00:00+05:30,65.30790630431095,67.0650651938577,64.9174240684686,65.45433807373047,114867,0.0,0.0,2021-09-08,66.92865864816271,66.12791500936096,,64.202408024326,66.47588094754634,,66.57055931939252,0.8007436388017481,1.085422463892237,,,,,,,DWARKESH.BO,2023-08-21 12:31:11.893573
468,2021-09-07 00:00:00+05:30,66.86982779985112,67.55316612670333,65.16147453489143,65.45433807373047,161807,0.0,0.0,2021-09-07,67.19671693442312,66.1818011642114,,67.22088123110855,66.58341177636908,,67.12866994222352,1.0149157702117293,1.156592170164859,,,,,,,DWARKESH.BO,2023-08-21 12:31:11.893573
469,2021-09-06 00:00:00+05:30,68.57818052194415,68.91984968266559,66.67458987804673,66.86982727050781,93135,0.0,0.0,2021-09-06,67.5135130909127,66.23999821144986,,70.67554834139362,66.70226163980472,,67.96583587647004,1.2735148794628373,1.1920112701531413,,,,,,,DWARKESH.BO,2023-08-21 12:31:11.893573
470,2021-09-03 00:00:00+05:30,69.2615183178415,69.7008136192893,68.04126600464608,68.28531646728516,57866,0.0,0.0,2021-09-03,67.63054687644086,66.18961188672523,,75.92257566061886,66.68462315236229,,68.51384017945114,1.440934989715629,1.1716353678257172,,,,,,,DWARKESH.BO,2023-08-21 12:31:11.893573
471,2021-09-02 00:00:00+05:30,69.70081220514868,69.70081220514868,68.13889076551372,68.52936553955078,76434,0.0,0.0,2021-09-02,67.51149785992372,66.02195552028044,,79.90657078436817,66.51612911921252,,68.62810203553411,1.489542339643279,1.1043104623532392,,,,,,,DWARKESH.BO,2023-08-21 12:31:11.893573
472,2021-09-01 00:00:00+05:30,68.96865806320125,69.74961502775119,68.33412540912225,69.01746368408203,117139,0.0,0.0,2021-09-01,67.32643100908244,65.82136271873881,,84.02115168734854,66.30420949601903,,68.67747028352576,1.5050682903436297,1.008002493030729,,,,,,,DWARKESH.BO,2023-08-21 12:31:11.893573
473,2021-08-31 00:00:00+05:30,70.18891069350943,70.62819852302574,68.82222668815064,68.96865844726562,148849,0.0,0.0,2021-08-31,67.01897052271887,65.56567464151135,,88.1078424191788,66.0186037920124,,68.50747358324762,1.4532958812075236,0.8837360437025037,,,,,,,DWARKESH.BO,2023-08-21 12:31:11.893573
474,2021-08-30 00:00:00+05:30,70.28653100044843,70.28653100044843,68.04126383658036,68.67579650878906,132782,0.0,0.0,2021-08-30,66.66448180916493,65.29343593705102,,91.60690337246392,65.70807172303837,,68.2768811512386,1.3710458721139105,0.7413460843262487,,,,,,,DWARKESH.BO,2023-08-21 12:31:11.893573
475,2021-08-27 00:00:00+05:30,70.92106510554844,70.92106510554844,67.9436465169365,68.43174743652344,140757,0.0,0.0,2021-08-27,66.29878822741507,65.02284709131197,,95.64802397090722,65.39567964032777,,68.07742347246335,1.2759411361031,0.5839211373793332,,,,,,,DWARKESH.BO,2023-08-21 12:31:11.893573
476,2021-08-26 00:00:00+05:30,71.26273193650688,72.87346640819916,69.89604791665197,70.18891143798828,220576,0.0,0.0,2021-08-26,65.91097746212264,64.75013506369505,,100.0,65.0760935565177,,67.90026149043331,1.1608423984275902,0.4109161376983913,,,,,,,DWARKESH.BO,2023-08-21 12:31:11.893573
477,2021-08-25 00:00:00+05:30,68.33412671251241,71.3115452126891,67.84602580742303,70.14009857177734,215923,0.0,0.0,2021-08-25,65.13317128469254,64.3150329537516,,100.0,64.53790220057343,,66.75593651665582,0.8181383309409398,0.22343457251609153,,,,,,,DWARKESH.BO,2023-08-21 12:31:11.893573
478,2021-08-24 00:00:00+05:30,64.42932269652627,68.82223106219851,63.59955260590956,68.18769836425781,281939,0.0,0.0,2021-08-24,64.22282086885893,63.849027704309535,,100.0,63.94819731939406,,65.06385548909506,0.37379316454939726,0.07475863290987945,,,,,,,DWARKESH.BO,2023-08-21 12:31:11.893573
479,2021-08-23 00:00:00+05:30,67.55316581731469,67.74841065825625,61.988818187490516,63.50193405151367,89166,0.0,0.0,2021-08-23,63.50193405151367,63.50193405151367,,,63.50193405151367,,63.50193405151367,0.0,0.0,,,,,,,DWARKESH.BO,2023-08-21 12:31:11.893573
=======
Trading Day,Date,Open,High,Low,Close,Volume,Dividends,Stock Splits,date_only,RollingMean,RollingStd,UpperBand1,LowerBand1,UpperBand2,LowerBand2,CCI_10,CCI_40,OBV,VPT,VPT_signal,VWAP,MFI_14,PP,R1,S1,R2,S2,R3,S3,CMF,%R,macd,macd_signal,macde_histogram,rsi,ADX,sma_5,sma_20,sma_50,sma_100,symbol,created_on
1,2023-08-21 00:00:00+05:30,90.73999786376953,90.73999786376953,89.2300033569336,89.88999938964844,83975,0.0,0.0,2023-08-21,91.3395004272461,1.7551975786168612,93.09469800586295,89.58430284862924,94.84989558447981,87.82910527001238,-77.5369370731263,-93.49519750782865,13470323,118870.59522663109,145330.3329699367,97.32512174475107,32.663234085881825,89.95333353678386,90.67666371663412,89.16666920979819,91.4633280436198,88.44333902994792,92.18665822347006,87.65667470296225,-0.2495355192045074,-86.81482385706019,-0.3594839558646612,-0.12590456509755032,-0.23357939076711087,44.54677268721525,20.278926545878313,89.99400024414062,91.3395004272461,90.92780029296875,90.10055137634278,DWARKESH.BO,2023-08-21 22:11:13.998650
2,2023-08-18 00:00:00+05:30,90.54000091552734,90.8499984741211,89.5,89.70999908447266,71484,0.0,0.0,2023-08-18,91.34600028991699,1.7497795992614604,93.09577988917844,89.59622069065553,94.8455594884399,87.84644109139407,-87.90035857141686,-90.39868230751998,13386348,100986.36632629557,151945.2674057631,97.33049009658968,55.52488587084083,90.01999918619792,90.53999837239584,89.18999989827475,91.36999766031902,88.67000071207683,91.88999684651694,87.84000142415366,-0.26036857301986954,-93.36449264511897,-0.3166365048774935,-0.0675097174057726,-0.2491267874717209,43.62782471893616,20.872762330725095,90.05599975585938,91.34600028991699,90.96200027465821,90.01121559143067,DWARKESH.BO,2023-08-21 22:11:13.998650
3,2023-08-17 00:00:00+05:30,90.06999969482422,91.9000015258789,90.05000305175781,90.4800033569336,122656,0.0,0.0,2023-08-17,91.37150039672852,1.7282667484863394,93.09976714521486,89.64323364824219,94.8280338937012,87.91496689975584,-21.54282530692093,-42.32508186453423,13457832,174764.99664947565,164684.99267562997,97.33517673720313,64.98912101433288,90.81000264485677,91.57000223795572,89.72000376383463,92.66000111897786,88.96000417073567,93.42000071207681,87.87000528971353,-0.26712081101521334,-86.16818898086946,-0.239253957954233,-0.005228020537842389,-0.2340259374163906,46.702033986858304,21.322621308495805,90.32799987792968,91.37150039672852,90.95560028076171,89.91704162597657,DWARKESH.BO,2023-08-21 22:11:13.998650
4,2023-08-16 00:00:00+05:30,89.0,90.75,89.0,90.06999969482422,52500,0.0,0.0,2023-08-16,91.35950012207032,1.7356003663655966,93.09510048843592,89.62389975570471,94.8307008548015,87.88829938933912,-115.80234628673172,-88.65653452328301,13335176,74465.05456262619,162164.99168216853,97.34241835544091,66.46921546023331,89.93999989827473,90.87999979654947,89.12999979654947,91.68999989827473,88.18999989827473,92.62999979654947,87.37999979654947,-0.2643064274846531,-90.0,-0.2123895427727973,0.053278463816255256,-0.26566800658905254,44.77810231978621,21.424632068956896,90.67599945068359,91.35950012207032,90.94620025634765,89.82981063842773,DWARKESH.BO,2023-08-21 22:11:13.998650
5,2023-08-14 00:00:00+05:30,90.0,90.5999984741211,89.0999984741211,89.81999969482422,108736,0.0,0.0,2023-08-14,91.35450019836426,1.7396499929754614,93.09415019133972,89.6148502053888,94.83380018431518,87.87520021241335,-133.57531840821287,-91.66098898201382,13282676,153801.10279623157,184089.97596205413,97.34570810603466,64.54319837742395,89.83999888102214,90.57999928792319,89.07999928792319,91.33999888102214,88.33999888102214,92.07999928792319,87.57999928792319,-0.2753810919369025,-93.20753467596302,-0.13439777869227498,0.11969546546351839,-0.2540932441557934,43.62589633751097,22.09827367586893,90.85800018310547,91.35450019836426,90.9504002380371,89.78133483886718,DWARKESH.BO,2023-08-21 22:11:13.998650
6,2023-08-11 00:00:00+05:30,90.56999969482422,91.37000274658203,90.05000305175781,90.19999694824219,53433,0.0,0.0,2023-08-11,91.39000015258789,1.7137396123960604,93.10373976498394,89.67626054019183,94.81747937738001,87.96252092779577,-84.888576783162,-49.881654485877505,13391412,75897.78971181625,191662.19425350975,97.35276563426495,68.6228763223526,90.54000091552734,91.02999877929688,89.70999908447266,91.86000061035156,89.22000122070312,92.3499984741211,88.38999938964844,-0.28557033001624027,-95.57349052657433,-0.007887144699893156,0.18321877650246673,-0.1911059212023599,44.949640085839825,22.899110868334503,91.09000091552734,91.39000015258789,90.96780029296875,89.71437072753906,DWARKESH.BO,2023-08-21 22:11:13.998650
7,2023-08-10 00:00:00+05:30,91.56999969482422,93.13999938964844,90.8499984741211,91.06999969482422,141315,0.0,0.0,2023-08-10,91.396000289917,1.7095588695874089,93.10555915950441,89.68644142032959,94.81511802909182,87.97688255074218,-45.77412009941352,14.848413224601245,13444845,202664.0164445082,220603.2953889331,97.35606336965694,68.81564374060692,91.68666585286458,92.52333323160806,90.23333231608072,93.97666676839192,89.39666493733723,94.81333414713541,87.94333140055338,-0.2798676983807463,-80.72966736822873,0.11678033363099871,0.23099525680305671,-0.114214923172058,48.04917449763381,23.154593913797857,91.302001953125,91.396000289917,91.02020034790038,89.67240455627442,DWARKESH.BO,2023-08-21 22:11:13.998650
8,2023-08-09 00:00:00+05:30,90.9800033569336,92.94999694824219,90.69999694824219,92.22000122070312,167503,0.0,0.0,2023-08-09,91.43400039672852,1.71037761036115,93.14437800708967,89.72362278636737,94.85475561745082,88.01324517600622,-33.43729257635185,32.0412959006087,13586160,243254.4314625198,225088.1151250393,97.36373749653625,70.66544019643271,91.9566650390625,93.21333312988281,90.96333312988281,94.2066650390625,89.7066650390625,95.46333312988281,88.71333312988281,-0.2665620944154575,-69.97193038049215,0.18894099624533567,0.2595489875960712,-0.07060799135073553,52.49197778359718,22.89187935996868,91.33600158691407,91.43400039672852,91.05460037231445,89.64126235961913,DWARKESH.BO,2023-08-21 22:11:13.998650
9,2023-08-08 00:00:00+05:30,91.36000061035156,91.52999877929688,90.2699966430664,90.9800033569336,70506,0.0,0.0,2023-08-08,91.54700050354003,1.8351451410543134,93.38214564459435,89.71185536248572,95.21729078564866,87.87671022143141,-66.25668085363742,-18.760001361326168,13418657,101014.81494217631,220546.53604066913,97.37119154346176,63.958855714638595,90.92666625976562,91.58333587646484,90.32333374023438,92.1866683959961,89.66666412353516,92.84333801269531,89.0633316040039,-0.2260679143612572,-81.57154184500118,0.16520804285825363,0.27720098543375504,-0.11199294257550141,47.64503136382978,22.6827479014114,91.38000183105468,91.54700050354003,91.06020034790039,89.6000845336914,DWARKESH.BO,2023-08-21 22:11:13.998650
10,2023-08-07 00:00:00+05:30,91.61000061035156,92.33999633789062,90.80000305175781,90.9800033569336,65601,0.0,0.0,2023-08-07,91.58250045776367,1.8304608988325957,93.41296135659627,89.75203955893107,95.24342225542887,87.92157866009848,-44.66502535888713,6.376155324952584,13489163,93987.36100504508,250429.46631529232,97.3750924317517,66.40760518568312,91.37333424886067,91.94666544596353,90.40667215983072,92.91332753499348,89.83334096272786,93.48665873209634,88.86667887369791,-0.24901013581815803,-81.57154184500118,0.25444052028908004,0.30519922107763037,-0.050758700788550326,47.64503136382977,23.028040205798266,92.12000122070313,91.58250045776367,91.14620025634765,89.56984230041503,DWARKESH.BO,2023-08-21 22:11:13.998650
11,2023-08-04 00:00:00+05:30,91.70999908447266,93.19999694824219,90.94000244140625,91.26000213623047,148464,0.0,0.0,2023-08-04,91.65850028991699,1.8356762428783806,93.49417653279536,89.82282404703861,95.32985277567374,87.98714780416023,-20.332254913604366,28.805013983880375,13554764,213360.82372171964,289539.9926428541,97.37872621979764,66.1927382584283,91.8000005086263,92.65999857584634,90.40000406901041,94.05999501546223,89.54000600179036,94.91999308268228,88.14000956217447,-0.2139275431935324,-78.95228164683665,0.36482997214690727,0.3178888962747679,0.04694107587213936,48.610636472670144,23.074484966628845,93.15,91.65850028991699,91.2068002319336,89.5454573059082,DWARKESH.BO,2023-08-21 22:11:13.998650
12,2023-08-03 00:00:00+05:30,90.51000213623047,92.0,90.1500015258789,91.23999786376953,212112,0.0,0.0,2023-08-03,91.70950012207031,1.8381895847603893,93.5476897068307,89.87131053730992,95.3858792915911,88.03312095254952,-37.54185676799863,-3.064808524497593,13406300,304763.9212245143,308584.7848731377,97.38660471729061,64.23305988866363,91.12999979654948,92.10999806722006,90.25999959309897,92.97999827067058,89.28000132242839,93.95999654134116,88.41000111897787,-0.1843117253356608,-79.13941244355566,0.4730585576682529,0.306153627306733,0.16690493036151988,48.541465061470724,23.04109762982396,93.68799896240235,91.70950012207031,91.2836001586914,89.51583183288574,DWARKESH.BO,2023-08-21 22:11:13.998650
13,2023-07-28 00:00:00+05:30,93.05999755859375,93.7699966430664,92.26000213623047,92.44000244140625,118179,0.0,0.0,2023-07-28,91.73350028991699,1.8348674953206219,93.56836778523761,89.89863279459637,95.40323528055823,88.06376529927574,25.863107788371167,81.66919995468069,13618412,172033.61144340623,309540.0007852936,97.39793293844014,69.35699060029145,92.82333374023438,93.38666534423828,91.87667083740234,94.33332824707031,91.31333923339844,94.89665985107422,90.3666763305664,-0.26654109145172183,-67.91391983350925,0.6064265075149535,0.26442739471635307,0.34199911279860046,52.476854927561966,23.451365473513356,93.70399932861328,91.73350028991699,91.34280014038086,89.48689453125,DWARKESH.BO,2023-08-21 22:11:13.998650
14,2023-07-26 00:00:00+05:30,95.75,95.75,93.76000213623047,94.68000030517578,87519,0.0,0.0,2023-07-26,91.6685001373291,1.8315457005969946,93.5000458379261,89.83695443673211,95.3315915385231,88.00540873613511,102.61434044619575,182.85142322115945,13736591,130488.92243166461,343916.5981207654,97.40302915608966,71.18625816689507,94.73000081380208,95.69999949137369,93.71000162760416,96.71999867757161,92.74000295003255,97.68999735514322,91.72000376383463,-0.2492116447645013,-46.959766878705416,0.6498073484224278,0.17892761651670294,0.47087973190572485,61.05694949129698,22.613605856813997,93.19399871826172,91.6685001373291,91.32880004882813,89.4371713256836,DWARKESH.BO,2023-08-21 22:11:13.998650
15,2023-07-24 00:00:00+05:30,94.8499984741211,99.69999694824219,94.45999908447266,96.12999725341797,632656,0.0,0.0,2023-07-24,91.48800010681153,1.6916839587964239,93.17968406560794,89.79631614801511,94.87136802440438,88.10463218921868,233.93848635766275,313.44458634139744,13824110,957722.3190245259,397273.5170430406,97.40510355622023,77.55034259687083,96.76333109537761,99.06666310628256,93.82666524251303,102.00332895914714,91.52333323160808,104.30666097005209,88.5866673787435,-0.29245992019069345,-33.395710265573,0.4748965543884367,0.061207683540271694,0.413688870848165,67.71155582329612,20.648159049649735,92.30399932861329,91.48800010681153,91.26820007324218,89.38457221984864,DWARKESH.BO,2023-08-21 22:11:13.998650
16,2023-07-21 00:00:00+05:30,91.98999786376953,95.30000305175781,90.94999694824219,93.94999694824219,425211,0.0,0.0,2023-07-21,91.27300033569335,1.2981449791549888,92.57114531484834,89.97485535653837,93.86929029400333,88.67671037738337,246.25297055267023,159.0460180233547,13191454,629092.2118994363,257161.31654766927,97.41216429560878,65.65161462699628,93.39999898274739,95.8500010172526,91.49999491373697,97.75000508626302,89.04999287923177,100.20000712076822,87.14998881022134,-0.2818898057909891,-25.377666832623408,0.10095960266366433,-0.04221453417176957,0.1431741368354339,61.916967327906065,17.999670252332315,91.1240005493164,91.27300033569335,91.19800018310546,89.28769897460937,DWARKESH.BO,2023-08-21 22:11:13.998650
17,2023-07-20 00:00:00+05:30,91.0199966430664,92.88999938964844,91.0199966430664,91.31999969482422,229368,0.0,0.0,2023-07-20,91.19400062561036,1.168235549726146,92.3622361753365,90.02576507588421,93.53047172506265,88.85752952615806,229.0250764671111,56.872191019577755,12766243,329846.42126034724,164178.59270972747,97.42509755630608,58.99104176415591,91.74333190917969,92.46666717529297,90.59666442871094,93.61333465576172,89.87332916259766,94.336669921875,88.7266616821289,-0.5536689052019912,-65.10575132304402,-0.16462570096915385,-0.07800806838062804,-0.08661763258852581,52.33403442452181,16.440945715734014,90.33800048828125,91.19400062561036,91.20160018920899,89.22238777160645,DWARKESH.BO,2023-08-21 22:11:13.998650
18,2023-07-19 00:00:00+05:30,90.25,90.62000274658203,89.76000213623047,89.88999938964844,48811,0.0,0.0,2023-07-19,91.27750053405762,1.2354627795422948,92.51296331359991,90.04203775451533,93.74842609314221,88.80657497497303,-83.57489439719929,-47.53764981370694,12536875,69094.28548505018,122761.6355720725,97.43742454379708,53.173501981497594,90.09000142415364,90.42000071207681,89.56000010172525,90.9500020345052,89.23000081380208,91.28000132242838,88.69999949137369,-0.4951460540913001,-86.70698032490643,-0.24314616019319146,-0.05635366023349659,-0.18679249995969488,45.396905173628696,15.879074794113615,90.11800079345703,91.27750053405762,91.2552001953125,89.17751930236817,DWARKESH.BO,2023-08-21 22:11:13.998650
19,2023-07-17 00:00:00+05:30,90.05999755859375,91.3499984741211,90.05000305175781,90.2300033569336,100011,0.0,0.0,2023-07-17,91.28300056457519,1.2291897308715174,92.5121902954467,90.05381083370368,93.74138002631823,88.82462110283215,-36.5189476213504,-23.750141874263086,12585686,142105.79568190573,136178.47309382807,97.44066894584871,69.99905919187074,90.5433349609375,91.03666687011719,89.7366714477539,91.84333038330078,89.24333953857422,92.33666229248047,88.43667602539062,-0.5075557673313426,-81.57096494624845,-0.19915874595977812,-0.009655535243572867,-0.18950321071620524,46.903996018926485,16.792795161900774,90.18800048828125,91.28300056457519,91.30800018310546,89.16647483825683,DWARKESH.BO,2023-08-21 22:11:13.998650
20,2023-07-14 00:00:00+05:30,89.01000213623047,91.16000366210938,89.01000213623047,90.2300033569336,46425,0.0,0.0,2023-07-14,91.36600036621094,1.2102436815962034,92.57624404780714,90.15575668461474,93.78648772940335,88.94551300301853,-69.8808431730252,-49.33219471922299,12685697,65965.3594557846,134696.64244680866,97.44702553228272,67.11866556217183,90.13333638509114,91.25667063395181,89.10666910807291,92.28333791097005,87.98333485921223,93.40667215983072,86.956667582194,-0.4766242299597996,-81.57096494624845,-0.17330920866690747,0.03772026743547845,-0.21102947610238593,46.903996018926485,17.523281751159857,90.13600006103516,91.36600036621094,91.37160018920899,89.13250633239745,DWARKESH.BO,2023-08-21 22:11:13.998650
21,2023-07-10 00:00:00+05:30,90.2300033569336,90.75,89.80000305175781,90.0199966430664,76151,0.0,0.0,2023-07-10,91.3185001373291,1.2741332159689418,92.59263335329804,90.04436692136015,93.86676656926699,88.7702337053912,-76.61528312939322,-49.19995822096352,12639272,107951.24379684501,151879.46319456468,97.44998006321485,57.75533218032061,90.18999989827473,90.57999674479166,89.62999979654947,91.13999684651692,89.24000295003255,91.52999369303384,88.68000284830728,-0.4829924935171212,-91.51717983598661,-0.13758807063790357,0.09047763646107491,-0.2280657070989785,45.94835874331976,18.45013901567017,90.19599914550781,91.3185001373291,91.47540008544922,89.11854995727539,DWARKESH.BO,2023-08-21 22:11:13.998650
22,2023-07-07 00:00:00+05:30,90.0999984741211,91.75,89.80000305175781,90.22000122070312,166370,0.0,0.0,2023-07-07,91.3245002746582,1.2679641005084086,92.59246437516661,90.0565361741498,93.86042847567502,88.78857207364139,-66.66656706618909,-33.158992523878844,12715423,236369.2039822296,162861.51804399458,97.45497274373525,59.00522199878891,90.59000142415364,91.37999979654947,89.43000284830728,92.53999837239583,88.64000447591145,93.32999674479166,87.4800059000651,-0.46960103812341286,-88.25446095752056,-0.06908704224053963,0.14749406323581954,-0.21658110547635917,46.69154123823313,18.781923150620905,90.25599975585938,91.3245002746582,91.60780014038086,89.13012252807617,DWARKESH.BO,2023-08-21 22:11:13.998650
23,2023-06-30 00:00:00+05:30,90.16999816894531,92.08000183105469,90.08999633789062,90.23999786376953,42002,0.0,0.0,2023-06-30,91.29400024414062,1.3027887526151962,92.59678899675582,89.99121149152542,93.899577749371,88.68842273891023,-68.22479943030821,-25.61244105621639,12881793,59687.322077455494,144484.5965594358,97.46560976934711,78.26529675142378,90.80333201090495,91.51666768391928,89.52666219075522,92.79333750406902,88.81332651774089,93.50667317708334,87.53665669759116,-0.4533345407500416,-87.92825129967355,-3.56151620763967e-05,0.2016393396049093,-0.2016749547669857,46.76177270711126,19.139229142106313,90.57799987792968,91.29400024414062,91.67260009765624,89.13237350463868,DWARKESH.BO,2023-08-21 22:11:13.998650
24,2023-06-28 00:00:00+05:30,90.98999786376953,90.98999786376953,89.5,89.97000122070312,74539,0.0,0.0,2023-06-28,91.22050018310547,1.4029956695329733,92.62349585263844,89.8175045135725,94.02649152217141,88.41450884403953,-125.81945297124537,-53.68620305410636,12839791,105607.39639126176,165683.9151799309,97.46829272931943,79.48292067037599,90.15333302815755,90.8066660563151,89.31666819254556,91.64333089192708,88.66333516438802,92.29666392008463,87.82667032877603,-0.45242889378203116,-92.33276621060374,0.08640230943430538,0.2520580782966557,-0.16565576886235034,45.738636798155326,19.289691358959278,91.4260009765625,91.22050018310547,91.73380020141602,89.10806701660157,DWARKESH.BO,2023-08-21 22:11:13.998650
25,2023-06-27 00:00:00+05:30,90.31999969482422,91.33999633789062,90.30000305175781,90.52999877929688,14762,0.0,0.0,2023-06-27,91.19050025939941,1.4371414120252475,92.62764167142466,89.75335884737417,94.06478308344991,88.31621743534892,-111.79274122834951,-30.17839002722712,12914330,21045.088814080307,180703.04487709817,97.47323699439951,77.97544485400564,90.72333272298177,91.14666239420572,90.10666910807291,91.76332600911458,89.68333943684895,92.18665568033853,89.0666758219401,-0.44031574800984896,-87.77970081205156,0.2223504988114513,0.2934720205122433,-0.071121521700792,47.496608671150966,20.10612179000718,91.77000122070312,91.19050025939941,91.77880020141602,89.12306808471679,DWARKESH.BO,2023-08-21 22:11:13.998650
26,2023-06-26 00:00:00+05:30,90.05000305175781,91.9000015258789,89.81999969482422,90.31999969482422,40434,0.0,0.0,2023-06-26,91.09850044250489,1.5370696852914896,92.63557012779637,89.5614307572134,94.17263981308787,88.0243610719219,-164.11914651817278,-34.29858315398773,12899568,57510.041579173885,220617.5338928526,97.47414381180663,78.42270562400151,90.68000030517578,91.54000091552734,89.45999908447266,92.76000213623047,88.5999984741211,93.62000274658203,87.37999725341797,-0.4413095620269474,-80.21150264608804,0.33788515597352387,0.3112524009374413,0.02663275503608259,46.7843883711901,20.356059286494148,92.16400146484375,91.09850044250489,91.84720016479493,89.15199325561524,DWARKESH.BO,2023-08-21 22:11:13.998650
27,2023-06-23 00:00:00+05:30,94.30999755859375,94.8499984741211,91.5999984741211,91.83000183105469,63865,0.0,0.0,2023-06-23,91.05100059509277,1.5765651753764804,92.62756577046926,89.47443541971629,94.20413094584573,87.89787024433981,50.71064005810963,53.00007128441546,12940002,92355.03067013266,261394.40697127228,97.47670400278089,78.12520830236585,92.75999959309895,93.92000071207681,90.67000071207681,96.00999959309895,89.50999959309895,97.17000071207681,87.42000071207681,-0.4423761383796065,-56.463563666374185,0.5013667835992095,0.3045942121784206,0.1967725714207889,51.44382268025521,20.625222744249342,92.55600128173828,91.05100059509277,91.85740020751953,89.20693534851074,DWARKESH.BO,2023-08-21 22:11:13.998650
28,2023-06-22 00:00:00+05:30,90.55999755859375,95.62999725341797,90.55999755859375,94.4800033569336,273553,0.0,0.0,2023-06-22,90.91500053405761,1.6224788535657448,92.53747938762335,89.29252168049187,94.1599582411891,87.67004282692612,163.4198235008441,84.13156413307922,13003867,407000.0188865602,303654.25104655715,97.47989753511928,80.5531375231751,93.55666605631511,96.55333455403647,91.48333485921225,98.62666575113933,88.48666636149089,101.62333424886069,86.41333516438803,-0.431120119473874,-17.087587318645888,0.5543640088306034,0.2554010693232234,0.29896293950738007,61.41073877801133,19.397788548530922,92.53400115966797,90.91500053405761,91.82080017089844,89.25312278747559,DWARKESH.BO,2023-08-21 22:11:13.998650
29,2023-06-21 00:00:00+05:30,92.05999755859375,93.41999816894531,91.5999984741211,91.69000244140625,62661,0.0,0.0,2023-06-21,90.66050033569336,1.4204760380550052,92.08097637374836,89.24002429763836,93.50145241180337,87.81954825958334,19.45727051693329,29.845738940543836,12730314,90475.78359298783,277817.8090865564,97.48718227871488,79.32250309132239,92.23666636149089,92.87333424886069,91.05333455403647,94.05666605631511,90.41666666666667,94.6933339436849,89.23333485921225,-0.5127703563056094,-54.76527941170087,0.35283206345195595,0.1806603344463783,0.17217172900557765,52.393656266365056,18.07593633775724,91.86600036621094,90.66050033569336,91.72300003051758,89.27622688293457,DWARKESH.BO,2023-08-21 22:11:13.998650
30,2023-06-20 00:00:00+05:30,92.0,93.5,91.0,92.5,160691,0.0,0.0,2023-06-20,90.52700004577636,1.4439022884052815,91.97090233418164,89.08309775737108,93.41480462258693,87.6391954689658,38.3179490551618,30.71657505749165,12792975,234070.31174738906,324653.3154599485,97.49040871124662,81.20087689126142,92.33333333333333,93.66666666666666,91.16666666666666,94.83333333333333,89.83333333333333,96.16666666666666,88.66666666666666,-0.5048736554046074,-43.24326377523778,0.36423698016378125,0.13761740219498386,0.2266195779687974,55.91600063122835,17.728354247985713,91.74199981689453,90.52700004577636,91.67380004882813,89.32967147827148,DWARKESH.BO,2023-08-21 22:11:13.998650
31,2023-06-19 00:00:00+05:30,92.01000213623047,93.19999694824219,91.3499984741211,92.27999877929688,55316,0.0,0.0,2023-06-19,90.39000015258789,1.375201422758578,91.76520157534647,89.01479872982931,93.14040299810505,87.63959730707073,46.89187795392627,23.176910837312786,12632284,80384.32984316155,347299.0663880884,97.49754145220543,80.45899320225703,92.27666473388672,93.20333099365234,91.35333251953125,94.12666320800781,90.42666625976562,95.05332946777344,89.50333404541016,-0.5453441191401872,-43.293528083876744,0.29354750063538404,0.08096250770278449,0.21258499293259955,55.15565016464725,17.354035074385607,91.60800018310547,90.39000015258789,91.58260009765625,89.38233764648437,DWARKESH.BO,2023-08-21 22:11:13.998650
32,2023-06-16 00:00:00+05:30,91.13999938964844,93.56999969482422,91.13999938964844,91.72000122070312,572500,0.0,0.0,2023-06-16,90.3560001373291,1.3337971363620926,91.6897972736912,89.02220300096701,93.02359441005329,87.68840586460492,49.861871703103375,13.944971439825396,12576968,826899.235167479,414027.75052432006,97.50010983228741,79.64146584974823,92.1433334350586,93.14666748046875,90.71666717529297,94.57333374023438,89.71333312988281,95.57666778564453,88.28666687011719,-0.5018507911745369,-50.73041585779536,0.22026264326846956,0.0278162594696346,0.19244638379883497,53.249762434138944,16.658078416390993,91.6260009765625,90.3560001373291,91.44460006713867,89.44550148010254,DWARKESH.BO,2023-08-21 22:11:13.998650
33,2023-06-15 00:00:00+05:30,91.94000244140625,92.02999877929688,90.73999786376953,91.13999938964844,26950,0.0,0.0,2023-06-15,90.23950004577637,1.309931582802091,91.54943162857846,88.92956846297427,92.85936321138055,87.61963688017218,5.124549821255428,-18.476203351709152,12004468,38679.49882531914,310809.87936353026,97.52970850647752,75.15967103778905,91.30333201090495,91.86666615804037,90.57666524251303,92.5933329264323,90.01333109537761,93.15666707356772,89.28666432698569,-0.4991817149893956,-58.432964663637875,0.1782497802394971,-0.020295336480074137,0.19854511671957126,51.25747072952331,15.90858663085833,91.88000030517578,90.23950004577637,91.25100006103516,89.49474128723145,DWARKESH.BO,2023-08-21 22:11:13.998650
34,2023-06-14 00:00:00+05:30,91.16000366210938,92.41999816894531,90.80000305175781,91.06999969482422,319037,0.0,0.0,2023-06-14,90.18300018310546,1.2933111282237628,91.47631131132923,88.8896890548817,92.76962243955299,87.59637792665794,24.14899423093102,-14.919315137928033,11977518,457540.3871804588,378842.474498083,97.53124916122937,75.20722279671998,91.43000030517578,92.05999755859375,90.44000244140625,93.04999542236328,89.81000518798828,93.67999267578125,88.82000732421875,-0.5039738546358936,-59.3625756353777,0.17888122259810757,-0.06993161565996694,0.24881283825807451,51.02356457937939,15.857506210143677,91.6520004272461,90.18300018310546,90.99637069702149,89.55515022277832,DWARKESH.BO,2023-08-21 22:11:13.998650
35,2023-06-13 00:00:00+05:30,93.33999633789062,93.33999633789062,91.58999633789062,91.83000183105469,33324,0.0,0.0,2023-06-13,90.1435001373291,1.2767527752880354,91.42025291261713,88.86674736204107,92.69700568790518,87.58999458675302,76.84020300289613,13.917715417673703,12296555,48189.76030770376,359167.996327489,97.54974459117848,87.24567860609454,92.25333150227864,92.91666666666666,91.16666666666666,94.00333150227864,90.50333150227864,94.66666666666666,89.41666666666666,-0.4447789714668979,-49.26958414220464,0.18387324794754534,-0.13213482522448558,0.31600807317203095,53.61757437389425,15.75895806785214,91.81600036621094,90.1435001373291,90.76696060180664,89.6211402130127,DWARKESH.BO,2023-08-21 22:11:13.998650
36,2023-06-12 00:00:00+05:30,93.88999938964844,95.54000091552734,92.19999694824219,92.37000274658203,1082517,0.0,0.0,2023-06-12,90.08650016784668,1.2217599947338915,91.30826016258057,88.86474017311279,92.53002015731447,87.64298017837889,155.67962055012666,51.425907587250634,12329879,1574630.7534839232,436912.5553324353,97.55145527742467,87.65365354343919,93.37000020345052,94.54000345865884,91.19999949137369,96.71000417073567,90.02999623616536,97.880007425944,87.85999552408853,-0.4500393145234919,-42.09825608021301,0.11262989959270442,-0.2111368435174933,0.3237667431101977,55.478464503866995,15.084236256614927,91.30599975585938,90.08650016784668,90.56901290893555,89.67757774353028,DWARKESH.BO,2023-08-21 22:11:13.998650
37,2023-06-09 00:00:00+05:30,90.20999908447266,94.55000305175781,90.20999908447266,92.98999786376953,208696,0.0,0.0,2023-06-09,90.10900001525879,1.2692468339455438,91.37824684920433,88.83975318131324,92.64749368314988,87.5705063473677,181.78744184809045,26.090291573770426,13412396,305607.0792809906,152483.0057945633,97.6022903057784,70.87036387591809,92.58333333333333,94.956667582194,90.61666361490884,96.92333730061848,88.24332936604817,99.29667154947916,86.27665964762369,-0.10003491447502601,-23.853286997017072,-0.03347159717250747,-0.2920785292950427,0.2586069321225352,57.61016371889907,13.90366420676132,90.85999908447266,90.10900001525879,90.3956037902832,89.7247103881836,DWARKESH.BO,2023-08-21 22:11:13.998650
38,2023-06-08 00:00:00+05:30,92.9000015258789,92.9000015258789,89.8499984741211,90.0,132776,0.0,0.0,2023-06-08,90.09900016784668,1.2459276879685608,91.34492785581524,88.85307247987812,92.5908555437838,87.60714479190956,126.79537089722929,-30.78838875293459,13203700,188180.7251776942,114201.98742295647,97.61103067942372,68.15094725491173,90.91666666666667,91.98333485921225,88.93333180745444,93.96666971842448,87.86666361490886,95.03333791097006,85.88332875569662,-0.15362439093840127,-56.31069255623159,-0.2810787659786911,-0.35673026232567645,0.07565149634698537,48.80043391712322,13.043846376732663,90.18399963378906,90.09900016784668,90.20784225463868,89.7705241394043,DWARKESH.BO,2023-08-21 22:11:13.998650
39,2023-06-07 00:00:00+05:30,89.01000213623047,92.5999984741211,89.01000213623047,91.88999938964844,78846,0.0,0.0,2023-06-07,90.22400016784668,1.3560173774319881,91.58001754527866,88.8679827904147,92.93603492271066,87.5119654129827,223.9433711844042,-21.594003267956072,13336476,114093.5154195275,95707.30298427204,97.62021793950932,76.32195803564096,91.16666666666667,93.32333119710287,89.73333485921225,94.7566630045573,87.57667032877605,96.9133275349935,86.14333852132162,-0.11430634149191768,-14.639160986567543,-0.29936271876113096,-0.37564313641242275,0.07628041765129179,55.580416509937535,12.89650152550809,89.93799896240235,90.22400016784668,90.05567092895508,89.84819030761719,DWARKESH.BO,2023-08-21 22:11:13.998650
40,2023-06-06 00:00:00+05:30,90.0999984741211,90.0999984741211,88.9000015258789,89.27999877929688,53265,0.0,0.0,2023-06-06,90.3935001373291,1.7343259450364292,92.12782608236553,88.65917419229267,93.86215202740196,86.92484824725624,8.914139960924471,-79.12195123883127,13257630,74887.46927174693,91110.74987545818,97.62432835029732,74.85226704612401,89.42666625976562,89.95333099365234,88.75333404541016,90.62666320800781,88.22666931152344,91.15332794189453,87.55333709716797,-0.0827865411602032,-66.15044434504469,-0.5043722236712824,-0.3947132408252457,-0.1096589828460367,45.95136134761836,12.890521293954306,89.43399963378906,90.3935001373291,89.85945190429688,89.92257568359375,DWARKESH.BO,2023-08-21 22:11:13.998650
41,2023-06-05 00:00:00+05:30,90.01000213623047,91.16000366210938,89.37000274658203,90.13999938964844,128090,0.0,0.0,2023-06-05,90.63000030517578,1.8900069344733572,92.52000723964915,88.73999337070242,94.4100141741225,86.84998643622907,124.77440088152451,-49.19644981040054,13310895,181821.74597160646,95166.57002638598,97.62837390671183,69.18863783412338,90.22333526611328,91.07666778564453,89.28666687011719,92.01333618164062,88.43333435058594,92.86666870117188,87.49666595458984,-0.08998259585546295,-47.12386803838331,-0.502158996003871,-0.3672984951137365,-0.13486050089013452,49.215626841370955,13.404396054699085,89.31600036621094,90.63000030517578,89.78279083251954,90.03477546691894,DWARKESH.BO,2023-08-21 22:11:13.998650
42,2023-06-02 00:00:00+05:30,88.51000213623047,90.75,88.51000213623047,89.61000061035156,89828,0.0,0.0,2023-06-02,90.87800025939941,2.132222724887998,93.01022298428741,88.74577753451142,95.1424457091754,86.61355480962342,16.353075651119507,-62.130772741242254,13182805,126759.71614182291,73502.77604008085,97.63711476947931,58.190785738807435,89.62333424886067,90.73666636149088,88.49666849772134,91.8633321126302,87.38333638509114,92.97666422526041,86.25667063395181,-0.07542030097883769,-66.96267286414115,-0.5764139540854529,-0.33358336989120285,-0.24283058419425008,47.06366948964609,14.246555184053394,89.16200103759766,90.87800025939941,89.70513473510742,90.16229225158692,DWARKESH.BO,2023-08-21 22:11:13.998650
43,2023-06-01 00:00:00+05:30,89.05999755859375,90.0,88.69999694824219,88.7699966430664,30656,0.0,0.0,2023-06-01,91.10750007629395,2.2331890908419036,93.34068916713585,88.87431098545204,95.57387825797775,86.64112189461014,-55.63876984499502,-63.4314460893267,13092977,42854.332828386774,60188.54101464532,97.64369101988059,56.28598373318915,89.1566645304362,89.61333211263022,88.3133290608724,90.45666758219402,87.85666147867839,90.91333516438803,87.01332600911459,0.011262897697026606,-83.0283480779899,-0.6105524076972841,-0.27287572384264036,-0.3376766838546438,43.54287171782203,14.889418681127033,89.06200103759765,91.10750007629395,89.6320262145996,90.29413276672364,DWARKESH.BO,2023-08-21 22:11:13.998650
44,2023-05-31 00:00:00+05:30,88.01000213623047,89.80000305175781,88.01000213623047,89.37000274658203,49726,0.0,0.0,2023-05-31,91.2560001373291,2.1673488848179643,93.42334902214706,89.08865125251113,95.59069790696502,86.92130236769317,-79.53710698736874,-52.76849750696596,13123633,69982.321372629,64522.09306120995,97.6461727158052,51.213490297206995,89.06000264485677,90.11000315348306,88.32000223795572,90.85000356038411,87.27000172932942,91.90000406901041,86.53000132242838,0.0888373997192743,-73.04488900567824,-0.5622815158055801,-0.18845655287897944,-0.3738249629266006,45.55235967307821,15.09016701499378,89.18600158691406,91.2560001373291,89.58313690185547,90.43242088317871,DWARKESH.BO,2023-08-21 22:11:13.998650
45,2023-05-30 00:00:00+05:30,89.0,89.37999725341797,88.5999984741211,88.69000244140625,15779,0.0,0.0,2023-05-30,91.37000007629395,2.1224235625255075,93.49242363881946,89.24757651376844,95.61484720134496,87.12515295124294,-118.76922904594112,-47.47391061671486,13073907,22037.74687220863,63157.03598335518,97.64992882836677,42.350602280786944,88.88999938964844,89.18000030517578,88.4000015258789,89.66999816894531,88.11000061035156,89.95999908447266,87.62000274658203,0.04775679851656726,-89.2201569975187,-0.5510522399297884,-0.09500031214732929,-0.45605192778245907,42.77301650626048,15.175334607755696,89.11600036621094,91.37000007629395,89.53415710449218,90.57105430603028,DWARKESH.BO,2023-08-21 22:11:13.998650
46,2023-05-26 00:00:00+05:30,89.01000213623047,90.5999984741211,89.01000213623047,89.37000274658203,65059,0.0,0.0,2023-05-26,91.56650009155274,2.0416302571241864,93.60813034867692,89.52486983442856,95.6497606058011,87.48323957730437,-42.18612895609557,-23.89317589734502,13089686,91561.35313883823,73436.85826114181,97.65121937035327,53.2575034207309,89.66000111897786,90.31000010172525,88.72000376383463,91.24999745686848,88.07000478108723,91.89999643961588,87.130007425944,0.01352838291817533,-81.42198945183858,-0.4613563606104236,0.01901266979828549,-0.4803690304087091,44.901340459169035,15.553936550705947,89.33000030517579,91.56650009155274,89.56164474487305,90.66865379333495,DWARKESH.BO,2023-08-21 22:11:13.998650
47,2023-05-25 00:00:00+05:30,88.55999755859375,89.68000030517578,88.5,89.11000061035156,26105,0.0,0.0,2023-05-25,91.80449981689453,2.0495296990242413,93.85402951591878,89.75497011787029,95.90355921494302,87.70544041884605,-101.86439522747169,-32.06442900216497,13024627,36632.21602110825,68905.7345417177,97.6561403066518,46.0529748802776,89.09666697184245,89.6933339436849,88.51333363850912,90.27666727701823,87.91666666666667,90.87333424886069,87.33333333333334,0.03654108561085277,-84.40366490863977,-0.4064979336490353,0.13910492740046276,-0.5456028610494981,43.91044090858085,16.16036983390664,89.7759994506836,91.80449981689453,89.56440368652343,90.78044166564942,DWARKESH.BO,2023-08-21 22:11:13.998650
48,2023-05-24 00:00:00+05:30,89.0199966430664,90.5,88.5,89.38999938964844,16828,0.0,0.0,2023-05-24,92.04899978637695,2.0023033859044177,94.05130317228137,90.04669640047254,96.05360655818579,88.04439301456812,-83.3277597891711,-20.124658380288867,13050732,23688.332209043037,76974.11417187005,97.65817849100246,57.98114566010484,89.46333312988281,90.42666625976562,88.42666625976562,91.46333312988281,87.46333312988281,92.42666625976562,86.42666625976562,0.02122139377655596,-82.27027686866555,-0.3044971927795501,0.2755056426628373,-0.5800028354423874,44.714592404970425,16.28504515492824,89.83199920654297,92.04899978637695,89.6145344543457,90.829912109375,DWARKESH.BO,2023-08-21 22:11:13.998650
49,2023-05-23 00:00:00+05:30,88.61000061035156,90.19999694824219,88.61000061035156,89.0199966430664,24773,0.0,0.0,2023-05-23,92.20599975585938,1.9035044585118974,94.10950421437128,90.30249529734748,96.01300867288317,88.39899083883559,-98.42166486233668,-19.30546637068745,13033904,34727.956081616525,90295.55966257681,97.6594498228585,63.1527414946204,89.27666473388672,89.94332885742188,88.35333251953125,90.86666107177734,87.6866683959961,91.5333251953125,86.76333618164062,0.01769827445826834,-86.27030656144426,-0.19686737867620252,0.4205063515234341,-0.6173737301996366,43.44369613503045,16.419310885259197,89.95599975585938,92.20599975585938,89.53743057250976,90.8424154663086,DWARKESH.BO,2023-08-21 22:11:13.998650
50,2023-05-22 00:00:00+05:30,91.80000305175781,91.80000305175781,89.66000366210938,89.76000213623047,23677,0.0,0.0,2023-05-22,92.42550010681153,1.7648416767829944,94.19034178359452,90.66065843002853,95.95518346037751,88.89581675324554,-57.900677848849256,5.50005640221659,13058677,33467.44634353167,104187.46055781688,97.66140587183874,58.2494700550775,90.40666961669922,91.15333557128906,89.01333618164062,92.54666900634766,88.26667022705078,93.2933349609375,86.87333679199219,-0.03393966926087551,-60.94275705060897,-0.019646098021780745,0.5748497840733432,-0.5944958820951239,45.381098874010966,16.40296674061407,90.20800018310547,92.42550010681153,89.41540237426757,90.90742897033691,DWARKESH.BO,2023-08-21 22:11:13.998650
51,2023-05-19 00:00:00+05:30,89.01000213623047,92.2699966430664,87.75,91.5999984741211,132743,0.0,0.0,2023-05-19,92.70849990844727,1.768719700451304,94.47721960889857,90.93978020799597,96.24593930934988,89.17106050754465,-63.814796274213165,9.593242070850767,13082354,191478.5554025244,121867.46411138817,97.66311604380512,57.216476705115255,90.53999837239583,93.32999674479166,88.81000010172525,95.05999501546223,86.02000172932942,97.84999338785806,84.29000345865884,-0.10080863913998807,-45.454568807457285,0.13466918391389981,0.723473754597124,-0.5888045706832242,50.59017552563304,16.790092489230585,90.39400024414063,92.70849990844727,89.2733024597168,90.98847129821777,DWARKESH.BO,2023-08-21 22:11:13.998650
52,2023-05-17 00:00:00+05:30,89.80000305175781,90.7699966430664,89.06999969482422,89.38999938964844,41187,0.0,0.0,2023-05-17,92.96049995422364,1.9520144854386134,94.91251443966225,91.00848546878503,96.86452892510086,89.05647098334641,-111.29954762399889,-2.2760258057817833,12949611,57977.854688249085,104464.69128860411,97.67048224856221,49.08659019179873,89.74333190917969,90.41666412353516,88.71666717529297,91.44332885742188,88.0433349609375,92.11666107177734,87.01667022705078,-0.03773704323370342,-64.05725900451792,0.14898730426784823,0.8706748972679301,-0.7216875930000819,43.33610197238327,17.206997141586832,90.63800048828125,92.96049995422364,89.06043090820313,91.11017387390137,DWARKESH.BO,2023-08-21 22:11:13.998650
53,2023-05-16 00:00:00+05:30,90.58999633789062,91.5999984741211,89.80000305175781,90.01000213623047,34328,0.0,0.0,2023-05-16,93.16399993896485,1.763215225534467,94.92721516449932,91.40078471343038,96.69043039003378,89.63756948789592,-116.3267806409003,10.919757082718359,12990798,48657.78341217083,116086.40043869287,97.67360484409187,52.30524476027593,90.47000122070312,91.13999938964844,89.34000396728516,92.2699966430664,88.67000579833984,92.93999481201172,87.54000854492188,-0.05068321130723494,-58.83837945971287,0.3827128787332015,1.0510967955179507,-0.6683839167847492,45.05943461489084,16.933852645512495,91.31800079345703,93.16399993896485,88.8784829711914,91.25983367919922,DWARKESH.BO,2023-08-21 22:11:13.998650
54,2023-05-15 00:00:00+05:30,90.69000244140625,90.98999786376953,89.0,90.27999877929688,112635,0.0,0.0,2023-05-15,93.32849998474121,1.5993291374066727,94.92782912214788,91.72917084733454,96.52715825955455,90.12984170992787,-126.07710232305098,6.097999460053763,13025126,160131.936363656,132943.55469532337,97.67601429408185,58.47208954573832,90.08999888102214,91.17999776204428,89.18999989827475,92.07999674479167,88.10000101725261,93.16999562581381,87.20000203450522,-0.003358638333434368,-56.5656799185684,0.6150928834423723,1.218192774714138,-0.6030998912717656,45.79586711693503,16.88108215298578,91.81600036621094,93.32849998474121,88.71342102050781,91.356923828125,DWARKESH.BO,2023-08-21 22:11:13.998650
55,2023-05-12 00:00:00+05:30,93.23999786376953,93.37999725341797,90.44999694824219,90.69000244140625,56225,0.0,0.0,2023-05-12,93.42550010681153,1.4572224759171906,94.88272258272872,91.96827763089433,96.33994505864591,90.51105515497714,-82.22168156185961,29.5539987316589,13137761,80297.48169766972,126146.45927824022,97.68365187558241,59.06157412501502,91.5066655476888,92.56333414713541,89.63333384195963,94.43666585286458,88.57666524251302,95.49333445231119,86.70333353678384,-0.04211916236448861,-53.11446984365517,0.8766995400265074,1.3689677475320794,-0.492268207505572,46.876142512363074,16.537432258189842,92.81600036621094,93.42550010681153,88.61226943969727,91.40689682006835,DWARKESH.BO,2023-08-21 22:11:13.998650
56,2023-05-11 00:00:00+05:30,92.51000213623047,93.76000213623047,92.51000213623047,92.81999969482422,56213,0.0,0.0,2023-05-11,93.58849983215332,1.3100265323156544,94.89852636446898,92.27847329983766,96.20855289678462,90.96844676752201,-12.067410109029955,54.879414163109594,13193986,82165.85401339855,137608.70367338284,97.68725884062086,53.74223084775336,93.03000132242839,93.55000050862631,92.30000050862631,94.28000132242839,91.78000132242839,94.80000050862631,91.05000050862631,-0.03713366917536986,-35.618749685032284,1.1579728602934978,1.4920347994084724,-0.3340619391149746,52.895310001649584,16.622536908663236,93.48000030517578,93.58849983215332,88.46094116210938,91.4317813873291,DWARKESH.BO,2023-08-21 22:11:13.998650
57,2023-05-10 00:00:00+05:30,92.5,93.5,91.5,92.79000091552734,38118,0.0,0.0,2023-05-10,93.48899993896484,1.4405396462902909,94.92953958525513,92.04846029267455,96.37007923154542,90.60792064638426,-43.505455867491285,49.72853220722609,13137773,55698.60678619361,151469.4160883789,97.68976988182895,59.93305944344345,92.59666697184245,93.6933339436849,91.6933339436849,94.59666697184245,90.59666697184245,95.6933339436849,89.6933339436849,-0.013315172577839915,-38.786920062447784,1.290770444460918,1.575550284187216,-0.28477983972629795,52.81607161467392,17.431007476565853,93.93600006103516,93.48899993896484,88.32460876464843,91.42560401916504,DWARKESH.BO,2023-08-21 22:11:13.998650
58,2023-05-09 00:00:00+05:30,95.98999786376953,96.47000122070312,92.22000122070312,92.5,75720,0.0,0.0,2023-05-09,93.34949989318848,1.6339047621225387,94.98340465531102,91.71559513106594,96.61730941743356,90.0816903689434,14.682308549140823,69.74127856522917,13099655,110297.42801720259,175412.11841392523,97.69148459021835,67.16361705656861,93.73000081380208,95.24000040690103,90.99000040690103,97.98000081380208,89.48000081380208,99.49000040690103,86.74000040690103,-0.029912039135881193,-41.10137292581524,1.444188891174818,1.6467452441187904,-0.20255635294397245,52.0926936271515,18.194877213839117,94.21799926757812,93.34949989318848,88.22792434692383,91.43192916870117,DWARKESH.BO,2023-08-21 22:11:13.998650
59,2023-05-08 00:00:00+05:30,94.0199966430664,95.6500015258789,94.0199966430664,95.27999877929688,143811,0.0,0.0,2023-05-08,93.20399971008301,1.8311926155570617,95.03519232564007,91.37280709452595,96.86638494119714,89.54161447896888,91.61456929809324,93.08686766513122,13175375,215777.86738485642,191690.7910131059,97.69509609966512,71.43991843191881,94.98333231608073,95.94666798909506,94.31666310628256,96.61333719889323,93.35332743326823,97.57667287190756,92.68665822347006,-0.08157381386431854,-18.914628710881843,1.6472900397668866,1.6973843323547835,-0.05009429258789688,60.325200053750265,19.265214138484804,94.06599884033203,93.20399971008301,88.13996871948243,91.45140441894532,DWARKESH.BO,2023-08-21 22:11:13.998650
60,2023-05-05 00:00:00+05:30,95.0999984741211,95.62999725341797,93.4800033569336,94.01000213623047,56306,0.0,0.0,2023-05-05,92.90149993896485,1.9650206127093763,94.86652055167423,90.93647932625547,96.8315411643836,88.9714587135461,64.43860219405046,86.74266849733678,13031564,83356.94430957886,185669.02192016828,97.69829122210645,65.3103154538115,94.37333424886067,95.26666514078775,93.11667124430338,96.52332814534505,92.2233403523763,97.41665903727213,90.966677347819,-0.11300089094102377,-29.050277288635915,1.60857435720375,1.7099079055017576,-0.10133354829800756,57.47430714626707,20.429051906411512,93.33999938964844,92.90149993896485,87.99348434448243,91.46650856018067,DWARKESH.BO,2023-08-21 22:11:13.998650
61,2023-05-04 00:00:00+05:30,94.0,97.0,93.30000305175781,95.0999984741211,196407,0.0,0.0,2023-05-04,92.59799995422364,2.2350114757890047,94.83301143001265,90.36298847843463,97.06802290580166,88.12797700264562,87.88915723011971,102.38515301543342,13087870,294137.5830404556,211247.04132281564,97.70020268296,62.91261444536926,95.13333384195964,96.96666463216147,93.26666768391928,98.83333079020183,91.43333689371745,100.66666158040366,89.56667073567709,-0.08062980349386244,-20.351183560936523,1.6597096397210436,1.7352412925762595,-0.0755316528552159,60.96562408488561,21.689112531356862,93.06199951171875,92.59799995422364,87.88411437988282,91.48650299072266,DWARKESH.BO,2023-08-21 22:11:13.998650
62,2023-05-03 00:00:00+05:30,91.01000213623047,94.75,91.01000213623047,94.19999694824219,156733,0.0,0.0,2023-05-03,92.11199989318848,2.675678908928483,94.78767880211697,89.43632098425999,97.46335771104545,86.76064207533152,-9.740868523404234,78.21217107763005,12891463,232500.76304308817,190524.40589340564,97.70491176234728,65.63436168200022,93.31999969482422,95.62999725341797,91.88999938964844,97.05999755859375,89.58000183105469,99.3699951171875,88.1500015258789,-0.09700607686314795,-27.533957811209913,1.5926830569438124,1.7541242057900632,-0.16144114884625083,59.05881474521418,23.046100896682624,92.86799926757813,92.11199989318848,87.74806350708008,91.51512153625488,DWARKESH.BO,2023-08-21 22:11:13.998650
63,2023-05-02 00:00:00+05:30,85.12000274658203,92.94999694824219,85.12000274658203,91.73999786376953,124370,0.0,0.0,2023-05-02,91.50400009155274,3.446722710193616,94.95072280174635,88.05727738135913,98.39744551193998,84.6105546711655,-183.41091118559459,29.412762538363474,12734730,179674.89817020795,180030.316605985,97.70998444400735,65.40599653066323,89.93666585286458,94.75332895914713,86.92333475748697,97.76666005452473,82.10667165120442,102.58332316080728,79.09334055582681,-0.11335962296783027,-47.16683350260483,1.5713736723467377,1.794484493001626,-0.2231108206548882,53.2643057258483,24.41743442286329,92.82799987792968,91.50400009155274,87.63098892211914,91.5483472442627,DWARKESH.BO,2023-08-21 22:11:13.998650
64,2023-04-28 00:00:00+05:30,92.58999633789062,92.62999725341797,91.5,91.6500015258789,45985,0.0,0.0,2023-04-28,90.8374267578125,4.520521989091938,95.35794874690443,86.31690476872056,99.87847073599637,81.79638277962862,-124.85159328721916,61.79737158289538,12610360,66368.45606542699,180119.17121492923,97.71684860941525,66.94949663909783,91.92666625976562,92.35333251953125,91.22333526611328,93.0566635131836,90.79666900634766,93.48332977294922,90.09333801269531,-0.15571297122716038,-73.43942894389359,1.762555147775089,1.850262198165348,-0.08770705039025906,53.03850733468673,25.268684401979247,92.98600006103516,90.8374267578125,87.54554260253906,91.60812530517578,DWARKESH.BO,2023-08-21 22:11:13.998650
65,2023-04-27 00:00:00+05:30,94.30000305175781,94.66999816894531,92.4000015258789,92.62000274658203,75324,0.0,0.0,2023-04-27,90.23490142822266,5.163828447599821,95.39872987582248,85.07107298062283,100.5625583234223,79.90724453302302,-45.59921205773157,84.98507624946124,12656345,109862.93868190027,208556.85000230477,97.71942886459438,72.13113935388594,93.23000081380208,94.06000010172525,91.79000345865884,95.49999745686848,90.96000417073567,96.32999674479166,89.52000681559244,-0.16306381447037196,-59.52658052528127,1.989483264778272,1.8721889607629127,0.11729430401535934,55.73333969571848,25.96543034259454,93.33800048828125,90.23490142822266,87.50094436645507,91.6414697265625,DWARKESH.BO,2023-08-21 22:11:13.998650
66,2023-04-26 00:00:00+05:30,94.01000213623047,94.72000122070312,93.5999984741211,94.12999725341797,37705,0.0,0.0,2023-04-26,89.70053215026856,5.449121441978047,95.14965359224661,84.2514107082905,100.59877503422464,78.80228926631247,13.772177700248273,104.1113861177832,12731669,55890.76300512318,233230.32783240586,97.72298387401486,77.39541473707189,94.14999898274739,94.69999949137369,93.57999674479166,95.27000172932942,93.02999623616536,95.82000223795572,92.45999399820963,-0.1605301526748032,-36.139682181599994,2.154345911557371,1.8428653847590728,0.3114805267982983,60.15112652104014,26.297584323850373,93.8979995727539,89.70053215026856,87.37739776611328,91.66413787841798,DWARKESH.BO,2023-08-21 22:11:13.998650
67,2023-04-25 00:00:00+05:30,92.69999694824219,95.54000091552734,92.69999694824219,94.0,210622,0.0,0.0,2023-04-25,89.1790096282959,5.501758161031679,94.68076778932758,83.67725146726423,100.18252595035926,78.17549330623254,24.847016295042042,110.25501749332962,12693964,311777.40167628805,277565.21903922653,97.72423814739007,78.75347653061101,94.07999928792317,95.46000162760416,92.619997660319,96.92000325520833,91.23999532063802,98.30000559488931,89.77999369303384,-0.17311994260579036,-30.569520766773163,2.18406687287316,1.7649952530594981,0.4190716198136619,59.89700101252141,26.07999309569605,94.4,89.1790096282959,87.24317535400391,91.66682502746582,DWARKESH.BO,2023-08-21 22:11:13.998650
68,2023-04-24 00:00:00+05:30,92.55999755859375,93.41999816894531,91.75,92.52999877929688,95687,0.0,0.0,2023-04-24,88.65910568237305,5.513492925836022,94.17259860820907,83.14561275653703,99.68609153404509,77.63211983070101,-29.994209793204426,91.83024202394967,12483342,139427.53280572724,269012.17337996117,97.73151471467057,78.7561486886264,92.56666564941406,93.38333129882812,91.71333312988281,94.23666381835938,90.89666748046875,95.05332946777344,90.0433349609375,-0.17293991608339215,-38.095251611028104,2.201829547199324,1.6602273481060823,0.5416021990932418,57.018949682382576,25.845664080760624,94.29199981689453,88.65910568237305,87.09983840942382,91.67910995483399,DWARKESH.BO,2023-08-21 22:11:13.998650
69,2023-04-21 00:00:00+05:30,96.5,97.08000183105469,92.4000015258789,93.41000366210938,188858,0.0,0.0,2023-04-21,88.15217742919921,5.604198867845321,93.75637629704454,82.54797856135389,99.36057516488985,76.94377969350857,48.424953449531756,126.93878155551063,12579029,277806.1288229077,301408.3335235197,97.73613590562185,81.90381961869326,94.29666900634766,96.1933364868164,91.51333618164062,98.97666931152344,89.61666870117188,100.87333679199219,86.83333587646484,-0.18505640478776375,-21.69452390026849,2.3359829467134574,1.5248267983327717,0.8111561483806857,59.3881520037378,26.156643037320695,94.44600067138671,88.15217742919921,87.0249494934082,91.70658294677735,DWARKESH.BO,2023-08-21 22:11:13.998650
70,2023-04-20 00:00:00+05:30,97.4000015258789,97.6500015258789,94.9000015258789,95.41999816894531,280811,0.0,0.0,2023-04-20,87.58562965393067,5.617418815791353,93.20304846972202,81.96821083813931,98.82046728551337,76.35079202234796,122.89808280566761,165.83797015858127,12767887,421955.41767410014,307308.8846986727,97.74373511524279,85.4223442586148,95.99000040690105,97.07999928792319,94.32999928792319,98.74000040690105,93.24000040690105,99.82999928792319,91.57999928792319,-0.15880909415993047,-11.404418205606602,2.38567912207634,1.3220377612376002,1.0636413608387396,65.12769547136804,26.20755607978011,94.20800018310547,87.58562965393067,86.89341247558593,91.71012481689453,DWARKESH.BO,2023-08-21 22:11:13.998650
71,2023-04-19 00:00:00+05:30,93.26000213623047,97.1500015258789,93.08999633789062,96.63999938964844,298308,0.0,0.0,2023-04-19,87.08697700500488,5.320150575668262,92.40712758067315,81.76682642933662,97.72727815634141,76.44667585366835,130.35554598207605,171.42271200991559,13048698,453978.06174755364,278647.25145481585,97.74982024887714,80.83482036988576,95.62666575113933,98.16333516438803,94.10332997639975,99.68667093912761,91.56666056315105,102.22334035237631,90.04332478841147,-0.11935472037047284,-2.676634970850133,2.2152046281619846,1.0561274210279152,1.1590772071340694,68.87955856875436,25.09055593969613,93.91399993896485,87.08697700500488,86.76169982910156,91.66525688171387,DWARKESH.BO,2023-08-21 22:11:13.998650
72,2023-04-18 00:00:00+05:30,94.19999694824219,95.0,93.0,93.45999908447266,109741,0.0,0.0,2023-04-18,86.56783676147461,4.822175809688427,91.39001257116304,81.74566095178618,96.21218838085146,76.92348514209776,102.59891369722855,148.07135713103,12750390,161513.09267539706,234814.54888163137,97.75291621821482,75.18354814135542,93.81999969482422,94.63999938964844,92.63999938964844,95.81999969482422,91.81999969482422,96.63999938964844,90.63999938964844,-0.20363789684360087,-13.94655974448712,1.8432302751544825,0.7663581192443977,1.0768721559100847,63.837305211727056,23.992788291808967,92.75200042724609,86.56783676147461,86.65244491577148,91.61355796813965,DWARKESH.BO,2023-08-21 22:11:13.998650
73,2023-04-17 00:00:00+05:30,90.51000213623047,93.69000244140625,90.51000213623047,93.30000305175781,114880,0.0,0.0,2023-04-17,86.19256553649902,4.541457164808604,90.73402270130762,81.65110837169041,95.27547986611623,77.10965120688181,72.13498943622061,130.1304202416274,12640649,168787.0536650279,253139.91293318995,97.75732629553605,74.59300262887473,92.50000254313152,94.49000295003256,91.31000264485678,95.6800028483073,89.32000223795573,97.67000325520834,88.130002339681,-0.19991106854376245,-14.842702774007813,1.6522445005992523,0.4971400802668764,1.155104420332376,63.56147112789419,23.283702622156998,92.06000061035157,86.19256553649902,86.5921469116211,91.58926620483399,DWARKESH.BO,2023-08-21 22:11:13.998650
74,2023-04-13 00:00:00+05:30,93.05999755859375,93.66999816894531,91.70999908447266,92.22000122070312,134649,0.0,0.0,2023-04-13,85.84384193420411,4.223628268025524,90.06747020222963,81.62021366617859,94.29109847025515,77.39658539815306,77.35197962565498,137.54940755798134,12525769,195542.5630704932,274228.12775023043,97.76212485226026,79.23258274744387,92.53333282470703,93.3566665649414,91.39666748046875,94.49333190917969,90.57333374023438,95.31666564941406,89.4366683959961,-0.2413569106376626,-20.89182847010673,1.3984480121466873,0.20836397518378236,1.1900840369629049,61.73192727582455,22.832858251574095,91.31799926757813,85.84384193420411,86.48233383178712,91.57096725463867,DWARKESH.BO,2023-08-21 22:11:13.998650
75,2023-04-12 00:00:00+05:30,92.4000015258789,95.94999694824219,92.4000015258789,93.94999694824219,362384,0.0,0.0,2023-04-12,85.57889251708984,3.9606126938729918,89.53950521096283,81.61827982321685,93.50011790483582,77.65766712934386,111.57487414644865,178.74394594777002,12660418,536140.7680350823,293899.51892016473,97.76912681447301,85.0582875633669,94.0999984741211,95.79999542236328,92.25,97.64999389648438,90.55000305175781,99.34999084472656,88.70000457763672,-0.25340594331262645,-11.202065630188011,1.1586868093507263,-0.08915703405694392,1.2478438434076702,66.71432942119941,21.804786699951162,90.71999969482422,85.57889251708984,86.46733596801758,91.56053977966309,DWARKESH.BO,2023-08-21 22:11:13.998650
76,2023-04-11 00:00:00+05:30,89.79000091552734,91.58999633789062,89.55000305175781,90.83000183105469,146042,0.0,0.0,2023-04-11,85.38461189270019,3.6079732950851873,88.99258518778538,81.776638597615,92.60055848287057,78.16866530252982,82.00066195092579,111.78387533205144,12298034,208891.19875703458,233339.20664143533,97.78215707451268,77.52797933088169,90.6566670735677,91.7633310953776,89.72333780924478,92.69666035970052,88.61667378743489,93.80332438151041,87.68334452311197,-0.25617741958230855,-13.982842624684107,0.6637855870080926,-0.40111799490886146,1.0649035819169541,61.51227362763328,20.382952830436825,89.51800079345703,85.38461189270019,86.45678634643555,91.54452674865723,DWARKESH.BO,2023-08-21 22:11:13.998650
77,2023-04-10 00:00:00+05:30,89.76000213623047,91.7300033569336,89.4800033569336,90.0,70513,0.0,0.0,2023-04-10,85.31850929260254,3.5138388644805905,88.83234815708313,81.80467042812195,92.34618702156372,78.29083156364136,96.93628130693422,110.68166537576808,12151992,99936.64121870484,239451.2086125355,97.79172933335566,74.57911654662061,90.40333557128906,91.32666778564453,89.07666778564453,92.65333557128906,88.15333557128906,93.57666778564453,86.82666778564453,-0.317538993165932,-19.58950286277795,0.32737694135293793,-0.6673438903880999,0.9947208317410379,59.9667436707469,19.834409183729296,88.4279998779297,85.31850929260254,86.55647048950195,91.53042762756348,DWARKESH.BO,2023-08-21 22:11:13.998650
78,2023-04-06 00:00:00+05:30,92.44999694824219,92.9000015258789,89.19999694824219,89.58999633789062,297717,0.0,0.0,2023-04-06,85.39933624267579,3.6433961224619957,89.04273236513778,81.7559401202138,92.68612848759977,78.1125439977518,130.78618096794457,119.38261037546903,12081479,420026.025004067,274329.8504609931,97.79691266577984,74.43237464043285,90.5633316040039,91.92666625976562,88.2266616821289,94.26333618164062,86.86332702636719,95.62667083740234,84.52665710449219,-0.2112452015773254,-22.35907654781484,-0.02654571921310378,-0.9160240983233594,0.8894783791102556,59.21551662079635,19.243669871890415,86.83600006103515,85.39933624267579,86.68544540405273,91.51340217590332,DWARKESH.BO,2023-08-21 22:11:13.998650
79,2023-04-05 00:00:00+05:30,88.80000305175781,90.93000030517578,87.91000366210938,89.2300033569336,321479,0.0,0.0,2023-04-05,85.19657669067382,3.5082373885274434,88.70481407920127,81.68833930214637,92.2130514677287,78.18010191361894,152.36235508132012,92.27552974426766,11783762,451727.53676940635,237905.80682522466,97.82002858581576,70.34080226832644,89.35666910807292,90.80333455403647,87.78333791097006,92.37666575113933,86.33667246500652,93.82333119710287,84.76334126790366,-0.13652253540745413,-13.246192663080738,-0.43889261762078036,-1.1383936931009233,0.699501075480143,58.58182906747022,18.607489074525468,84.59970703125,85.19657669067382,86.82945373535156,91.49413146972657,DWARKESH.BO,2023-08-21 22:11:13.998650
80,2023-04-03 00:00:00+05:30,85.77999877929688,89.1500015258789,85.70999908447266,87.94000244140625,221700,0.0,0.0,2023-04-03,84.881005859375,3.408780230245347,88.28978608962034,81.47222562912965,91.69856631986569,78.0634453988843,163.26013147616564,49.23544082448496,11462283,307018.97245277645,184450.37433917925,97.84623438977967,58.87600612400368,87.60000101725261,89.49000295003256,86.05000050862631,91.04000345865886,84.15999857584636,92.93000539143881,82.60999806722006,-0.1408457154307951,-17.345616213121403,-0.9247178588572496,-1.3132689619709588,0.3885511031137092,56.32381066158775,18.390118848405418,82.6736053466797,84.881005859375,86.98554290771484,91.47650825500489,DWARKESH.BO,2023-08-21 22:11:13.998650
81,2023-03-31 00:00:00+05:30,84.20999908447266,87.4800033569336,84.20999908447266,85.37999725341797,231632,2.0,0.0,2023-03-31,84.61675605773925,3.363714463258814,87.98047052099807,81.25304159448044,91.34418498425688,77.88932713122162,113.29985980837759,-1.4191704605174025,11240583,311435.231370441,153808.22481077994,97.86711962068881,45.672681103833895,85.68999989827473,87.17000071207681,83.89999643961588,88.96000417073567,82.4199956258138,90.44000498453775,80.62999216715494,-0.1707090235051098,-43.77226823060225,-1.4056649660496277,-1.410406737749386,0.004741771699758424,51.44597242358668,18.61360106234194,81.47212829589844,84.61675605773925,87.1820751953125,91.48349952697754,DWARKESH.BO,2023-08-21 22:11:13.998650
82,2023-03-29 00:00:00+05:30,78.1059088172251,82.33285698950664,78.1059088172251,82.04000091552734,72583,0.0,0.0,2023-03-29,84.39557723999023,3.4550804681284943,87.85065770811873,80.94049677186173,91.30573817624722,77.48541630373325,-69.32374337401214,-123.34828211181146,11008951,93772.09490377342,114401.47317086466,97.89468625303694,45.84897477218196,80.82625557408636,83.54660233094762,79.31965415866608,85.0532037463679,76.59930740180482,87.77355050322916,75.09270598638454,-0.15254834403328946,-72.36663799607517,-1.7480033277130218,-1.4115921806743255,-0.33641114703869635,43.84856672543839,19.31336920168821,81.13603820800782,84.39557723999023,87.4464028930664,91.53512672424317,DWARKESH.BO,2023-08-21 22:11:13.998650
83,2023-03-28 00:00:00+05:30,79.17973153333472,79.6873532111353,78.09614689928088,78.40853118896484,89539,0.0,0.0,2023-03-28,84.30820732116699,3.5388596981855533,87.84706701935254,80.76934762298144,91.3859267175381,77.23048792479588,-151.076104579618,-185.3938176268859,10936368,110557.60078792988,119558.81773763747,97.90566153949409,34.5778484832593,78.73067709979368,79.36520730030648,77.77400098845206,80.3218834116481,77.13947078793926,80.9564136121609,76.18279467659764,-0.20947749355796855,-97.81122016037716,-1.8308762373577707,-1.327489393914651,-0.5033868434431197,33.318794552986176,19.768041496962592,81.44842224121093,84.30820732116699,87.73848251342774,91.60160606384278,DWARKESH.BO,2023-08-21 22:11:13.998650
84,2023-03-27 00:00:00+05:30,82.20595192864529,82.20595192864529,79.12115814187081,79.59949493408203,97409,0.0,0.0,2023-03-27,84.47562599182129,3.317334203840387,87.79296019566168,81.1582917879809,91.11029439950207,77.84095758414051,-136.5156099201342,-161.89480628818623,11025907,122101.906309563,121809.12197506435,97.9223254638085,54.53168335891811,80.30886833486603,81.49657852786126,78.41178474108678,83.39366212164052,77.22407454809155,84.58137231463574,75.3269909543123,-0.22023825628174615,-96.98462900424332,-1.551593379857266,-1.2016426830538711,-0.34995069680339497,35.33590658337809,19.058120341226882,82.24500274658203,84.47562599182129,88.11392974853516,91.71172164916992,DWARKESH.BO,2023-08-21 22:11:13.998650
85,2023-03-24 00:00:00+05:30,83.02596588225742,84.0900222669047,81.34689759838406,81.9326171875,96676,0.0,0.0,2023-03-24,84.75677223205567,3.114394431461836,87.8711666635175,81.64237780059383,90.98556109497935,78.52798336913199,-88.12288728962072,-115.88041795761528,11123316,124735.06228634172,121735.92589143969,97.93937803995966,58.60124925802651,82.45651235092959,83.56612710347511,80.82300243495447,85.19963701945022,79.71338768240895,86.30925177199575,78.07987776643384,-0.18327369992862808,-87.32852883520843,-1.2878095844725976,-1.1141550088530223,-0.1736545756195753,39.70634411799859,18.577872404900226,82.74091339111328,84.75677223205567,88.47531982421874,91.80407035827636,DWARKESH.BO,2023-08-21 22:11:13.998650
86,2023-03-23 00:00:00+05:30,83.4750245531321,85.66171467131537,83.46526044897395,83.69954681396484,64040,0.0,0.0,2023-03-23,84.81632080078126,3.06860260810882,87.88492340889007,81.74771819267244,90.9535260169989,78.67911558456362,-47.12873075810296,-73.31688329061593,11219992,84408.75160775553,120986.14179271419,97.95417668003952,63.14825436508178,84.27550731141805,85.08575417386216,82.88929995152074,86.47196153375947,82.07905308907664,87.28220839620357,80.69284572917933,-0.21154895226359352,-75.50616730348769,-1.1603513170898765,-1.0707413649481285,-0.08960995214174794,43.501652753303794,18.73443354467769,83.44377899169922,84.81632080078126,88.786142578125,91.88431419372559,DWARKESH.BO,2023-08-21 22:11:13.998650
87,2023-03-22 00:00:00+05:30,82.39143294180727,84.54883801381965,82.39143294180727,83.60192108154297,65254,0.0,0.0,2023-03-22,84.93151245117187,3.0677152480448995,87.99922769921677,81.86379720312696,91.06694294726167,78.79608195508207,-84.81657337386913,-97.74808973553696,11155952,85908.5607350088,130130.48933895385,97.96291188298818,63.87796075744484,83.51406401238997,84.63669508297266,82.47929001096028,85.67146908440235,81.35665894037759,86.79410015498505,80.3218849389479,-0.20761943038424155,-76.15937198476276,-1.1536008271064304,-1.0483388769126916,-0.10526195019373885,43.21691290678246,19.64520914482204,83.95530853271484,84.93151245117187,89.05381698608399,91.91418601989746,DWARKESH.BO,2023-08-21 22:11:13.998650
88,2023-03-21 00:00:00+05:30,83.94359100863203,84.38288628896211,81.75690105389597,82.39143371582031,88357,0.0,0.0,2023-03-21,85.14920539855957,3.122391431728631,88.2715968302882,82.02681396683094,91.39398826201683,78.90442253510231,-122.02057469473833,-119.01906428997651,11090698,114639.9714837533,141185.9714899401,97.97188469436817,60.62651791533347,82.8437403528928,83.93057965188962,81.30459441682348,85.46972558795893,80.21775511782666,86.55656488695575,78.67860918175734,-0.21897995583167398,-84.25863018543352,-1.117864698448102,-1.0220233893642567,-0.09584130908384525,39.808531986496845,20.13460956923148,84.42583923339843,85.14920539855957,89.33320602416993,91.97676063537598,DWARKESH.BO,2023-08-21 22:11:13.998650
89,2023-03-20 00:00:00+05:30,83.46525290879734,84.39264162865254,80.03878254609681,82.07904815673828,110862,0.0,0.0,2023-03-20,85.43474464416504,3.1180422844843174,88.55278692864935,82.31670235968072,91.67082921313367,79.1986600751964,-162.0531917130483,-140.39945702632878,11002341,143294.02045252177,147822.4714914868,97.9850771474061,54.119847579929235,82.17015744382921,84.30153234156161,79.94767325900588,86.52401652638494,77.81629836127348,88.65539142411734,75.59381417645015,-0.19911352925823278,-83.14468562171702,-0.9359596159136458,-0.9980630620932954,0.06210344617964958,38.93656101923081,20.588939333110844,85.21265869140625,85.43474464416504,89.6407096862793,92.0836547088623,DWARKESH.BO,2023-08-21 22:11:13.998650
90,2023-03-17 00:00:00+05:30,85.9643309699013,87.37982809544795,84.92955941095809,85.44694519042969,25967,0.0,0.0,2023-03-17,85.72858123779297,3.0615586647041098,88.79013990249707,82.66702257308886,91.85169856720118,79.60546390838475,-45.759760024049946,-56.147822406649446,11113203,34940.68108161804,148954.58425122805,98.00199365424311,54.552968695962164,85.9187775656119,86.90799572026572,84.45772703577586,88.36904625010176,83.46850888112205,89.35826440475557,82.007458351286,-0.21131517553939166,-61.446565241626935,-0.6581195367604806,-1.0135889236382079,0.3554693868777272,45.605699486009705,21.078217540365543,86.1810516357422,85.72858123779297,89.98569946289062,92.19708938598633,DWARKESH.BO,2023-08-21 22:11:13.998650
91,2023-03-16 00:00:00+05:30,85.90576126350233,87.59459371084091,84.34383982100444,86.25719451904297,77722,0.0,0.0,2023-03-16,85.88330917358398,3.1241343060651707,89.00744347964915,82.75917486751881,92.13157778571433,79.63504056145364,-25.999321223099816,-54.95608268234688,11139170,105572.87384303269,177458.06004363054,98.00512199880421,57.39134562882096,86.06520935029612,87.7865788795878,84.53582498975132,89.31596324013259,82.81445546045964,91.03733276942427,81.28507109991484,-0.19617183665401292,-56.22642718685141,-0.6241153624239928,-1.1024562703576395,0.4783409079336467,47.4184148258185,22.018514811533315,87.10453948974609,85.88330917358398,90.28676010131836,92.29148811340332,DWARKESH.BO,2023-08-21 22:11:13.998650
92,2023-03-15 00:00:00+05:30,85.96433124087797,90.00580624355402,85.17361013751972,85.95457458496094,56390,0.0,0.0,2023-03-15,85.98532218933106,3.1699598535958344,89.1552820429269,82.81536233573522,92.32524189652273,79.64540248213939,14.236594574720618,-37.48449158802104,11061448,76328.04470040226,195429.35659378,98.01389006154544,53.54195477862753,87.04466365534489,88.91571717317007,84.08352106713576,91.8768597613792,82.21246754931059,93.74791327920437,79.25132496110146,-0.1969062479007832,-58.17609598415719,-0.6509207039713942,-1.2220414973410512,0.5711207933696569,46.68967352524001,23.031142642021685,87.75469055175782,85.98532218933106,90.6194497680664,92.3699747467041,DWARKESH.BO,2023-08-21 22:11:13.998650
93,2023-03-14 00:00:00+05:30,87.29196876442137,88.49270033243955,84.97837511671752,86.32553100585938,78185,0.0,0.0,2023-03-14,86.10490684509277,3.2135516708808356,89.3184585159736,82.89135517421194,92.53201018685444,79.6778035033311,15.413855877664824,-48.39601598643564,11117838,106285.92250777614,225204.6845671244,98.02042374982693,51.37000081479608,86.59886881833881,88.21936251996011,84.70503730423808,90.11319403406085,83.08454360261678,91.73368773568215,81.19071208851604,-0.1557718673957287,-55.78616036679675,-0.6455737507176309,-1.3648216956834656,0.7192479449658347,47.44269056787043,23.778503295769937,88.8870834350586,86.10490684509277,90.95623931884765,92.46222579956054,DWARKESH.BO,2023-08-21 22:11:13.998650
94,2023-03-13 00:00:00+05:30,90.06438400033413,91.05034249801098,86.43291195756959,86.92101287841797,117900,0.0,0.0,2023-03-13,86.16201438903809,3.2277956291197847,89.38981001815787,82.93421875991831,92.61760564727766,79.70642313079853,51.554317095235525,-23.248248368774213,11196023,161380.71338192836,254934.37508196148,98.02921558847073,54.63752336213777,88.1347557779995,89.83659959842942,85.21916905798803,92.75218631844089,83.51732523755811,94.4540301388708,80.60173851754664,-0.17311811140025027,-51.94968994454757,-0.6654801967051753,-1.5446336819249242,0.8791534852197489,48.623542397409544,25.080581230432966,88.72893829345703,86.16201438903809,91.28170486450195,92.55076728820801,DWARKESH.BO,2023-08-21 22:11:13.998650
95,2023-03-10 00:00:00+05:30,88.84413215209435,92.36822141444956,88.10221666322245,90.06438446044922,223960,0.0,0.0,2023-03-10,86.28696823120117,3.3061452729949536,89.59311350419613,82.98082295820622,92.89925877719108,79.67467768521126,107.74778920181711,8.358753650768252,11313923,317641.0269236727,278322.79050696973,98.0418225445013,56.15266174702135,90.17827417937376,92.25433169552507,87.98832694429795,94.44427893060087,85.91226942814664,96.52033644675218,83.72232219307084,-0.12567225017011685,-31.698104369346247,-0.7395293885365959,-1.7644220532298613,1.0248926646932655,55.31398340045575,25.896708058771345,87.92845306396484,86.28696823120117,91.60795150756836,92.63481826782227,DWARKESH.BO,2023-08-21 22:11:13.998650
96,2023-03-09 00:00:00+05:30,91.62630605184593,92.15345594352118,88.83436817065612,89.50794982910156,264346,0.0,0.0,2023-03-09,86.10588264465332,3.185335357751417,89.29121800240473,82.92054728690191,92.47655336015616,79.73521192915048,147.40820982700427,4.18557241955468,11089963,372603.90347055276,268493.23140279396,98.05905804232229,49.565693414820586,90.16525798109296,91.49614779152981,88.17706001866475,93.48434575395802,86.8461702082279,94.81523556439487,84.85797224579969,-0.14151010036782494,-35.2830077953869,-1.1327042764823858,-2.0206452194031774,0.8879409429207916,54.27199201534228,26.05143637787016,86.44657745361329,86.10588264465332,91.77566284179687,92.68109016418457,DWARKESH.BO,2023-08-21 22:11:13.998650
97,2023-03-08 00:00:00+05:30,85.77885630878214,94.98443973754685,85.38837409256307,91.61653900146484,512489,0.0,0.0,2023-03-08,86.00142898559571,3.101040116450465,89.10246910204617,82.90038886914525,92.20350921849663,79.79934875269478,199.57455374034114,8.786975458318446,11354309,739386.4322027272,242465.56338585424,98.08092024918439,60.59887888280336,90.66311761052492,95.93786112848677,86.34179548350299,100.2591832555087,81.06705196554114,105.53392677347055,76.74572983851921,-0.06322833600450377,-21.69814423322933,-1.5641247105911305,-2.242630455133375,0.6785057445422447,59.093005058951064,25.887814681206713,84.73627166748047,86.00142898559571,91.99647964477539,92.74366462707519,DWARKESH.BO,2023-08-21 22:11:13.998650
98,2023-03-06 00:00:00+05:30,83.37740019087474,86.24742844857101,83.37740019087474,85.53480529785156,59994,0.0,0.0,2023-03-06,85.76225967407227,2.816593790624108,88.57885346469638,82.94566588344816,91.39544725532049,80.12907209282405,40.01865514360602,-74.00348021044978,10841820,80809.7451784143,118235.346181636,98.11312117348248,45.865951297785,85.05321131243244,86.72902243399014,83.85899417629386,87.92323957012871,82.18318305473616,89.59905069168641,80.98896591859759,-0.18060828294723838,-39.90339143364764,-2.300438825620816,-2.412256891268936,0.11181806564812025,46.33857001126643,25.711606700184543,82.471484375,85.76225967407227,92.0452897644043,92.79637954711914,DWARKESH.BO,2023-08-21 22:11:13.998650
99,2023-03-03 00:00:00+05:30,82.19619200641442,84.09979006444452,82.19619200641442,82.91858673095703,75940,0.0,0.0,2023-03-03,85.92479705810547,2.8954684189129725,88.82026547701844,83.0293286391925,91.71573389593141,80.13386022027953,-34.990963250779544,-103.82858788100513,10781826,99159.77474388061,127591.74643244143,98.12046023397039,40.07494958659594,83.07152293393865,83.94685386146288,82.04325580343279,84.97512099196875,81.16792487590855,85.85045191949298,80.13965774540269,-0.1844754742912297,-65.79709470543251,-2.6093302623011425,-2.440211407680966,-0.1691188546201765,38.68944164260335,26.795169087310466,81.71590423583984,85.92479705810547,92.14740036010743,92.92260246276855,DWARKESH.BO,2023-08-21 22:11:13.998650
100,2023-03-02 00:00:00+05:30,80.99546629187999,84.24622014376482,80.82951376976462,82.6550064086914,104541,0.0,0.0,2023-03-02,86.12052536010742,2.8126839414892637,88.93320930159669,83.30784141861815,91.74589324308594,80.4951574771289,-58.056128850460176,-113.99217061793692,10705886,136072.02920719565,134699.73935458163,98.131695897525,33.22991159652685,82.57691344074028,84.32431311171595,80.90760673771575,85.99361981474048,79.16020706674009,87.74101948571615,77.49090036371555,-0.21107322606738954,-70.6726980880565,-2.7076117085491944,-2.3979316940259214,-0.309680014523273,37.873395532774566,26.7186009834226,82.17667083740234,86.12052536010742,92.39945556640625,93.07352325439453,DWARKESH.BO,2023-08-21 22:11:13.998650
101,2023-03-01 00:00:00+05:30,80.24379026050538,81.56166873547808,80.24379026050538,80.9564208984375,64563,0.0,0.0,2023-03-01,86.42949333190919,2.75067946209723,89.18017279400641,83.67881386981196,91.93085225610365,80.92813440771472,-112.98051913333884,-139.90064080254683,10601345,82309.13720243164,134356.6668914281,98.14745885996895,32.49599797487346,80.92062663147365,81.59746300244193,80.27958452746923,82.23850510644635,79.60274815650095,82.91534147741463,78.96170605249652,-0.24251255859030885,-86.5789543082498,-2.766458654074711,-2.320511690395103,-0.44594696367960784,32.41150360622659,26.636143025389515,82.2703872680664,86.42949333190919,92.70364013671875,93.23244888305663,DWARKESH.BO,2023-08-21 22:11:13.998650
102,2023-02-28 00:00:00+05:30,82.53786978372415,83.1235894069053,79.4628324522368,80.2926025390625,165683,0.0,0.0,2023-02-28,86.94053497314454,2.627004981161395,89.56753995430593,84.31352999198315,92.19454493546732,81.68652501082175,-147.69836366756468,-144.25939213852098,10536782,209491.56061432356,147368.54931367718,98.1582789826269,32.79047109130717,80.95967479940153,82.45651714656626,78.79576019189776,84.62043175407003,77.29891784473303,86.11727410123476,75.13500323722926,-0.23812239326813736,-92.54387493605529,-2.6325995999259533,-2.209024949475201,-0.42357465045075227,30.199244776908003,24.729241386059147,83.27977905273437,86.94053497314454,93.1599168395996,93.41177719116212,DWARKESH.BO,2023-08-21 22:11:13.998650
103,2023-02-27 00:00:00+05:30,85.22242413446335,85.27122975806567,81.51285414055212,81.75690460205078,93734,0.0,0.0,2023-02-27,87.44815979003906,2.2249216622885966,89.67308145232765,85.22323812775046,91.89800311461624,82.99831646546187,-153.62430560825746,-126.20884216394437,10702465,120679.81566910932,131837.7964885156,98.1871821762951,32.39199314630386,82.84699616688953,84.18113819322693,80.42276257571338,86.60537178440308,79.08862054937597,87.93951381074048,76.66438695819983,-0.12103646482456032,-97.31182947449223,-2.355955523995135,-2.1031312868625127,-0.25282423713262236,32.376005293366035,22.67565500524183,84.81241455078126,87.44815979003906,93.64118438720703,93.58651733398438,DWARKESH.BO,2023-08-21 22:11:13.998650
104,2023-02-24 00:00:00+05:30,83.22120307856983,86.44267198332335,83.22120307856983,85.22241973876953,96299,0.0,0.0,2023-02-24,87.75078201293945,1.7765092848085458,89.527291297748,85.97427272813091,91.30380058255655,84.19776344332236,-128.5380002101915,-104.28408806238231,10796199,129237.54088759319,134627.29169336715,98.20223396611124,31.565315503786294,84.96209826688757,86.7029934552053,83.48152455045178,88.18356717164109,81.74062936213404,89.92446235995882,80.26005564569826,-0.15508664083629828,-66.2650981370109,-2.110282546256883,-2.039925227579357,-0.07035731867752615,38.50054378191948,20.98223058934884,86.08147735595703,87.75078201293945,94.00042663574219,93.69780433654785,DWARKESH.BO,2023-08-21 22:11:13.998650
105,2023-02-23 00:00:00+05:30,85.90576232971509,86.29624455714324,82.4890558734196,83.12358856201172,228541,0.0,0.0,2023-02-23,88.0631664276123,1.8560400593864375,89.91920648699875,86.20712636822586,91.77524654638518,84.35108630883943,-275.51992932916767,-122.07397783460554,10699900,299158.57425917,135974.72939481062,98.2144616804819,29.278719677723686,83.96962966419152,85.45020345496343,81.64301477123979,87.77681834791515,80.16244098046788,89.25739213868707,77.83582608751615,-0.19893453963956823,-92.16866138830979,-2.105073443583109,-2.0223358979099753,-0.08273754567313363,31.185155632771355,19.669948144690796,86.6281494140625,88.0631664276123,94.20152420043945,93.76028121948242,DWARKESH.BO,2023-08-21 22:11:13.998650
106,2023-02-22 00:00:00+05:30,88.78555355056943,88.78555355056943,85.90576112824286,86.00337982177734,37214,0.0,0.0,2023-02-22,88.57811279296875,1.8420899329593887,90.42020272592814,86.73602286000937,92.26229265888753,84.89393292704997,-151.01306118286553,-91.54942772047333,10928441,50400.508653662386,95178.7681787208,98.24827638323956,31.365198663639617,86.89823150019656,87.89070187215026,85.01090944982369,89.77802392252313,84.01843907786998,90.77049429447683,82.13111702749711,-0.16953197350138155,-91.26225547580653,-1.8598060910309897,-2.0016515114916915,0.1418454204607018,36.7524004288188,18.154153363182587,87.71173248291015,88.57811279296875,94.40262161254883,93.86717529296875,DWARKESH.BO,2023-08-21 22:11:13.998650
107,2023-02-21 00:00:00+05:30,88.10221178776193,88.83436313225856,87.51649220173034,87.95578002929688,58453,0.0,0.0,2023-02-21,89.06865425109864,2.3551939340926906,91.42384818519133,86.71346031700594,93.77904211928401,84.35826638291326,15.688723940264296,-80.81057705940718,10965655,80962.56101242203,106373.3330599854,98.2527457608135,30.197521309229884,88.10221178776192,88.68793137379349,87.37006044326527,89.42008271829013,86.7843408572337,90.0058023043217,86.05218951273706,-0.16810535233468202,-64.23368785649834,-1.8012264820429493,-2.037112866606867,0.23588638456391786,41.399053573630795,17.75608638616761,88.17054748535156,89.06865425109864,94.52659927368164,93.94527145385742,DWARKESH.BO,2023-08-21 22:11:13.998650
108,2023-02-20 00:00:00+05:30,88.98080179910369,88.98080179910369,86.88196629236279,88.10221862792969,61950,0.0,0.0,2023-02-20,89.49330253601075,2.8563186532212397,92.34962118923198,86.63698388278951,95.20593984245322,83.78066522956827,8.956266066373715,-85.78792472032815,11024108,85949.0742372142,112726.02607187623,98.25865253954875,38.2025695770953,87.98832890646538,89.09469152056798,86.99585601382708,90.08716441320628,85.88949339972449,91.19352702730887,84.89702050708618,-0.16343919927288397,-68.48485405892902,-1.8912173594269746,-2.0960844627478465,0.204867103320872,41.77632747993818,18.100300474911,88.24864501953125,89.49330253601075,94.63593399047852,93.99408157348633,DWARKESH.BO,2023-08-21 22:11:13.998650
109,2023-02-17 00:00:00+05:30,88.54149961532846,89.1760322701246,87.66292396019539,87.95578002929688,35401,0.0,0.0,2023-02-17,89.92771224975586,3.265054509131316,93.19276675888717,86.66265774062454,96.45782126801849,83.39760323149322,39.949576240893684,-84.8863507631975,10962158,49033.50764547161,119420.26403054172,98.26483101466597,35.050733251999944,88.26491208653896,88.86690021288253,87.35379190295332,89.77802039646816,86.75180377660975,90.38000852281174,85.84068359302411,-0.18033579026952198,-70.30313959248915,-1.9922001271638976,-2.1473012385780645,0.15510111141416694,41.27942406763837,18.4709925704808,88.12173767089844,89.92771224975586,94.7628401184082,94.05997512817383,DWARKESH.BO,2023-08-21 22:11:13.998650
110,2023-02-16 00:00:00+05:30,88.78555436624278,89.56651881735128,87.32125160628608,88.54150390625,95476,0.0,0.0,2023-02-16,90.3816463470459,3.5912707741153356,93.97291712116123,86.79037557293057,97.56418789527658,83.19910479881523,75.07857831125932,-87.03293083919739,10997559,133123.32534778278,137016.95312680924,98.2684159717492,30.797875978231133,88.47642477662912,89.63159794697215,87.38633073590695,90.72169198769431,86.23115756556392,91.87686515803735,85.14106352484175,-0.1753254676106061,-63.03037638614979,-2.0768818370955984,-2.186076516431606,0.10919467933600746,42.60753661163909,19.256843217922174,88.414599609375,90.3816463470459,94.9395327758789,94.11513061523438,DWARKESH.BO,2023-08-21 22:11:13.998650
111,2023-02-15 00:00:00+05:30,87.02839689077415,89.22485106522977,87.02839689077415,88.29745483398438,77263,0.0,0.0,2023-02-15,90.84290199279785,3.919880630402878,94.76278262320072,86.92302136239498,98.68266325360361,83.00314073199209,17.561926579420216,-96.5011904283306,10902083,107431.78699571433,137990.36007156584,98.27754714226779,23.923617873268626,88.18356759666277,89.33873830255139,87.14228412809577,90.3800217711184,85.98711342220714,91.53519247700702,84.94582995364014,-0.22965536453055926,-73.33337428929988,-2.211517107585422,-2.2133751862656075,0.0018580786801853932,41.90147779289116,20.10314391516673,87.99483337402344,90.84290199279785,95.0888916015625,94.21860809326172,DWARKESH.BO,2023-08-21 22:11:13.998650
112,2023-02-14 00:00:00+05:30,86.49148268985192,88.73674993097747,86.24743222659171,88.34626770019531,87643,0.0,0.0,2023-02-14,91.3578483581543,4.231943543572263,95.58979190172656,87.12590481458204,99.82173544529883,82.89396127100977,-37.52751099427774,-108.53817938397928,10979346,121932.22231258373,145630.0033405287,98.28513454997851,19.311018745470292,87.77681661925483,89.30620101191795,86.8168833075322,90.26613432364059,85.28749891486908,91.7955187163037,84.32756560314644,-0.21129263076783122,-72.85715658466138,-2.3263480815108437,-2.2138397059356536,-0.11250837557519011,42.00143733264797,20.82839841445894,87.81911773681641,91.3578483581543,95.28217956542969,94.35430015563965,DWARKESH.BO,2023-08-21 22:11:13.998650
113,2023-02-13 00:00:00+05:30,88.88317899735557,90.34748173241692,86.7843435875352,87.46768188476562,109988,0.0,0.0,2023-02-13,91.77273406982422,4.326835260184322,96.09956933000855,87.4458988096399,100.42640459019287,83.11906354945557,-17.096725463070552,-109.8443862562285,10891703,151497.67544618994,151554.44859751491,98.29371314363792,19.317499205536294,88.1998357349059,89.6153278822766,86.05218973739488,91.76297387978762,84.63669759002418,93.17846602715832,82.48905159251316,-0.2600206013167759,-83.68205282401699,-2.4429261549284007,-2.185712612041856,-0.25721354288654474,39.648496614897894,21.34927626611503,87.51649475097656,91.77273406982422,95.46570556640626,94.48706359863282,DWARKESH.BO,2023-08-21 22:11:13.998650
114,2023-02-10 00:00:00+05:30,86.78434765419169,90.59153643331929,86.68672895684568,89.42008972167969,83406,0.0,0.0,2023-02-10,92.25839462280274,4.363158854776057,96.6215534775788,87.89523576802668,100.98471233235486,83.53207691325062,19.77177754639726,-108.04269525193163,11001691,117447.9504400011,151568.64188534615,98.30545258018607,20.11859121702659,88.89945170394822,91.11217445105075,87.20736697457714,92.80425918042182,84.99464422747461,95.01698192752436,83.30255949810353,-0.2547460116478585,-66.94560378386737,-2.468639992027846,-2.1214092263202193,-0.3472307657076268,43.259632544399345,22.123227554365183,87.78006896972656,92.25839462280274,95.6707080078125,94.63202957153321,DWARKESH.BO,2023-08-21 22:11:13.998650
115,2023-02-09 00:00:00+05:30,87.85816236626158,88.00459412643775,86.14980920913983,86.44267272949219,48689,0.0,0.0,2023-02-09,92.67084007263183,4.469324602410743,97.14016467504257,88.2015154702211,101.60948927745332,83.73219086781035,-95.16318681236469,-148.08251623649866,10918285,66278.41112858058,160098.81474668242,98.31276502160519,15.759821043961011,86.86569202168992,87.58157483424002,85.7267899169421,88.72047693898784,85.010907104392,89.43635975153794,83.87200499964418,-0.2751481119481097,-92.88540489065566,-2.6564404493432363,-2.0346015348933126,-0.6218389144499237,34.83772833728088,22.956713557096112,87.26268157958984,92.67084007263183,95.78199508666992,94.72330436706542,DWARKESH.BO,2023-08-21 22:11:13.998650
116,2023-02-08 00:00:00+05:30,87.27244488423132,88.29745233459886,86.100998222317,87.41887664794922,169177,0.0,0.0,2023-02-08,93.22239418029785,4.3390277177860614,97.56142189808392,88.88336646251179,101.90044961586997,84.54433874472574,-89.04363649236504,-151.1556723492646,10966974,232894.69077702117,183553.91565120785,98.31847038855999,15.555921428483671,87.27244240162169,88.44388658092637,86.24743246864452,89.46889651390354,85.07598828933983,90.64034069320823,84.05097835636266,-0.30932008946968453,-84.98024869755467,-2.5634023848673024,-1.8791418062808316,-0.6842605785864708,36.49173715150403,22.53133181907084,87.74102020263672,93.22239418029785,95.95087799072266,94.85802017211914,DWARKESH.BO,2023-08-21 22:11:13.998650
117,2023-02-07 00:00:00+05:30,89.46890227089477,89.46890227089477,85.5640948172634,86.8331527709961,122316,0.0,0.0,2023-02-07,93.70561370849609,4.194429713121018,97.90004342161711,89.51118399537506,102.09447313473812,85.31675428225405,-91.68728447051878,-159.60836073212567,10797797,167256.06980286862,171218.72186975452,98.3367041462607,25.977715208601765,87.28871661971807,89.01333842217275,85.10853096854137,91.19352407334945,83.3839091660867,92.91814587580413,81.20372351491,-0.3449625862746898,-91.41917222644904,-2.501587333911047,-1.7080766616342138,-0.7935106722768333,34.76015883426808,22.073228408889776,88.49269561767578,93.70561370849609,96.09047470092773,94.99420028686524,DWARKESH.BO,2023-08-21 22:11:13.998650
118,2023-02-06 00:00:00+05:30,86.54029325037304,89.56651741741757,86.54029325037304,88.78555297851562,50891,0.0,0.0,2023-02-06,94.24252471923828,3.948480577398137,98.19100529663642,90.29404414184013,102.13948587403455,86.345563564442,-79.1687166251155,-151.94833541685173,10920113,71153.51121375686,172209.38488647598,98.35063460297953,32.6778084472606,88.29745454876875,90.05461584716447,87.02839168011994,91.32367871581329,85.27123038172422,93.080840014209,84.0021675130754,-0.3526633451794748,-80.33904706588102,-2.32685757118513,-1.5096989935650054,-0.8171585776201244,37.93442489819991,21.57988627484863,89.21508483886718,94.24252471923828,96.25838150024414,95.11768981933594,DWARKESH.BO,2023-08-21 22:11:13.998650
119,2023-02-03 00:00:00+05:30,90.29867236522561,90.29867236522561,85.95457705219236,86.8331527709961,135099,0.0,0.0,2023-02-03,94.69157791137695,3.8032339957974988,98.49481190717445,90.88834391557945,102.29804590297195,87.08510991978196,-106.38289537285904,-175.8278302549494,10869222,184735.66642383457,197473.35330465576,98.35545628629862,28.927890818657232,87.69546739613803,89.4363577400837,85.09226242705044,92.03956270917128,83.35137208310478,93.78045305311694,80.74816711401719,-0.3768969828371553,-93.89834590402396,-2.260176947357138,-1.305409349159974,-0.954767598197164,32.18386798474454,21.31803173054288,89.01984405517578,94.69157791137695,96.38821640014649,95.23825080871582,DWARKESH.BO,2023-08-21 22:11:13.998650
120,2023-02-02 00:00:00+05:30,91.76297131213514,92.25107222336989,87.95578271493822,88.83436584472656,80488,0.0,0.0,2023-02-02,95.31634712219238,3.4547221699413657,98.77106929213375,91.86162495225102,102.22579146207511,88.40690278230966,-82.67863510447745,-152.8047127708966,11004321,112596.57748864894,200657.77502486104,98.37089609892719,30.239861230052085,89.68040692767822,91.40503114041822,87.10974163198655,93.97569643610989,85.38511741924655,95.70032064884988,82.81445212355489,-0.36688982375021195,-80.27210078463165,-1.948278598725338,-1.066717449610683,-0.8815611491146549,35.2986520506291,21.036034528982842,89.94723510742188,95.31634712219238,96.52683715820312,95.38321678161621,DWARKESH.BO,2023-08-21 22:11:13.998650
121,2023-02-01 00:00:00+05:30,92.49512472303624,93.61775833325103,89.1760369637256,91.17725372314453,208199,0.0,0.0,2023-02-01,95.89962768554688,3.283263896237286,99.18289158178416,92.61636378930959,102.46615547802145,89.3330998930723,-64.80753217815216,-129.57740271514822,11084809,298935.98252465244,222673.07440891405,98.37851546702616,30.158480416259707,91.32368300670704,93.47132904968849,89.02960768016305,95.76540437623248,86.8819616371816,97.91305041921393,84.58788631063761,-0.3778154576564375,-63.945555702794934,-1.7165239914698134,-0.8463271623320192,-0.8701968291377942,39.44624953396614,21.279280641245446,90.86486511230468,95.89962768554688,96.56881393432617,95.51256355285645,DWARKESH.BO,2023-08-21 22:11:13.998650
122,2023-01-31 00:00:00+05:30,88.68793264582706,90.93319978028495,86.00337767750202,90.44509887695312,183125,0.0,0.0,2023-01-31,96.48534889221192,3.4377408244614496,99.92308971667336,93.04760806775047,103.36083054113482,89.60986724328902,-131.8048347367032,-189.57891999244893,10876610,260822.90215611472,203607.34737997942,98.39342908954586,29.312778581536392,89.12722544491335,92.25107321232468,87.32125110954175,94.05704754769629,84.19740334213041,97.18089531510762,82.39142900675881,-0.40017447501438996,-72.507550159823,-1.6245388839721784,-0.6287779550475707,-0.9957609289246077,37.31250858856391,21.899493717540548,91.79225616455078,96.48534889221192,96.57467102050781,95.63068397521972,DWARKESH.BO,2023-08-21 22:11:13.998650
123,2023-01-30 00:00:00+05:30,90.39628532343038,93.12965334658332,86.97957901840353,87.8093490600586,238720,0.0,0.0,2023-01-30,97.10279655456543,3.404590256299687,100.50738681086511,93.69820629826575,103.9119770671648,90.29361604196606,-189.84618788099414,-205.21388518401847,10693485,330097.78553536,189303.45868594557,98.40793387351519,31.357290982262697,89.30619380834848,91.63280859829344,85.48273427011364,95.45626813652828,83.15611948016868,97.78288292647323,79.33265994193384,-0.46979938010344424,-94.5337753961244,-1.4100496874908686,-0.37983772281641864,-1.0302119646744499,28.899096806887897,21.4262914454391,92.99298553466797,97.10279655456543,96.58638549804688,95.74392341613769,DWARKESH.BO,2023-08-21 22:11:13.998650
124,2023-01-27 00:00:00+05:30,95.81421062259457,95.81421062259457,90.05461836497103,91.47010803222656,175513,0.0,0.0,2023-01-27,97.8422695159912,2.838967889606616,100.68123740559783,95.00330162638458,103.52020529520443,92.16433373677798,-197.23963105929957,-142.75165786299394,10932205,252814.23803622657,154104.87697359195,98.43320698922874,34.46231426451908,92.44631233993073,94.83800631489042,89.07841405726688,98.20590459755427,86.68672008230719,100.59759857251396,83.31882179964335,-0.48314588362631755,-88.30648185100118,-0.8544927087033614,-0.12228473164780618,-0.7322079770555552,34.93503715509813,21.172890475901745,94.78919830322266,97.8422695159912,96.65960067749023,95.89132995605469,DWARKESH.BO,2023-08-21 22:11:13.998650
125,2023-01-25 00:00:00+05:30,95.66778314661114,95.66778314661114,92.93441493471914,93.42251586914062,97936,0.0,0.0,2023-01-25,98.4304313659668,2.662365399534272,101.09279676550106,95.76806596643253,103.75516216503534,93.10570056689825,-230.86657870256496,-105.6015982598097,11107718,144081.08431371534,129427.53670793328,98.44543613242828,37.850970105126045,94.0082379834903,95.08206103226146,92.34869282036946,96.7416061953823,91.2748697715983,97.81542924415346,89.61532460847747,-0.2918759960059026,-94.70899713277464,-0.4907938587464429,0.060767262616082646,-0.5515611213625256,38.9608950106997,21.806871371780357,95.90206909179688,98.4304313659668,96.6537435913086,95.9601522064209,DWARKESH.BO,2023-08-21 22:11:13.998650
126,2023-01-24 00:00:00+05:30,96.1558781277505,97.22969862742866,95.32610808017321,95.814208984375,79474,0.0,0.0,2023-01-24,98.68180313110352,2.3878310903568325,101.06963422146035,96.2939720407467,103.45746531181719,93.90614095038985,-128.6605606372596,-48.52976468323282,11205654,119913.48859779631,125764.14980648777,98.45036342825654,39.58501892799194,96.12333856399228,96.92056904781134,95.0169785005559,98.02692911124772,94.21974801673683,98.82415959506679,93.11338795330045,-0.29679096364427593,-92.8571492148255,-0.20999543844091306,0.19865754295671403,-0.40865298139762707,44.842029229912946,23.423082561773583,96.77088928222656,98.68180313110352,96.6322671508789,96.0084741973877,DWARKESH.BO,2023-08-21 22:11:13.998650
127,2023-01-23 00:00:00+05:30,95.91183173108331,97.18089711479924,95.91183173108331,96.44874572753906,34473,0.0,0.0,2023-01-23,98.91853218078613,2.322371064262834,101.24090324504897,96.59616111652329,103.5632743093118,94.27379005226047,-120.59038937143613,-36.64231504132987,11285128,52358.68263111888,127226.81510866062,98.45246358528256,37.63044100752615,96.51382485780721,97.1158179845311,95.84675260081518,97.78289024152313,95.24475947409128,98.38488336824703,94.57768721709925,-0.13271428207262942,-88.88875682831326,-0.08285215502824883,0.3008207883061208,-0.38367294333436963,46.56241412287943,24.09041717877409,97.32732391357422,98.91853218078613,96.504384765625,96.0216529083252,DWARKESH.BO,2023-08-21 22:11:13.998650
128,2023-01-20 00:00:00+05:30,96.6439811388135,97.91304649653554,96.5951680681977,96.79041290283203,29611,0.0,0.0,2023-01-20,98.79894714355468,2.5102205907497597,101.30916773430444,96.28872655280493,103.8193883250542,93.77850596205516,-82.47832107666859,-19.764271105198493,11319601,45133.442930112375,145943.84822804606,98.45315624765779,47.40471385313845,97.09954248918842,97.60391691017915,96.2860384818413,98.41742091752627,95.78166406085057,98.921795338517,94.96816005350345,-0.06661627490363914,-88.4057413116307,0.018692856681312264,0.3967390241397132,-0.3780461674584009,47.47518272376169,24.52222292075352,97.36637115478516,98.79894714355468,96.3413589477539,96.0065217590332,DWARKESH.BO,2023-08-21 22:11:13.998650
129,2023-01-19 00:00:00+05:30,97.57136850506278,97.76661333691003,96.59516668931296,97.03446197509766,63671,0.0,0.0,2023-01-19,98.49144325256347,3.0810158011271613,101.57245905369064,95.4104274514363,104.65347485481779,92.32941165030915,-96.19980713111575,-16.60117339280319,11349212,97292.80408065236,171146.4495525295,98.45365011830829,44.05701702896865,97.13208066710688,97.66899464490079,96.49754799730373,98.30352731470394,95.96063401950981,98.84044129249786,95.32610134970666,-0.10115632155835937,-85.99029898847586,0.11476897779301964,0.49125056600431344,-0.3764815882112938,48.093136435364045,24.654672116719084,97.44446716308593,98.49144325256347,96.15880920410156,95.96259269714355,DWARKESH.BO,2023-08-21 22:11:13.998650
130,2023-01-18 00:00:00+05:30,98.64519997634216,100.35355321478964,97.42494766316538,97.76661682128906,163367,0.0,0.0,2023-01-18,98.41578750610351,3.1367491566539982,101.55253666275752,95.27903834944951,104.68928581941151,92.14228919279552,44.803209105001656,22.1166125694849,11412883,251517.361302522,189609.86092049876,98.45455709062173,58.82371022639681,98.51503923308137,99.60513080299735,96.67652525137309,101.44364478470563,95.58643368145711,102.53373635462161,93.74791969974883,-0.11707671174846752,-80.70167480893397,0.21200146698116384,0.5853709630571369,-0.37336949607597303,49.92868712212446,24.840746006718014,97.57137451171874,98.41578750610351,95.96747360229492,95.92940185546875,DWARKESH.BO,2023-08-21 22:11:13.998650
131,2023-01-17 00:00:00+05:30,96.64397853435855,99.67020263526263,95.61896366168085,98.59638214111328,101969,0.0,0.0,2023-01-17,98.42066841125488,3.135761649872185,101.55643006112706,95.2849067613827,104.69219171099925,92.1491451115105,-29.66867826488946,11.827200341570176,11576250,158322.33522826864,174132.98582499294,98.45568699103701,65.07052513162407,97.96184947935224,100.30473529702363,96.25349632344185,102.01308845293401,93.91061050577046,104.3559742706054,92.20225734986008,-0.136847940128366,-73.2455914546004,0.2611702149989412,0.6787133370761301,-0.4175431220771889,52.02504937221324,24.664758787012342,97.51280212402344,98.42066841125488,95.78492385864257,95.89962768554688,DWARKESH.BO,2023-08-21 22:11:13.998650
132,2023-01-16 00:00:00+05:30,96.74160062779927,98.05947161914612,96.25349970894274,96.64398193359375,89002,0.0,0.0,2023-01-16,98.67936210632324,3.356657056650818,102.03601916297406,95.32270504967242,105.39267621962487,91.9660479930216,-85.9047152832443,-7.853851463912085,11474281,135452.68830829664,178085.648474174,98.45554260744541,58.13835506088535,96.98565108722754,97.71780246551234,95.91183055530895,98.79162299743092,95.17967917702416,99.52377437571572,94.10585864510557,-0.11266543931970362,-96.27905433164915,0.2384446758117491,0.7830991175954273,-0.5446544417836782,47.18750814641538,24.652235243948354,97.21017913818359,98.67936210632324,95.62385055541992,95.87424644470215,DWARKESH.BO,2023-08-21 22:11:13.998650
133,2023-01-13 00:00:00+05:30,97.62018077870863,98.84043303844248,96.98564811408127,97.18089294433594,52054,0.0,0.0,2023-01-13,99.06496200561523,3.5480406529535555,102.61300265856879,95.51692135266167,106.16104331152233,91.96888069970812,-67.50525075298589,10.892572016951963,11563283,79661.41940213661,188743.88851564334,98.45716670601045,68.07616093817973,97.6689913656199,98.35233461715853,96.49754969279732,99.52377628998111,95.81420644125869,100.20711954151975,94.64276476843611,-0.20403933033189792,-92.01872657209461,0.3980181396261031,0.9192627280413468,-0.5212445884152437,48.44359886648872,25.068062387473724,97.39565734863281,99.06496200561523,95.4647296142578,95.85911529541016,DWARKESH.BO,2023-08-21 22:11:13.998650
134,2023-01-12 00:00:00+05:30,98.93805666296625,98.93805666296625,96.69279686179866,97.66899871826172,77947,0.0,0.0,2023-01-12,99.19186820983887,3.5224036730133124,102.71427188285219,95.66946453682556,106.2366755558655,92.14706086381224,-73.2057438314562,15.847288529913039,11615337,119886.19806314167,216014.50579402,98.45783625977958,71.88381276415458,97.7666174143422,98.84043796688576,96.59517816571817,100.0118772155098,95.52135761317462,101.08569776805335,94.34991836455058,-0.1328028905330406,-50.95885725929292,0.5434123514876745,1.0495738751451575,-0.506161523657483,49.55507394261124,25.219133188714316,97.51280212402344,99.19186820983887,95.30951354980469,95.82592445373535,DWARKESH.BO,2023-08-21 22:11:13.998650
135,2023-01-11 00:00:00+05:30,98.01066888853212,102.1595268212573,97.08327264663723,97.4737548828125,174151,0.0,0.0,2023-01-11,99.07228317260743,3.616176681907923,102.68845985451534,95.45610649069951,106.30463653642327,91.83992980879158,-51.4163882904524,42.074840524122834,11537390,267317.08474935824,240046.58272673958,98.45845643697211,69.02014401466319,98.90551811690234,100.72776358716746,95.65150941254738,103.98177229152242,93.82926394228227,105.80401776178753,90.57525523792731,-0.12750024639867177,-52.054767316734576,0.6732564578558282,1.1761142560595284,-0.5028577982037001,49.112563899869905,25.38182482081957,97.84470977783204,99.07228317260743,95.13282089233398,95.8478889465332,DWARKESH.BO,2023-08-21 22:11:13.998650
136,2023-01-10 00:00:00+05:30,97.66899425730254,98.20590078513696,96.35111585300724,97.08326721191406,68802,0.0,0.0,2023-01-10,98.85751838684082,3.8369212750434967,102.69443966188432,95.02059711179733,106.53136093692781,91.18367583675384,-107.17713637808849,10.27936615686769,11363239,105186.13409940508,233228.95722108491,98.46018913520139,58.92045129123737,97.21342795001942,98.0757400470316,96.22095511490188,99.06821288214914,95.3586430178897,99.93052497916132,94.36617018277217,-0.10915001841684992,-54.246587431617904,0.8485239648356924,1.3018287056104532,-0.4533047407747608,48.29122994501537,25.414029024328652,98.44995422363282,98.85751838684082,94.98248580932618,95.89718711853027,DWARKESH.BO,2023-08-21 22:11:13.998650
137,2023-01-09 00:00:00+05:30,97.81542345098485,99.52377670699985,96.98565335905766,97.57137298583984,90542,0.0,0.0,2023-01-09,98.61346817016602,4.101800509867467,102.71526868003349,94.51166766029854,106.81706918990095,90.40986715043108,-98.36162369630107,29.717814884285687,11432041,139118.71165557532,265239.66300150484,98.46114700113621,54.10959570259208,98.02693435063246,99.06821534220725,96.53009199426506,100.56505769857465,95.48881100269027,101.60633869014944,93.99196864632287,-0.11506487285906415,-54.961831606302134,1.0985201805296896,1.4151548908041434,-0.3166347102744538,49.218017325912086,26.403844489470696,99.61163635253907,98.61346817016602,94.77455505371094,95.95527122497559,DWARKESH.BO,2023-08-21 22:11:13.998650
138,2023-01-06 00:00:00+05:30,100.20712144764262,100.20712144764262,97.08327105721263,97.76661682128906,50584,0.0,0.0,2023-01-06,98.40602531433106,4.259169388271664,102.66519470260272,94.1468559260594,106.92436409087439,89.88768653778773,-51.088144143950466,39.222903502488684,11522583,77878.36101615855,296769.90083798725,98.4619623095399,46.766163668168424,98.35233644204811,99.6214018268836,96.4975514364536,101.4761868324781,95.22848605161812,102.74525221731359,93.37370104602361,-0.10929050814688303,-53.94400197220295,1.3538758246977949,1.4943135683727569,-0.14043774367496198,49.57864222271111,27.250901010893664,100.65617218017579,98.40602531433106,94.62031524658204,96.00603370666504,DWARKESH.BO,2023-08-21 22:11:13.998650
139,2023-01-05 00:00:00+05:30,99.91425660036674,100.7928397438743,98.93805476265368,99.32853698730469,42079,0.0,0.0,2023-01-05,98.24007072448731,4.349107691229458,102.58917841571677,93.89096303325785,106.93828610694622,89.5418553420284,4.2563796182300475,66.90868477990348,11573167,65819.18441252822,351492.78579344443,98.46231845573523,63.73469894296303,99.68647716461089,100.4348995665681,98.58011458534749,101.54126214583151,97.83169218339027,102.28968454778872,96.72532960412687,-0.1164988104503082,-51.48064437464067,1.6410666001082035,1.5294230042914974,0.11164359581670613,52.35718980960726,28.130938734356636,101.62261047363282,98.24007072448731,94.52659973144532,96.06021286010743,DWARKESH.BO,2023-08-21 22:11:13.998650
140,2023-01-04 00:00:00+05:30,102.25714341453914,103.08691349444692,100.01187618859664,100.4999771118164,131640,0.0,0.0,2023-01-04,98.11316452026367,4.3527043123817055,102.46586883264537,93.76046020788196,106.81857314502707,89.40775589550026,39.897264835931004,97.84535432726403,11615246,208337.2291663946,422911.1861386735,98.46194922957903,68.31845496156767,101.19958893161999,102.38730167464333,99.31226436879305,104.27462623747026,98.12455162576971,105.4623389804936,96.23722706294278,-0.10376293291992474,-46.01368551448356,1.8300677037895667,1.5015121053373206,0.32855559845224613,54.48369447165485,28.46997423332371,102.40357208251953,98.11316452026367,94.40847930908203,96.0948680114746,DWARKESH.BO,2023-08-21 22:11:13.998650
141,2023-01-03 00:00:00+05:30,102.74524608741997,105.72266474889491,101.42737506185024,102.89167785644531,177933,0.0,0.0,2023-01-03,97.88863792419434,4.338901016654439,102.22753894084877,93.54973690753991,106.56643995750322,89.21083589088546,83.55572147024421,142.35295183660955,11746886,288303.4223993756,476554.6753817432,98.45922792543017,70.51487443913913,103.34723922239682,105.2671033829434,100.97181369589873,107.6425289094415,99.05194953535215,109.56239306998808,96.67652400885406,-0.10282703926146157,-34.851928884247414,1.9289489878495658,1.419373205724259,0.5095757821253069,59.031492059896074,28.472167448099952,101.99356689453126,97.88863792419434,94.29621612548829,96.1031657409668,DWARKESH.BO,2023-08-21 22:11:13.998650
142,2023-01-02 00:00:00+05:30,101.9642746389499,103.86787261033027,101.134504601705,102.79405212402344,124413,0.0,0.0,2023-01-02,97.64214668273925,4.176721024789942,101.8188677075292,93.46542565794931,105.99558873231913,89.28870463315937,68.54169514734295,138.53658586487933,11568953,201394.12441409338,523617.488627335,98.451213655551,70.12819226413772,102.59880977868625,104.06311495566749,101.32974694704222,105.33217778731151,99.86544177006098,106.79648296429275,98.59637893841696,-0.107671048596553,-35.30753549330527,1.790774210200027,1.291979260192932,0.49879495000709495,58.89819736549001,27.99078182544458,101.52498931884766,97.64214668273925,94.1204997253418,96.13147560119629,DWARKESH.BO,2023-08-21 22:11:13.998650
143,2022-12-30 00:00:00+05:30,103.47739140326199,106.7476659627616,101.86665693430585,102.59880828857422,398944,0.0,0.0,2022-12-30,97.37857246398926,3.9969574871604228,101.37552995114969,93.38161497682883,105.3724874383101,89.38465748966841,79.16361134205064,167.40565162226903,11444540,644565.8637841315,604173.3296806454,98.44571631727743,70.7450594862461,103.73771039521388,105.60876385612191,100.72775482766616,108.61871942366963,98.85670136675813,110.48977288457766,95.84674579921041,-0.1133145146573435,-36.21871310602796,1.5963503365508984,1.1672805226911582,0.4290698138597402,58.648334894718815,27.79042168480871,99.777587890625,97.37857246398926,93.96821228027343,96.15344017028809,DWARKESH.BO,2023-08-21 22:11:13.998650
144,2022-12-29 00:00:00+05:30,98.10828534931156,105.08813002542043,97.03446481017843,103.23334503173828,466020,0.0,0.0,2022-12-29,97.13452224731445,3.805886850824338,100.94040909813879,93.32863539649011,104.74629594896312,89.52274854566578,58.304256791339384,141.94207882637744,11843484,757595.8775155419,594075.1961547738,98.42878998265243,67.57888189189086,101.78531328911238,106.53616176804633,98.48249655280434,109.83897850435437,93.73164807387039,114.58982698328832,90.42883133756234,-0.061196405060431745,-33.25741256872397,1.342470295195099,1.0600130692262233,0.2824572259688758,59.71006361400932,27.335844622709253,97.38589324951172,97.13452224731445,93.81982971191407,96.19297637939454,DWARKESH.BO,2023-08-21 22:11:13.998650
145,2022-12-28 00:00:00+05:30,100.54878655556169,100.6952183168103,97.81541850501686,98.449951171875,176176,0.0,0.0,2022-12-28,96.72207717895508,3.54842959759183,100.27050677654691,93.17364758136324,103.81893637413873,89.62521798377142,15.324182590986407,96.22151660693613,11377464,273133.70618895,553195.0258145818,98.40580682420888,62.97891864714656,98.9868626645674,100.15830682411793,97.2785070123245,101.86666247636083,96.10706285277396,103.03810663591136,94.39870720053106,-0.11805177428631172,-55.58089022380326,0.9345941948871257,0.9893987627340043,-0.054804567846878594,53.82008572038068,27.114909207067598,95.84349365234375,96.72207717895508,93.66168502807618,96.24715560913086,DWARKESH.BO,2023-08-21 22:11:13.998650
146,2022-12-27 00:00:00+05:30,96.54636390536099,101.32975443271644,96.3511190677742,100.54878997802734,485057,0.0,0.0,2022-12-27,96.54392051696777,3.5465589817952017,100.09047949876297,92.99736153517257,103.63703848055818,89.45080255337737,30.6984700214151,110.01059968068591,11553640,768037.9369360224,623210.3557209896,98.40572684816317,63.912623756477956,99.40988782617266,102.46865658457112,97.49002121962889,104.3885231911149,94.43125246123043,107.44729194951336,92.51138585468665,-0.1091935328660924,-45.785882209954636,0.869320489102293,1.0030999046957239,-0.13377941559343087,57.233375482673175,27.67534850079485,95.72635040283203,96.54392051696777,93.58651748657226,96.38089530944825,DWARKESH.BO,2023-08-21 22:11:13.998650
147,2022-12-26 00:00:00+05:30,88.93198536712916,94.6915776630012,88.93198536712916,94.05704498291016,230638,0.0,0.0,2022-12-26,96.23641662597656,3.4462435556978095,99.68266018167436,92.79017307027875,103.12890373737218,89.34392951458094,-71.75962319000419,-18.90349925764796,11068583,341613.6699579987,587003.4604172314,98.39498355261847,58.68656280528254,92.5602026710135,96.18841997489784,90.4288276790258,98.31979496688554,86.80061037514146,101.94801227076988,84.66923538315376,-0.19453188276866631,-76.08201265343716,0.5658750214066544,1.0365447585940815,-0.4706697371874271,47.71811372855625,28.2788985094242,96.37064361572266,96.23641662597656,93.490849609375,96.49803955078124,DWARKESH.BO,2023-08-21 22:11:13.998650
148,2022-12-23 00:00:00+05:30,91.42129949733645,94.00823574099286,90.10342856500692,90.64033508300781,205473,0.0,0.0,2022-12-23,96.29498901367188,3.4170850425650645,99.71207405623694,92.87790397110682,103.129159098802,89.46081892854176,-90.91650776587178,-36.828781570033,10837945,293284.6353215425,648350.9080320396,98.4053483419805,57.878683811071376,91.58399979633587,93.06457102766483,89.15976385167889,95.48880697232181,87.67919262034994,96.96937820365076,85.25495667569295,-0.24318360173893816,-97.34942057172138,0.8081375278698886,1.1542121928909381,-0.34607466502104955,41.33072721316242,30.410978595248192,98.43043060302735,96.29498901367188,93.54746932983399,96.70353004455566,DWARKESH.BO,2023-08-21 22:11:13.998650
149,2022-12-22 00:00:00+05:30,97.91304598482455,99.18210388808536,93.47132470383953,95.52134704589844,376555,0.0,0.0,2022-12-22,96.52683715820312,3.160932959455454,99.68777011765857,93.36590419874767,102.84870307711402,90.20497123929222,-24.219552533611534,50.17398459059231,11043418,566424.3361106076,737117.4762096639,98.42191247167912,61.856212983095524,96.05825854594111,98.6451923880427,92.93441320379686,101.76903773018695,90.34747936169528,104.35597157228854,87.22363401955103,-0.2133374270327791,-80.21110563086498,1.4425565978341126,1.2407308591462005,0.2018257386879121,49.31334738113217,32.389938493412124,100.2461669921875,96.52683715820312,93.69780456542969,96.92122314453125,DWARKESH.BO,2023-08-21 22:11:13.998650
150,2022-12-21 00:00:00+05:30,104.84407960299804,108.11435429294805,95.81421254015588,97.8642349243164,331653,0.0,0.0,2022-12-21,96.43897933959961,3.2143205193007294,99.65329985890034,93.22465882029888,102.86762037820107,90.01033830099816,57.25937426669411,143.40859820564913,11419973,511117.77287010965,779790.7612344279,98.43329618269739,69.66010356009284,100.59760058580677,105.38098863145767,93.0808468786655,112.89774233859895,88.2974588330146,117.68113038424984,80.78070512587333,-0.19198386125506609,-67.54618216550479,1.752242613824322,1.1902744244742225,0.5619681893500994,53.95316250924649,33.53149493087216,100.19735717773438,96.43897933959961,93.74759094238281,97.07107009887696,DWARKESH.BO,2023-08-21 22:11:13.998650
151,2022-12-20 00:00:00+05:30,104.84407655074804,106.40599796712168,100.20711792374044,103.77025604248047,581623,0.0,0.0,2022-12-20,96.09242782592773,3.4196453649909953,99.51207319091873,92.67278246093673,102.93171855590973,89.25313709594573,130.39165460926642,213.3829518170579,11751626,950446.132573451,846959.0083255074,98.43527005719906,75.4350229214904,103.46112397778086,106.71513003182127,100.51624998844004,109.6600040211621,97.26224393439962,112.91401007520251,94.3173699450588,-0.16848533460359535,-35.62006818652217,1.8914464703035776,1.0497823771366974,0.8416640931668802,69.22927811608135,33.98113574814261,99.26020202636718,96.09242782592773,93.76125762939454,97.21554801940918,DWARKESH.BO,2023-08-21 22:11:13.998650
152,2022-12-19 00:00:00+05:30,102.50119490305066,110.35962282474952,102.20833136705316,104.3559799194336,1591446,0.0,0.0,2022-12-19,95.47742042541503,3.052502218822647,98.52992264423769,92.42491820659238,101.58242486306033,89.37241598776974,233.79347259750347,282.4203653119022,12333249,2615304.7036982947,821087.2272635214,98.40261869344818,87.26102952927414,105.6413113704121,109.07429137377103,100.92299991607467,113.79260282810846,97.49001991271574,117.22558283146739,92.77170845837831,-0.20125191773713105,-32.45382700964841,1.4593577147600598,0.8393663538449772,0.6199913609150827,71.0953001586281,32.73023963434196,96.94660339355468,95.47742042541503,93.66363754272462,97.3043824005127,DWARKESH.BO,2023-08-21 22:11:13.998650
153,2022-12-16 00:00:00+05:30,95.2772957853251,102.50119071581496,93.08084169855763,99.7190170288086,703507,0.0,0.0,2022-12-16,94.81116256713867,2.396302498385126,97.20746506552379,92.41486006875354,99.60376756390892,90.01855757036842,101.16204753069938,138.08860724053557,10741803,1104738.4234939488,372532.8581548281,98.30122404961355,73.13757491840285,98.43368314772705,103.78652459689647,94.36617557963915,107.85403216498437,89.01333413046973,113.20687361415379,84.94582656238182,-0.09521549089236062,-26.146781868884236,0.8263567638754807,0.6843685136162064,0.1419882502592743,64.01138430314198,30.44971980428743,94.7599105834961,94.81116256713867,93.53185028076172,97.3902880859375,DWARKESH.BO,2023-08-21 22:11:13.998650
154,2022-12-15 00:00:00+05:30,93.17846253072811,96.93684556822608,93.17846253072811,95.27729797363281,139781,0.0,0.0,2022-12-15,94.39871711730957,2.2097443602824227,96.608461477592,92.18897275702714,98.81820583787442,89.97922839674473,-20.227623938430497,60.29165490924548,10038296,209725.20265679827,189481.46682004794,98.29046870746441,67.10954928733103,95.13086869086233,97.08327485099655,93.32489181349858,98.88925172836029,91.37248565336436,100.84165788849451,89.56650877600062,-0.21945924598020009,-59.064364475181435,0.46007375895790403,0.6488714510513878,-0.18879769209348374,53.99266191974938,29.20182527285882,93.70561218261719,94.39871711730957,93.39518203735352,97.53086120605468,DWARKESH.BO,2023-08-21 22:11:13.998650
155,2022-12-14 00:00:00+05:30,92.29988350256951,94.4475244911965,92.29988350256951,93.17845916748047,112981,0.0,0.0,2022-12-14,94.19371490478515,2.3117757648755166,96.50549066966067,91.88193913990963,98.81726643453618,89.57016337503413,-95.76729489498639,13.889337171217498,9898515,165780.7065633799,184420.53286086032,98.29501722593776,66.1007817033501,93.30862238708217,94.31736127159482,92.16972028296783,95.45626337570916,91.16098139845518,96.46500226022181,90.02207929434084,-0.2673504145361947,-84.2106147571529,0.4215917314450053,0.6960708740747586,-0.27447914262975337,47.584078071752366,29.409653642535098,94.00823516845703,94.19371490478515,93.3190382385254,97.69388694763184,DWARKESH.BO,2023-08-21 22:11:13.998650
156,2022-12-13 00:00:00+05:30,93.42251520580746,93.91061613676325,91.86059371631474,92.20226287841797,81455,0.0,0.0,2022-12-13,94.15222663879395,2.338249114627504,96.49047575342145,91.81397752416645,98.82872486804895,89.47572840953895,-147.2659362987597,-3.62270273555395,9785534,118269.39501825301,189080.4894352304,98.30126768069759,69.84909056449483,92.657824243832,93.45505477134925,91.40503235090074,94.70784666428051,90.60780182338348,95.50507719179777,89.35500993045223,-0.19563902640668254,-88.17205127474874,0.5726391433193214,0.764690659732197,-0.19205151641287554,44.21695261761886,30.687547040673692,94.57443237304688,94.15222663879395,93.33172897338868,97.86032943725586,DWARKESH.BO,2023-08-21 22:11:13.998650
157,2022-12-12 00:00:00+05:30,92.73917754008222,94.30109904066514,92.73917754008222,93.42251586914062,84861,0.0,0.0,2022-12-12,94.01311798095703,2.534857063144552,96.54797504410159,91.47826091781248,99.08283210724613,88.94340385466793,-146.41221177392814,14.11925367522342,9866989,124845.4592381372,206783.26303947475,98.3066440325876,69.53302002639805,93.48759748329599,94.23601742650975,92.67409592592684,95.0495189838789,91.92567598271307,95.79793892709266,91.11217442534392,-0.1539648866232677,-69.50003404033365,0.8534897954248919,0.8127035388354158,0.0407862565894761,47.76381332290058,32.32392255784086,95.72635040283203,94.01311798095703,93.3639436340332,98.04336723327637,DWARKESH.BO,2023-08-21 22:11:13.998650
158,2022-12-09 00:00:00+05:30,96.74159778608731,97.62018090378714,93.71537366763566,94.44752502441406,136406,0.0,0.0,2022-12-09,93.75686492919922,2.8385614231357925,96.59542635233501,90.91830350606344,99.43398777547081,88.07974208292764,-74.53640492950338,52.90576472558514,9951850,202879.00346514105,227267.7139898091,98.31113360713542,69.47555209851255,95.26102653194562,96.80667939625557,92.90187216010409,99.1658337680971,91.35621929579413,100.71148663240706,88.9970649239526,-0.1466252538492152,-59.000061986433145,1.0799556419066931,0.8025069746880467,0.27744866721864647,50.969006453396695,33.55906183837088,96.54636077880859,93.75686492919922,93.35222915649415,98.22494079589843,DWARKESH.BO,2023-08-21 22:11:13.998650
159,2022-12-08 00:00:00+05:30,96.00944845995248,97.22970074705871,95.37491578109146,96.79041290283203,101240,0.0,0.0,2022-12-08,93.41763496398926,3.140974810428064,96.55860977441732,90.2766601535612,99.69958458484538,87.13568534313313,13.333238694680473,77.95135080526305,10088256,154311.2276601459,233364.8916209761,98.31685074617879,75.07460427106284,96.4650098103274,97.55510383956334,95.70031887359609,98.31979477629466,94.61022484436015,99.4098888055306,93.84553390762883,-0.12722214787402436,-35.00002537968851,1.2525897157934764,0.7331448078833851,0.5194449079100913,59.37418225572376,34.27139055561192,97.2004165649414,93.41763496398926,93.35711013793946,98.35135894775391,DWARKESH.BO,2023-08-21 22:11:13.998650
160,2022-12-07 00:00:00+05:30,96.93684136574605,98.15709361129758,95.57015736116259,96.00944519042969,125730,0.0,0.0,2022-12-07,92.95149841308594,3.301748957379599,96.25324737046554,89.64974945570634,99.55499632784515,86.34800049832674,32.62769931373607,77.49040513365394,9987016,190092.91172140237,253128.3076111836,98.31852901160983,76.83393757853659,96.5788987209633,97.587640080764,95.000703830629,99.16583497109829,93.9919624708283,100.174576330899,92.41376758049401,-0.17064518180903773,-43.00008968451483,1.2238960539438182,0.6032835809058622,0.620612473037956,57.18898726030383,33.86824707999811,96.83922271728515,92.95149841308594,93.29072845458984,98.46069351196289,DWARKESH.BO,2023-08-21 22:11:13.998650
161,2022-12-06 00:00:00+05:30,97.57137080228455,99.96306977587906,97.57137080228455,97.96185302734375,122980,0.0,0.0,2022-12-06,92.58298263549804,3.353386236410812,95.93636887190885,89.22959639908723,99.28975510831967,85.87621016267641,136.0735505912738,117.93123309996375,10112746,189716.2482567812,268887.1565836289,98.32168620659544,75.2081518806847,98.49876453516913,99.42615826805371,97.0344592944592,100.89046350876364,96.10706556157461,101.81785724164823,94.64276032086468,-0.17719069881025587,-23.00004615324978,1.2455290789495024,0.4481304626463732,0.7973986163031292,65.3488178518536,33.28865528631118,96.614697265625,92.58298263549804,93.34832458496093,98.5915045928955,DWARKESH.BO,2023-08-21 22:11:13.998650
162,2022-12-05 00:00:00+05:30,97.81542383966365,98.93805747335738,96.3511210429751,97.52256774902344,191868,0.0,0.0,2022-12-05,92.21202583312989,3.1299658988287584,95.34199173195864,89.08205993430113,98.4719576307874,85.95209403547237,117.02558053639953,97.78813031990272,9989766,294659.6872733135,288679.88366534084,98.3221680874745,78.52375352309743,97.6039154217853,98.85670980059551,96.26977337021323,100.19085185216758,95.01697899140302,101.44364623097779,93.68283693983095,-0.1498157021809109,-25.3456146832739,1.0620716637084513,0.24878080857059087,0.8132908551378604,64.28098927175104,31.05371077100316,95.90206909179688,92.21202583312989,93.42642074584961,98.69351768493652,DWARKESH.BO,2023-08-21 22:11:13.998650
163,2022-12-02 00:00:00+05:30,94.2034787753061,100.20712165832406,94.2034787753061,97.71780395507812,394289,0.0,0.0,2022-12-02,91.77029418945312,2.9598352440416504,94.73012943349478,88.81045894541147,97.68996467753642,85.85062370136983,125.55101033796694,94.13913042950384,10181634,606738.2951263881,287184.93276334764,98.32384221235081,77.80935316463417,97.3761347962361,100.54879081716611,94.54514793414815,103.37977767925406,91.37249191321814,106.55243370018407,88.54150505113019,-0.15875102486114492,-20.318746944796246,0.8543615282160602,0.04545809478612575,0.8089034334299344,65.12810859170071,28.86632543926875,95.44325408935546,91.77029418945312,93.50842163085937,98.7491611480713,DWARKESH.BO,2023-08-21 22:11:13.998650
164,2022-12-01 00:00:00+05:30,94.98444366455078,96.3511203060777,94.8868175205882,94.98444366455078,95006,0.0,0.0,2022-12-01,91.3554084777832,2.6473408139483063,94.0027492917315,88.7080676638349,96.65009010567981,86.06072684988659,73.53888125025452,54.44887014696142,9787345,142107.35766683618,207296.59217258755,98.32646099613744,74.96728200870642,95.40746049707222,95.92810347355625,94.46380068806674,96.87176328256173,93.94315771158271,97.39240625904576,92.99949790257723,-0.1872261972513662,-28.440338955724503,0.5562569325088305,-0.15676776357135785,0.7130246960801883,58.135177339654184,26.51067969740092,94.95515289306641,91.3554084777832,93.59335113525391,98.789673538208,DWARKESH.BO,2023-08-21 22:11:13.998650
165,2022-11-30 00:00:00+05:30,94.39871700151542,96.39993379616234,94.39871700151542,94.8868179321289,58987,0.0,0.0,2022-11-30,91.04790458679199,2.559342442587157,93.60724702937914,88.48856214420483,96.1665894719663,85.92921970161767,81.40900699100348,52.817810745789714,9692339,88140.44505828817,223593.90079902537,98.32994434601055,71.95196401420172,95.22848957660221,96.05826215168901,94.05704535704209,97.22970637124914,93.22727278195529,98.05947894633593,92.05582856239516,-0.19105445107605712,-28.318593661021076,0.435359154003649,-0.3350239375914049,0.7703830915950539,57.847663951513695,24.989246265298682,94.71110229492187,91.04790458679199,93.66461364746094,98.8438526916504,DWARKESH.BO,2023-08-21 22:11:13.998650
166,2022-11-29 00:00:00+05:30,96.00944663615152,97.03446151698108,94.15466170541788,94.39871215820312,153655,0.0,0.0,2022-11-29,90.80141372680664,2.402762682889937,93.20417640969659,88.3986510439167,95.60693909258652,85.99588836102677,102.13417973054985,53.479545359868986,9633352,228415.62754454298,257457.26473420966,98.3321739502476,67.26357451916408,95.19594512686736,96.23722854831684,93.35742873675363,98.07574493843056,92.31614531530415,99.11702835988004,90.47762892519043,-0.10035602964848565,-32.74341412829188,0.28359166647409495,-0.5276197104901683,0.8112113769642633,56.48800751120186,23.350779492265502,93.92037963867188,90.80141372680664,93.76516235351562,98.89998428344727,DWARKESH.BO,2023-08-21 22:11:13.998650
167,2022-11-28 00:00:00+05:30,94.74039181545461,98.0106664990128,94.1058591281185,95.2284927368164,259894,0.0,0.0,2022-11-28,90.4158145904541,2.413868250282788,92.8296828407369,88.00194634017132,95.24355109101968,85.58807808988853,165.36759402157404,68.29533846125995,9787007,389741.1041255079,264717.6740316263,98.33882014902171,68.3920162776053,95.78167278798257,97.45748644784665,93.55267907695234,99.68648015887688,91.87686541708827,101.36229381874095,89.64787170605804,-0.10016102288687263,-25.221212417664002,0.1330574720467581,-0.7304225547312342,0.8634800267779923,59.5070797409244,21.586276813614383,93.33465881347657,90.4158145904541,93.89792587280273,98.95758026123048,DWARKESH.BO,2023-08-21 22:11:13.998650
168,2022-11-25 00:00:00+05:30,92.05583637441467,95.9118306583941,92.05583637441467,95.27729797363281,78542,0.0,0.0,2022-11-25,90.14735908508301,2.132638803828157,92.27999788891117,88.01472028125485,94.41263669273933,85.8820814774267,160.46716001789153,37.97494832610838,10046901,117843.17516021674,233461.81650815593,98.34773464932609,67.58303305499153,94.41498833548053,96.77414029654639,92.91814601256696,98.27098261945996,90.5589940515011,100.63013458052582,89.06215172858754,-0.12176466918105176,-9.57449122999128,-0.14340875010691434,-0.9462925614257321,0.8028838113188178,59.68552025245103,19.686043159682406,92.49512481689453,90.14735908508301,93.97699813842773,98.9966283416748,DWARKESH.BO,2023-08-21 22:11:13.998650
169,2022-11-24 00:00:00+05:30,91.12844121006894,96.15588222725253,91.12844121006894,93.76419067382812,367022,0.0,0.0,2022-11-24,90.03753623962402,1.8982351839706588,91.93577142359467,88.13930105565336,93.83400660756533,86.24106587168271,126.8630006413281,19.705300062080678,9968359,541928.7034875655,262366.4768451407,98.35039643494301,62.81694657108888,93.68283803704986,96.23723486403078,91.20979384684719,98.71027905423345,88.65539701986627,101.26467588121437,86.1823528296636,-0.15359348131453832,-26.063783534433494,-0.5000030086097098,-1.1470135142554365,0.6470105056457267,55.984209145805714,18.267195766929177,91.73368682861329,90.03753623962402,94.08828521728516,99.0293310546875,DWARKESH.BO,2023-08-21 22:11:13.998650
170,2022-11-23 00:00:00+05:30,91.37249250827534,92.39750743930585,90.44510372140326,90.9332046508789,93444,0.0,0.0,2022-11-23,90.02045249938965,1.864162521098242,91.88461502048789,88.15628997829141,93.74877754158614,86.29212745719316,40.87682170545958,-39.31666167389637,9601337,133809.5052113483,192475.9201845345,98.36905075868326,58.23083525852501,91.25860527052934,92.07210681965543,90.11970310175283,93.21100898843194,89.30620155262675,94.02451053755803,88.16729938385024,-0.1915927916284556,-44.137858820681814,-0.7999577720361799,-1.3087661406668682,0.5088083686306883,47.614039811177165,16.739206267041087,91.21629943847657,90.02045249938965,94.2395964050293,99.09522468566894,DWARKESH.BO,2023-08-21 22:11:13.998650
171,2022-11-22 00:00:00+05:30,90.78676973379193,92.05583508554638,90.78676973379193,91.47010803222656,88723,0.0,0.0,2022-11-22,90.21813316345215,2.1532567663194104,92.37138992977157,88.06487639713274,94.52464669609097,85.91161963081333,56.187472985146485,-38.49266591274601,9694781,127799.29487438624,207142.52392783106,98.37675918404676,64.32241971170211,91.43757095052162,92.08837216725131,90.81930681549686,92.70663630227607,90.16850559876717,93.35743751900576,89.55024146374241,-0.17691750573307963,-36.55176377942181,-0.8930609627684589,-1.43596823282454,0.5429072700560811,49.27427106009955,16.551778238345072,91.49939727783203,90.21813316345215,94.45631317138673,99.18991622924804,DWARKESH.BO,2023-08-21 22:11:13.998650
172,2022-11-21 00:00:00+05:30,91.47011060843958,92.73917599593666,90.83558536252012,91.03082275390625,104414,0.0,0.0,2022-11-21,90.34992065429688,2.3089457908541573,92.65886644515103,88.04097486344273,94.9678122360052,85.73202907258856,67.68795488578294,-40.0706690305593,9606058,149678.78489048613,226978.33119119224,98.38356398264999,70.97865300063313,91.53519470412101,92.2348040457219,90.33121341230536,93.43878533753755,89.63160407070447,94.13839467913844,88.42762277888882,-0.19602228464804886,-36.68638011802445,-1.0516068814482793,-1.57169505033856,0.5200881688902808,47.89976236789133,16.51499997956866,91.08939361572266,90.34992065429688,94.68669692993164,99.27679824829102,DWARKESH.BO,2023-08-21 22:11:13.998650
173,2022-11-18 00:00:00+05:30,91.32368371672547,92.25107247143374,90.78676973379193,91.47010803222656,53343,0.0,0.0,2022-11-18,90.55736351013184,2.5473998951096077,93.10476340524144,88.00996361502223,95.65216330035105,85.46256371991262,83.13904540289278,-44.37362360968701,9710472,76836.87191015165,246303.21776636876,98.39209937341207,61.86564910106475,91.50265007915074,92.21853042450955,90.75422768686774,92.96695281679256,90.03834734150892,93.68283316215137,89.28992494922592,-0.1617688137689537,-31.361002715544007,-1.1953973199015167,-1.70171709256113,0.5063197726596134,49.13609446577443,16.44357167668737,90.54272003173828,90.55736351013184,94.90146133422851,99.38857330322266,DWARKESH.BO,2023-08-21 22:11:13.998650
174,2022-11-17 00:00:00+05:30,92.34869295686404,93.9106144177664,90.73795842462795,91.17725372314453,181083,0.0,0.0,2022-11-17,90.74284210205079,2.744759006763396,93.48760110881419,87.99808309528738,96.23236011557758,85.253324088524,132.6309913279404,-38.994345211529904,9657129,260002.32721344332,288669.804230423,98.39620691072533,52.96075903159863,91.94194218851295,93.14592595239796,89.97326995925951,95.1145981816514,88.7692861953745,96.31858194553641,86.80061396612106,-0.16613568457561625,-35.29411409859322,-1.4046435174542609,-1.8282970357260333,0.42365351827177244,48.31972406971219,16.58213927986366,89.78128356933594,90.74284210205079,95.12305923461913,99.4085855102539,DWARKESH.BO,2023-08-21 22:11:13.998650
175,2022-11-16 00:00:00+05:30,89.61533312666847,94.05704709120951,89.61533312666847,92.34869384765625,489003,0.0,0.0,2022-11-16,90.95028495788574,2.9298583241884923,93.88014328207423,88.02042663369726,96.81000160626273,85.09056830950875,200.96104430047612,-40.34291004206559,9838212,711140.3615038233,295836.6734846679,98.41077829027085,54.433111340488395,92.00702468851141,94.39871625035434,89.9570022858133,96.44873865305244,87.56531072397037,98.84043021489538,85.51528832127227,-0.13720203856385105,-25.555549217734544,-1.6224178684651491,-1.9342104152939763,0.3117925468288272,51.410992450647115,16.73136592943813,89.03936920166015,90.95028495788574,95.2665608215332,99.42908569335937,DWARKESH.BO,2023-08-21 22:11:13.998650
176,2022-11-15 00:00:00+05:30,88.73675139242849,89.76175888630529,87.95578691800209,89.42008972167969,121426,0.0,0.0,2022-11-15,91.06742897033692,3.0337103286111717,94.1011392989481,88.03371864172574,97.13484962755926,85.00000831311458,9.620358755664148,-100.26863223465027,9349209,170985.71841507312,192010.75147987908,98.44400260232115,42.94020033979621,89.04587850866237,90.13597009932265,88.32999813101945,90.85185047696557,87.23990654035917,91.94194206762585,86.52402616271625,-0.20753318747051613,-60.638317724914636,-1.9920220442421481,-2.012158552001183,0.02013650775903475,42.9191995027514,16.892071552056787,88.29745635986328,91.06742897033692,95.38468124389648,99.43347862243652,DWARKESH.BO,2023-08-21 22:11:13.998650
177,2022-11-14 00:00:00+05:30,87.37006605056808,89.12723236926422,87.37006605056808,88.29745483398438,128946,0.0,0.0,2022-11-14,91.38469429016114,3.18060397987512,94.56529827003625,88.20409031028602,97.74590224991138,85.02348633041089,-40.213682482342236,-121.03834018363209,9227783,179295.38337819392,197267.00974608058,98.45630020675497,41.146071468930984,88.26491775127222,89.15976945197636,87.40260313328022,90.02208406996836,86.50775143257609,90.9169357706725,85.64543681458409,-0.25912436418861573,-74.24246335731812,-2.1466221046976983,-2.0171926789409413,-0.12942942575675698,39.14408727281092,17.25473952373118,88.52198181152343,91.38469429016114,95.5389210510254,99.40760925292969,DWARKESH.BO,2023-08-21 22:11:13.998650
178,2022-11-11 00:00:00+05:30,87.90697617328021,88.63912753247635,86.97957998293452,87.66292572021484,60454,0.0,0.0,2022-11-11,91.81422309875488,3.3188009840071353,95.13302408276202,88.49542211474774,98.45182506676915,85.17662113074061,-88.77262103824968,-138.79365050574336,9098837,83455.32448178301,201759.91633805222,98.4710231662645,36.120050202523906,87.76054441187523,88.54150884081594,86.88196129127411,89.42009196141706,86.1009968623334,90.20105639035776,85.22241374173228,-0.2858117092455368,-82.64840235691683,-2.2014699264215807,-1.984835322501752,-0.21663460391982858,36.966637578865786,17.256638516882557,88.60007781982422,91.81422309875488,95.6716845703125,99.48228866577148,DWARKESH.BO,2023-08-21 22:11:13.998650
179,2022-11-10 00:00:00+05:30,87.85816410368109,89.17603507567054,87.17482580645067,87.46768188476562,133106,0.0,0.0,2022-11-10,92.33893165588378,3.454720307975653,95.79365196385943,88.88421134790813,99.2483722718351,85.42949103993247,-88.15800505379327,-142.13140306440732,9038383,183340.45157599536,231336.0643021195,98.47837189768605,35.941390228380214,87.93951425562894,88.7042027048072,86.70299343558733,89.9407235248488,85.93830498640907,90.70541197402707,84.70178416636746,-0.24994023509127583,-84.47491944945854,-2.1758446502055904,-1.930676671521795,-0.24516797868379547,36.29470508562225,16.958911110044006,88.95151062011719,92.33893165588378,95.76637619018555,99.55892051696777,DWARKESH.BO,2023-08-21 22:11:13.998650
180,2022-11-09 00:00:00+05:30,90.78677069754679,92.0558360627731,88.34626610890305,88.63912963867188,123872,0.0,0.0,2022-11-09,92.86608085632324,3.476602432957816,96.34268328928106,89.38947842336542,99.81928572223887,85.9128759904076,-20.325161524144598,-114.07409153292782,9171489,172906.64340545106,243334.96748365054,98.4948801423682,36.84418147176116,89.68041060344933,91.01455509799561,87.30498514412557,93.38998055731938,85.97084064957929,94.72412505186566,83.59541519025552,-0.2783435544575952,-73.51595964104054,-2.090840628677171,-1.8693846768508458,-0.22145595182632505,38.52558172882161,16.714132442491838,89.22484741210937,92.86608085632324,95.89133010864258,99.67118370056153,DWARKESH.BO,2023-08-21 22:11:13.998650
181,2022-11-07 00:00:00+05:30,88.98079558902901,92.2022570613985,88.98079558902901,90.54271697998047,217049,0.0,0.0,2022-11-07,93.36150283813477,3.547807776144203,96.90931061427897,89.81369506199057,100.45711839042318,86.26588728584636,-3.210422564884453,-101.02915107097066,9295361,309474.13604514155,260942.0485032004,98.50865090414867,41.33869738373307,90.57525654346932,92.16971749790963,88.94825602554015,93.7967180158388,87.35379507109984,95.39117897027911,85.72679455317066,-0.23483868622058307,-55.707792699193554,-2.0657001734129636,-1.8140206888942645,-0.25167948451869915,42.46114642582645,16.910425576598577,89.48842163085938,93.36150283813477,96.01433151245118,99.7541608428955,DWARKESH.BO,2023-08-21 22:11:13.998650
182,2022-11-04 00:00:00+05:30,89.42008624889269,90.0546189287423,87.95578350208388,88.68793487548828,125151,0.0,0.0,2022-11-04,93.77882957458496,3.686954827345498,97.46578440193046,90.09187474723946,101.15273922927595,86.40491991989397,-58.53156085139164,-136.7610455000527,9078312,174788.12107672563,248809.02661771514,98.52820123728387,34.1317462389118,88.89944576877149,89.8431080354591,87.74427260880067,90.99828119542991,86.80061034211306,91.94194346211752,85.64543718214225,-0.2282303803517193,-73.05938389796721,-2.1896887957655053,-1.7511008177645897,-0.43858797800091565,36.60597489432336,17.380184000048935,88.71722412109375,93.77882957458496,96.12464233398437,99.82542366027832,DWARKESH.BO,2023-08-21 22:11:13.998650
183,2022-11-03 00:00:00+05:30,88.8343700897745,90.0058093535849,88.59031962249489,89.42008972167969,128990,0.0,0.0,2022-11-03,94.232763671875,3.584639724045328,97.81740339592034,90.64812394782967,101.40204311996567,87.06348422378434,-58.97751289518688,-135.84377752380013,9203463,181636.94611006117,267314.2530029625,98.54214615213209,34.6276576681215,89.33873956591982,90.08715950934476,88.67166977825475,90.75422929700983,87.92324983482982,91.50264924043476,87.25618004716475,-0.13340063701875535,-72.28463540616747,-2.1325867671870924,-1.6414538232643607,-0.49113294392273166,38.023724451784666,16.690921593175183,88.951513671875,94.232763671875,96.2535009765625,99.96062759399415,DWARKESH.BO,2023-08-21 22:11:13.998650
184,2022-11-02 00:00:00+05:30,90.24985550817584,90.83558255992062,88.34626493349181,88.83436584472656,182128,0.0,0.0,2022-11-02,94.40603942871094,3.4197238549069104,97.82576328361785,90.98631557380403,101.24548713852477,87.56659171889712,-73.74781066597431,-143.39321128419277,9074473,254783.19084649486,288733.5797261878,98.55548929938695,29.20093373971318,89.33873777937966,90.3312106252675,87.84189299883869,91.82805540580847,86.84942015295084,92.82052825169632,85.35257537240987,-0.13299320464286643,-76.77904014777948,-2.0992731053413394,-1.5186705872836777,-0.5806025180576617,36.16836535766076,16.17533660091739,89.68366394042968,94.40603942871094,96.34233535766602,100.09241477966309,DWARKESH.BO,2023-08-21 22:11:13.998650
185,2022-11-01 00:00:00+05:30,87.37006437586132,90.29866988566673,85.80814292686422,89.95700073242188,275619,0.0,0.0,2022-11-01,94.53782653808594,3.2397571662330735,97.77758370431901,91.29806937185286,101.01734087055209,88.05831220561979,-114.97021295281492,-167.16490611690708,9256601,390442.5739971356,297221.176946111,98.57560802839645,20.12376360733299,88.68793784831762,91.56773276977101,87.07720581096851,93.17846480712012,84.19741088951511,96.05825972857352,82.586678852166,-0.1554991780161038,-68.51851662347529,-1.9671294275913027,-1.373519957769262,-0.5936094698220407,38.18328201019816,15.62009122463977,90.6012939453125,94.53782653808594,96.56295700073242,100.23054733276368,DWARKESH.BO,2023-08-21 22:11:13.998650
186,2022-10-31 00:00:00+05:30,87.85816870137228,88.39508271145681,86.10100234821313,86.68672943115234,286655,0.0,0.0,2022-10-31,94.73062629699707,3.0626998999242745,97.79332619692134,91.6679263970728,100.85602609684562,88.60522649714852,-231.84596258833443,-217.48465026501543,8980982,391313.8205354333,273915.8276833549,98.60268598810195,23.048219700171998,87.06093816360743,88.02087397900173,85.72679361575806,89.35501852685111,84.76685780036375,90.31495434224541,83.43271325251438,-0.24406223422135304,-96.28479135102418,-1.8787030120238768,-1.225117590313752,-0.6535854217101249,27.18591710902932,14.736734007428046,91.5872573852539,94.73062629699707,96.81188842773437,100.41993049621583,DWARKESH.BO,2023-08-21 22:11:13.998650
187,2022-10-28 00:00:00+05:30,93.66656385892085,94.10585915697858,88.24864809884086,89.85938262939453,470386,0.0,0.0,2022-10-28,95.08693962097168,2.42596771688178,97.51290733785346,92.66097190408989,99.93887505473523,90.23500418720812,-233.40428966372352,-156.45520414477133,9267637,665626.9007999258,244566.32947033527,98.64175024345668,24.382513973633948,90.73796329507132,93.22727849130179,87.37006743316407,96.59517435320905,84.8807522369336,99.08448954943951,81.51285637502635,-0.23257679285791671,-88.1720289113229,-1.4149530334523064,-1.0617212348862206,-0.3532317985660858,32.369719735440384,12.711249795799457,93.07108306884766,95.08693962097168,97.13598739624024,100.62786140441895,DWARKESH.BO,2023-08-21 22:11:13.998650
188,2022-10-27 00:00:00+05:30,94.44752508758602,94.59395684860539,92.78798499024313,93.08084106445312,102106,0.0,0.0,2022-10-27,95.23581008911133,2.16568491450228,97.4014950036136,93.07012517460905,99.56717991811588,90.90444026010677,-134.20105141288047,-98.7945030637314,9738023,149666.50228349215,139301.18663793764,98.68925091288796,39.49059736401121,93.48759430110056,94.18720361195798,92.38123175359573,95.29356615946281,91.6816224427383,95.99317547032024,90.57525989523347,-0.20179826868115083,-96.7742421836657,-1.1122321177829804,-0.9734132852446992,-0.1388188325382812,39.46816684089421,11.119587032968944,94.13514251708985,95.23581008911133,97.39175216674805,100.78649421691894,DWARKESH.BO,2023-08-21 22:11:13.998650
189,2022-10-25 00:00:00+05:30,94.98444481755274,94.98444481755274,93.2272784745037,93.42251586914062,91630,0.0,0.0,2022-10-25,95.31634674072265,2.110577497702044,97.42692423842469,93.20576924302061,99.53750173612674,91.09519174531856,-111.46483702713522,-88.0660066128471,9840129,134803.84900001792,136709.857726549,98.69584318185247,52.47858938981703,93.87807972039901,94.52888096629432,92.77171462324529,95.63524606344805,92.12091337734998,96.28604730934336,91.01454828019625,-0.19344669765208689,-96.64807409575005,-1.0250704562078425,-0.9387085771101289,-0.08636187909771365,40.33542707398167,11.161528042463662,94.5549102783203,95.31634674072265,97.59382598876954,100.94707946777343,DWARKESH.BO,2023-08-21 22:11:13.998650
190,2022-10-24 00:00:00+05:30,95.17968146962865,95.47254500712839,93.81299737434507,94.8868179321289,43628,0.0,0.0,2022-10-24,95.3187873840332,2.108299227707755,97.42708661174096,93.21048815632544,99.53538583944871,91.1021889286177,-70.65660141892137,-68.16671067202103,9931759,65190.48836189326,137186.35990818177,98.70141150812843,53.01906716580181,94.72412010453412,95.63524283472317,93.97569520193986,96.38366773731744,93.06457247175081,97.29479046750649,92.31614756915654,-0.2212379260822871,-69.4174881744339,-0.931595537589061,-0.9171181073357004,-0.014477430253360568,44.2089089652384,11.425323699343378,94.93562927246094,95.3187873840332,97.7812567138672,101.11059326171875,DWARKESH.BO,2023-08-21 22:11:13.998650
191,2022-10-21 00:00:00+05:30,95.42372882932088,96.49754935215665,93.5201382410133,94.1058578491211,99596,0.0,0.0,2022-10-21,95.51890907287597,2.250312622947883,97.76922169582386,93.26859644992808,100.01953431877173,91.01828382698021,-84.34106097264144,-69.63179572223552,9888131,147594.98522892065,155185.3277947539,98.70333032815019,45.58639850098236,94.70784848076369,95.89555872051407,92.91814760937072,97.68525959190704,91.73043736962033,98.87296983165743,89.94073649822737,-0.26313325619031447,-70.98213431715943,-0.9420157989307114,-0.9134987497723602,-0.028517049158351182,41.41806438935249,12.000134118729841,94.89658050537109,95.51890907287597,97.91011535644532,101.23457092285156,DWARKESH.BO,2023-08-21 22:11:13.998650
192,2022-10-20 00:00:00+05:30,95.08206117568861,95.4725434031851,94.00824063594501,95.17967987060547,66941,0.0,0.0,2022-10-20,95.90694923400879,2.630789049781281,98.53773828379008,93.2761601842275,101.16852733357135,90.64537113444624,-93.73069051862444,-66.5080662193346,9987727,100334.31336200886,157082.9134362122,98.70861576263322,46.17152697761759,94.8868213032452,95.76540197054538,94.3010992033053,96.35112407048528,93.42251853600511,97.22970473778547,92.83679643606521,-0.21883330548478372,-61.16070402986253,-0.8641711890047787,-0.9063694874827724,0.04219829847799361,44.23683223051136,12.619160724222956,95.22848815917969,95.90694923400879,98.14245147705078,101.34390548706055,DWARKESH.BO,2023-08-21 22:11:13.998650
193,2022-10-19 00:00:00+05:30,95.42373033181215,95.91183125422552,94.78919764310898,95.17967987060547,68440,0.0,0.0,2022-10-19,96.22909584045411,2.9160561043052122,99.14515194475932,93.3130397361489,102.06120804906453,90.39698363184368,-92.71228127654902,-55.601390571751125,10054668,102581.08493293925,171270.06345476303,98.71134468595905,49.30096924360418,95.29356958931332,95.79794153551767,94.67530792440112,96.41620320042986,94.17093597819678,96.9205751466342,93.55267431328458,-0.25815707861104253,-61.16070402986253,-0.8571681952457197,-0.9169190621022707,0.059750866856550955,44.23683223051136,12.759010875738966,95.57015838623047,96.22909584045411,98.33866806030274,101.4146800994873,DWARKESH.BO,2023-08-21 22:11:13.998650
194,2022-10-18 00:00:00+05:30,94.83800992151156,96.1070678404779,94.83800992151156,95.32611083984375,83651,0.0,0.0,2022-10-18,96.56832580566406,3.1710349919277045,99.73936079759176,93.39729081373636,102.91039578951947,90.22625582180865,-59.52885308365548,-52.106586720102975,10123108,125572.93910757171,188442.30808521897,98.71413908448922,47.81576236883286,95.42372953394441,96.00944914637726,94.74039122741092,96.69278745291075,94.15467161497807,97.2785070653436,93.47133330844458,-0.20629491557328086,-59.821411737935904,-0.8352148442171341,-0.9318567788164083,0.09664193459927417,44.603758733425586,13.245054031175853,96.16564178466797,96.56832580566406,98.566123046875,101.4698355102539,DWARKESH.BO,2023-08-21 22:11:13.998650
195,2022-10-17 00:00:00+05:30,94.93562454538247,96.35111416872715,94.20347319927411,94.69157409667969,52308,0.0,0.0,2022-10-17,96.72939872741699,3.186395525448299,99.9157942528653,93.54300320196869,103.10218977831359,90.3566076765204,-52.2924132138765,-63.10341532118944,10039457,77999.62208758979,204159.65032963076,98.71741880799186,49.565581102454416,95.08205382156031,95.9606344438465,93.81299347439347,97.22969479101334,92.93441285210727,98.10827541329954,91.66535250494043,-0.2064207408480681,-65.6250349297005,-0.8088743638219285,-0.9560172624662268,0.1471428986442983,42.751843187452195,13.788963176019367,96.70255279541016,96.72939872741699,98.83262619018555,101.48740707397461,DWARKESH.BO,2023-08-21 22:11:13.998650
196,2022-10-14 00:00:00+05:30,97.6689941172902,98.84043331073032,95.27729521292589,95.76539611816406,87197,0.0,0.0,2022-10-14,96.99053268432617,3.2243805001587913,100.21491318448496,93.76615218416738,103.43929368464376,90.54177168400858,8.092627189755946,-30.035645307941316,10091765,131499.227071439,235699.657390141,98.7198572204847,45.525831520772776,96.62770821394008,97.97812121495427,94.41498311714984,100.19084631174451,93.06457011613566,101.5412593127587,90.85184501934542,-0.18877429051481998,-55.8036046424036,-0.7004026397646186,-0.9928029871273012,0.2924003473626826,45.13129676664661,14.374711485850842,97.47375183105468,96.99053268432617,99.17527313232422,101.61187286376953,DWARKESH.BO,2023-08-21 22:11:13.998650
197,2022-10-13 00:00:00+05:30,97.47375061053557,98.59638419739845,96.64398054992522,96.88803100585938,67754,0.0,0.0,2022-10-13,97.2541072845459,3.3326026174860712,100.58670990203197,93.92150466705982,103.91931251951804,90.58890204957375,36.68138548245493,-15.473998383990017,10178962,103375.61762206691,261749.7649698165,98.7228432945837,44.00044049095217,97.37613191772768,98.10828328553013,96.1558796380569,99.32853556520091,95.42372827025444,100.06068693300337,94.20347599058367,-0.16045244217934412,-47.18615928900863,-0.6566690006288809,-1.0659030739679718,0.4092340733390909,47.7123864445832,15.417285814692592,98.09852294921875,97.2541072845459,99.5052294921875,101.7866130065918,DWARKESH.BO,2023-08-21 22:11:13.998650
198,2022-10-12 00:00:00+05:30,97.4737511139508,98.98686692768878,96.44874366243089,98.15709686279297,173942,0.0,0.0,2022-10-12,97.36881103515626,3.3587167990013427,100.7275278341576,94.01009423615491,104.08624463315894,90.65137743715357,59.315437062609874,-7.191032539766015,10246716,268868.05886349117,301343.30180675385,98.72428537188766,42.13102462851221,97.86423581763755,99.27972797284421,96.74160470758632,100.40235908289544,95.32611255237966,101.81785123810211,94.20348144232842,-0.140805580000218,-40.08095944512168,-0.7012896864231379,-1.1682115923027445,0.4669219058796066,50.76963192312399,16.114811854635665,98.27424011230468,97.36881103515626,99.85959075927734,101.98917488098145,DWARKESH.BO,2023-08-21 22:11:13.998650
199,2022-10-11 00:00:00+05:30,97.4737519042419,101.86666016936093,97.37613321013838,98.01066589355469,316379,0.0,0.0,2022-10-11,97.5030387878418,3.4444270750488997,100.94746586289071,94.0586117127929,104.3918929379396,90.614184637744,110.79484870755158,16.544876635624888,10072774,488308.2212831872,309462.11254256946,98.72543212790039,52.70152959382594,99.08448642435133,100.79283963856427,96.30231267934172,103.57501338357388,94.59395946512878,105.28336659778682,91.81178572011918,-0.18097484533186353,-49.30068783751466,-0.8727758429876786,-1.284942068772646,0.4121662257849674,50.42121607847968,16.865993743805127,97.21994171142578,97.5030387878418,100.14464172363282,102.14634338378906,DWARKESH.BO,2023-08-21 22:11:13.998650
200,2022-10-10 00:00:00+05:30,98.88924586505152,99.47496545871925,97.27851139659369,98.54756927490234,148699,0.0,0.0,2022-10-10,97.66899299621582,3.548555655293968,101.21754865150979,94.12043734092185,104.76610430680375,90.57188168562789,132.26689678437498,0.20487477551215286,10389153,230763.44401922013,264750.585357415,98.72807034700064,53.46638469939286,98.4336820434051,99.58885269021651,97.39239862809094,100.63013610553067,96.23722798127953,101.78530675234208,95.19594456596538,-0.1544378751763287,-45.45458835791028,-1.0646849806644525,-1.387983625218888,0.32329864455443547,51.64299910334635,17.313606985881094,95.91183013916016,97.66899299621582,100.39454925537109,102.32986930847169,DWARKESH.BO,2023-08-21 22:11:13.998650
201,2022-10-07 00:00:00+05:30,98.35233770515953,100.15830966228894,97.18089844859699,98.88925170898438,168634,0.0,0.0,2022-10-07,97.8300666809082,3.6618396038161767,101.49190628472438,94.16822707709203,105.15374588854056,90.50638747327585,123.97167100687615,4.333684313198881,10537852,262607.5933240863,273247.37069196376,98.728384022849,52.29938946113024,98.74281993995676,100.30474143131653,97.32733021762458,101.72023115364871,95.76540872626481,103.28215264500848,94.34991900393263,-0.1808688341591797,-43.006951264222614,-1.3471320887217786,-1.4688082863574965,0.12167619763571791,52.38514518123574,18.605063391486027,94.9649154663086,97.8300666809082,100.66983840942383,102.50753814697265,DWARKESH.BO,2023-08-21 22:11:13.998650
202,2022-10-06 00:00:00+05:30,93.12965803121732,98.59638690468346,93.12965803121732,97.76661682128906,321904,0.0,0.0,2022-10-06,98.03506889343262,3.8349334179340024,101.87000231136662,94.20013547549863,105.70493572930063,90.36520205756462,29.806531450528627,-43.00941446962291,10369218,495598.5276875204,275907.3150339331,98.72806636181285,46.084820170716306,96.49755391906326,99.86544980690921,94.39872093344307,101.9642827925294,91.03082504559713,105.33217868037535,88.93199205997693,-0.18951866587765476,-51.04892977907726,-1.721989427565049,-1.4992273357664259,-0.22276209179862305,50.195883878976964,19.99586259752211,93.94966430664063,98.03506889343262,100.94512725830079,102.60906303405761,DWARKESH.BO,2023-08-21 22:11:13.998650
203,2022-10-04 00:00:00+05:30,91.81178434370024,93.32489269919306,91.81178434370024,92.88560485839844,73709,0.0,0.0,2022-10-04,98.23519020080566,3.923593259182613,102.15878345998827,94.31159694162305,106.08237671917088,90.38800368244044,-72.21524193380826,-119.10101677096247,10047314,107815.69334492552,220984.5118705362,98.73170419683193,44.08456634574748,92.67409396709725,93.53640359049426,92.02329523500144,94.18720232259007,91.16098561160443,95.04951194598708,90.51018687950862,-0.2877592625027875,-86.01398722255156,-2.065267138696427,-1.4435368128167698,-0.6217303258796574,38.813672748891285,21.028299211195755,92.96369934082031,98.23519020080566,101.24872589111328,102.64908729553223,DWARKESH.BO,2023-08-21 22:11:13.998650
204,2022-10-03 00:00:00+05:30,93.03203691064091,95.66777885926462,90.93320149712189,91.47010803222656,249285,0.0,0.0,2022-10-03,98.71841011047363,3.8239316649615183,102.54234177543515,94.8944784455121,106.36627344039667,91.07054678055059,-80.7330516599574,-125.42095584251538,9973605,359077.65993892663,249276.71650193885,98.73677355840934,42.41798933554634,92.69036279620435,94.44752409528682,89.7129467331441,97.42494015834708,87.95578543406162,99.18210145742955,84.97836937100136,-0.23695809676869323,-96.15387792850356,-1.9927689825315156,-1.2881042313468554,-0.7046647511846602,34.78667306094651,19.778522686457286,93.32489318847657,98.71841011047363,101.66654037475585,102.72913581848144,DWARKESH.BO,2023-08-21 22:11:13.998650
205,2022-09-30 00:00:00+05:30,93.76419028704214,95.37491737467224,92.4463118366844,93.81299591064453,74700,0.0,0.0,2022-09-30,99.0625213623047,3.4263260398655975,102.4888474021703,95.6361953224391,105.9151734420359,92.2098692825735,-74.82183603868445,-109.94659716167494,10222890,110356.17889748502,221826.48064269187,98.75814694734059,43.83024883350878,93.87807504066706,95.30983824464971,92.38123270666188,96.80668057865489,90.94946950267922,98.23844378263755,89.45262716867404,-0.2157434238403447,-84.38661335812058,-1.7303509136135773,-1.1119380435506903,-0.618412870062887,38.68234956182209,18.43260950596971,93.72513732910156,99.0625213623047,102.06873565673828,102.83993476867676,DWARKESH.BO,2023-08-21 22:11:13.998650
206,2022-09-29 00:00:00+05:30,93.71537721561074,95.66778090760263,93.71537721561074,93.81299591064453,57842,0.0,0.0,2022-09-29,99.28460731506348,3.2049557250909904,102.48956304015448,96.07965158997249,105.69451876524546,92.8746958648815,-82.88325777308181,-105.63531905364074,10297590,85451.43373210613,249694.05607899354,98.7625093442823,42.83036399541383,94.39871801128596,95.08205880696119,93.1296551149693,96.35112170327785,92.44631431929407,97.03446249895308,91.1772514229774,-0.18228580073953737,-84.38661335812058,-1.5988977844096013,-0.9573348260349683,-0.641562958374633,38.682349561822086,17.35357960912973,94.74038848876953,99.28460731506348,102.38892990112305,102.96488861083985,DWARKESH.BO,2023-08-21 22:11:13.998650
207,2022-09-28 00:00:00+05:30,94.00823864992903,95.52134700874714,91.76297147512942,92.8367919921875,132264,0.0,0.0,2022-09-28,99.4505615234375,2.985113142132661,102.43567466557016,96.46544838130484,105.42078780770282,93.48033523917218,-136.16869697605406,-128.91937020698788,10239748,193363.6453669868,290754.7116657154,98.76589254359055,40.15458819360016,93.37370349202136,94.98443550891331,91.22605997529558,97.13207902563909,89.61532795840364,98.74281104253103,87.46768444167786,-0.13731700548575196,-91.82157313525002,-1.4063722207407352,-0.79694408644131,-0.6094281342994252,36.09816100947882,16.521928554455524,96.35112152099609,99.4505615234375,102.72279083251954,103.1454859161377,DWARKESH.BO,2023-08-21 22:11:13.998650
208,2022-09-27 00:00:00+05:30,95.08205630416987,96.20468985776839,94.00823581944334,94.69157409667969,154730,0.0,0.0,2022-09-27,99.55550346374511,2.76947177918707,102.32497524293218,96.78603168455804,105.09444702211925,94.01655990537097,-150.64534835413622,-107.26784560119584,10372012,230727.260182243,315102.4782403975,98.77517433028204,44.890035211374325,94.96816659129713,95.92809736315093,93.73164332482588,97.16462062962218,92.77171255297209,98.12455140147597,91.53518928650084,-0.12065396194543661,-84.1897804105755,-1.0424311931539307,-0.6445870528664536,-0.39784414028747717,38.977649223314614,15.558670211362214,98.10828552246093,99.55550346374511,103.09765243530273,103.38856018066406,DWARKESH.BO,2023-08-21 22:11:13.998650
209,2022-09-26 00:00:00+05:30,97.62018666877448,98.10828760211835,92.73917733533575,93.47132873535156,239900,0.0,0.0,2022-09-26,99.4408000946045,3.0178894342009785,102.45868952880548,96.42291066040352,105.47657896300646,93.40502122620254,-231.21158478132674,-115.8047048251931,10217282,353119.5088549639,336196.2827549362,98.78266662655993,44.46428492517953,94.77293122426856,96.80668511320137,91.43757484641877,100.14204149105116,89.40382095748596,102.17579537998397,86.06846457963617,-0.11111404732724817,-94.07114648203651,-0.7433499151987775,-0.5451260177945842,-0.19822389740419322,35.84384414350423,15.112143783695853,99.56282653808594,99.4408000946045,103.34560775756836,103.64286079406739,DWARKESH.BO,2023-08-21 22:11:13.998650
210,2022-09-23 00:00:00+05:30,101.86666292267633,102.20833208518798,98.54757509864358,98.88925170898438,159999,0.0,0.0,2022-09-23,99.45300254821777,2.99287197188747,102.44587452010524,96.4601305763303,105.4387464919927,93.46725860444283,-53.7597985046536,-35.166588228163,10457182,249160.62196390104,331965.47622992925,98.79781857725636,54.351247730053636,99.88171963093863,101.21586416323369,97.55510717668929,103.54247661748303,96.22096264439423,104.87662114977809,93.89435019014489,-0.10268676022380248,-75.5951516062576,-0.22899669169815695,-0.49557004344353583,0.2665733517453789,45.478717983890036,14.631269169285925,100.5780746459961,99.45300254821777,103.63065856933594,103.85713706970215,DWARKESH.BO,2023-08-21 22:11:13.998650
211,2022-09-22 00:00:00+05:30,101.57380498687243,102.98929468348541,99.76782561472818,101.86666107177734,163510,0.0,0.0,2022-09-22,99.24799995422363,3.168771052543341,102.41677100676696,96.0792289016803,105.58554205931031,92.91045784913695,37.37822001754878,-12.05072196628602,10617181,262294.6529208785,352666.68979643635,98.79764428330454,60.73719631933675,101.54126045666364,103.31469529859909,100.09322622984186,104.76272952542087,98.3197913879064,106.53616436735632,96.87175716108463,-0.13037052134912425,-39.2857341229063,-0.10058237732104658,-0.5622133813798805,0.46163100405883395,52.712730568035646,15.474628635693241,100.78307495117187,99.24799995422363,103.83468460083007,104.11339004516601,DWARKESH.BO,2023-08-21 22:11:13.998650
212,2022-09-21 00:00:00+05:30,102.74524562656495,104.89288673653965,100.3047409798532,101.62261199951172,329145,0.0,0.0,2022-09-21,98.9575798034668,3.18228054380894,102.13986034727574,95.77529925965786,105.32214089108469,92.59301871584891,68.26849790267761,-4.61863736866136,10453671,526733.1637402616,375259.6990153258,98.7916539374172,66.95281151483752,102.27341323863486,104.24208549741653,99.65393974073007,106.86155899532132,97.6852674819484,108.83023125410298,95.06579398404361,-0.1286695325661933,-39.66480132292757,-0.22787887604783919,-0.6776211323945889,0.4497422563467497,52.143454818644,15.854896722405014,100.61712036132812,98.9575798034668,103.96061462402344,104.3506069946289,DWARKESH.BO,2023-08-21 22:11:13.998650
213,2022-09-20 00:00:00+05:30,98.79162319586459,103.91668285415244,98.79162319586459,101.96427917480469,349482,0.0,0.0,2022-09-20,98.63299255371093,3.226905608499466,101.8598981622104,95.40608694521147,105.08680377070986,92.179181336712,26.441242205094667,-18.21853636234129,10782816,561158.9748693589,337391.33283409185,98.78048687940615,65.80967014234506,101.55752840827391,104.32343362068323,99.19837396239538,106.68258806656176,96.43246874998606,109.44849327897109,94.07331430410753,-0.0026713939058377453,-29.09095551791784,-0.36336912296663115,-0.7900566964812763,0.42668757351464515,52.982516761016676,16.02802634306572,100.12901916503907,98.63299255371093,103.9899006652832,104.58928833007812,DWARKESH.BO,2023-08-21 22:11:13.998650
214,2022-09-19 00:00:00+05:30,98.01066275063555,101.13450554874932,96.8880291848723,98.54756927490234,205910,0.0,0.0,2022-09-19,98.22786903381348,3.294570486104539,101.52243951991801,94.93329854770894,104.81701000602256,91.6387280616044,-131.35596069420342,-56.50749388401535,10433334,319548.21994766354,281449.4223252751,98.76709595954341,65.11718530146254,98.85670133617465,100.82537348747701,96.57889712359999,103.10317770005167,94.61022497229763,105.07184985135403,92.33242075972296,-0.0611918617593473,-54.47161289842256,-0.5649811438919983,-0.8967285898599375,0.33174744596793926,44.665834918337474,16.541788881628968,99.90449371337891,98.22786903381348,103.98599594116212,104.86408920288086,DWARKESH.BO,2023-08-21 22:11:13.998650
215,2022-09-16 00:00:00+05:30,100.74402327940369,101.47617463302677,98.05946831611908,99.91425323486328,158793,0.0,0.0,2022-09-16,98.2937629699707,3.314420767636102,101.60818373760681,94.97934220233459,104.9226045052429,91.6649214346985,-72.75590115899239,-46.38848062473914,10639244,249845.681881959,271924.72291967797,98.7676413194266,63.99724300376224,99.81663206133639,101.5737958065537,98.15708948964601,103.23333837824408,96.3999257444287,104.9905021234614,94.74038317273832,-0.06923498401824642,-36.30143087867437,-0.4780511480577303,-0.9796654513519223,0.501614303294192,47.81165797455242,17.48830200809552,100.46092987060547,98.2937629699707,104.02309173583984,105.18428352355957,DWARKESH.BO,2023-08-21 22:11:13.998650
216,2022-09-15 00:00:00+05:30,98.93805272513292,102.79405437338679,98.93805272513292,101.0368881225586,215205,0.0,0.0,2022-09-15,98.41822891235351,3.4234256642981142,101.84165457665162,94.9948032480554,105.26508024094974,91.57137758375728,0.914441531613738,-34.819022459675914,10798037,342409.15388146194,277444.48317910766,98.76544042579529,61.30795249739316,100.9229984070261,102.90794408891928,99.05194244066541,104.77900005527997,97.06699675877223,106.76394573717315,95.19594079241155,-0.08318417094175733,-28.424698736563336,-0.494108874477277,-1.1050690271754702,0.6109601526981931,50.512311359914804,18.700971028784988,100.8318878173828,98.41822891235351,104.0348062133789,105.55279983520508,DWARKESH.BO,2023-08-21 22:11:13.998650
217,2022-09-14 00:00:00+05:30,98.20590417251886,100.06068916862502,98.20590417251886,99.1821060180664,168696,0.0,0.0,2022-09-14,98.51096839904785,3.5218070978052847,102.03277549685313,94.98916130124258,105.55458259465843,91.46735420343728,-45.940129912069295,-57.92889045515831,10582832,263482.12549322954,261203.31550351903,98.75951611840566,50.12810525876759,99.14956645307011,100.09322873362136,98.2384437375152,101.00435144917627,97.29478145696395,101.94801372972752,96.38365874140904,-0.08456274883947679,-41.43838820871081,-0.6177436589923673,-1.2578090653500185,0.6400654063576512,45.81815139588371,19.652349208784972,101.22236938476563,98.51096839904785,104.0172346496582,105.87592277526855,DWARKESH.BO,2023-08-21 22:11:13.998650
218,2022-09-13 00:00:00+05:30,102.01309113219178,102.50119204669987,100.45116969533166,100.8416519165039,144892,0.0,0.0,2022-09-13,98.68424415588379,3.6398406559153194,102.32408481179911,95.04440349996847,105.96392546771443,91.40456284405315,32.984731186233155,-35.564336088347595,10751528,230089.82084913028,260633.6130060914,98.75865036300779,56.29097124184849,101.26467121951181,102.07817274369197,100.02815039232375,103.31469357088002,99.2146488681436,104.12819509506018,97.97812804095554,-0.0953717282844381,-29.794532612554672,-0.584005961315583,-1.4178254169394313,0.8338194556238483,49.75008541889164,20.5659691865857,101.73975677490235,98.68424415588379,104.01625854492187,106.18830749511719,DWARKESH.BO,2023-08-21 22:11:13.998650
219,2022-09-12 00:00:00+05:30,102.20832572486964,103.0869088365328,101.08569961045254,101.32975006103516,126936,0.0,0.0,2022-09-12,98.80138816833497,3.748993475726246,102.55038164406122,95.05239469260871,106.29937511978746,91.30340121688248,57.58860108494957,-30.527813319074895,10896420,202551.20329584586,268269.56104533165,98.75497863779201,49.982961356569746,101.8341195026735,102.58253939489447,100.5813301688142,103.83532872875377,99.83291027659324,104.58374862097473,98.58012094273394,-0.07426665123757561,-26.369894392530377,-0.6954030359343903,-1.6262802808453931,0.9308772449110028,50.94848950273495,21.825233122901288,102.08142700195313,98.80138816833497,103.97037689208985,106.50313255310058,DWARKESH.BO,2023-08-21 22:11:13.998650
220,2022-09-09 00:00:00+05:30,104.25836066798055,104.25836066798055,101.32975511492299,101.76904296875,89178,0.0,0.0,2022-09-09,98.87460327148438,3.8146920418969934,102.68929531338136,95.05991122958739,106.50398735527835,91.2452191876904,84.29477368641088,-25.06864214504357,11023356,142917.84729745323,284699.15048270306,98.75099636650047,48.34883598131424,102.45238625055117,103.57501738617935,100.64641183312179,105.38099180360874,99.5237806974936,106.50362293923692,97.71780628006422,-0.07146051964506825,-23.287687876480934,-0.875558910310275,-1.8589995920731437,0.9834406817628687,51.99278754787543,22.898723708752136,101.48594360351562,98.87460327148438,103.95085296630859,106.81893371582031,DWARKESH.BO,2023-08-21 22:11:13.998650
221,2022-09-08 00:00:00+05:30,101.86666233385571,105.08813144252537,100.7928417802422,102.98929595947266,121712,0.0,0.0,2022-09-08,98.85263862609864,3.798378794058611,102.65101742015725,95.05425983204003,106.44939621421587,91.25588103798141,118.1584678312009,-20.968385860133296,11112534,197396.08528538237,320144.47627901554,98.74771342473186,46.98677736048051,102.95675639408007,105.12067100791795,100.82538134563478,107.25204605636324,98.6614667317969,109.41596067020112,96.53009168335161,-0.07396423468722095,-14.726038796374239,-1.136210673561763,-2.1048597625138608,0.9686490889520978,54.88949656059221,23.9489527520018,100.78307800292968,98.85263862609864,103.92351928710937,107.10447265625,DWARKESH.BO,2023-08-21 22:11:13.998650
222,2022-09-07 00:00:00+05:30,102.0130934315048,103.86787843800705,101.13451027602171,101.76904296875,123977,0.0,0.0,2022-09-07,98.98930702209472,3.998932067162377,102.98823908925709,94.99037495493235,106.98717115641948,90.99144288776996,140.9215072052797,-30.204333681420106,10990822,198687.1869115293,350831.57402742386,98.74140695858736,43.11660226398102,102.25714389425958,103.37977751249745,100.64640935051212,104.99051205624492,99.52377573227425,106.1131456744828,97.91304118852678,-0.06606362431199606,-16.104882215198316,-1.5728850335751758,-2.347022034751885,0.774137001176709,52.428422769460866,25.07996864473221,99.61163482666015,98.98930702209472,103.86689956665039,107.39049980163574,DWARKESH.BO,2023-08-21 22:11:13.998650
223,2022-09-06 00:00:00+05:30,99.37734717135767,103.6726291742518,99.03567057982082,102.55000305175781,289665,0.0,0.0,2022-09-06,99.15038032531739,4.177674355192283,103.32805468050967,94.9727059701251,107.50572903570195,90.79503161493282,183.1513952484469,-36.49308239227877,11114799,467783.33727426565,388867.6708063975,98.7368146848778,40.35846451174635,101.75276760194349,104.46986462406616,99.83290602963518,106.38972619637447,97.11580900751251,109.10682321849714,95.1959474352042,-0.06399094575522032,-8.74520745090506,-1.987952517633687,-2.5405562850460623,0.5526037674123754,54.183365828058754,26.704206880644453,98.24495239257813,99.15038032531739,103.8756852722168,107.72631309509278,DWARKESH.BO,2023-08-21 22:11:13.998650
224,2022-09-05 00:00:00+05:30,99.0356713616585,99.52377227018876,98.01066392244223,98.35233306884766,190983,0.0,0.0,2022-09-05,99.35050163269042,4.436915829236113,103.78741746192654,94.91358580345431,108.22433329116265,90.4766699742182,151.04296774760184,-72.36568258448533,10825134,295796.0872695652,369138.75418943044,98.72325314256119,33.08254713607107,98.62892308715955,99.24718225187686,97.73407390413034,100.14203143490607,97.11581473941303,100.76029059962339,96.22096555638382,-0.1262698812975972,-44.802881893550214,-2.566156918010364,-2.678707226899156,0.11255030888879203,44.97388640964915,28.51781108741529,96.214453125,99.35050163269042,103.69411178588867,108.0450429534912,DWARKESH.BO,2023-08-21 22:11:13.998650
225,2022-09-02 00:00:00+05:30,98.25471496582031,98.84043457000271,96.35111694244148,98.25471496582031,176557,0.0,0.0,2022-09-02,99.86544837951661,4.889530873174462,104.75497925269107,94.97591750634214,109.64451012586554,90.08638663316768,90.77076716084764,-82.78552414479023,10634151,273181.56477167655,387474.4209193967,98.72412494767319,28.19950317869379,97.81542215942152,99.27972737640155,96.79040974884032,100.30473978698275,95.32610453186028,101.76904500396279,94.30109212127908,-0.1257686699013269,-45.519712906882056,-2.854145706266479,-2.7068448041213538,-0.14730090214512526,44.728256589645255,29.403286963849038,95.28706207275391,99.86544837951661,103.59161056518555,108.45748825073242,DWARKESH.BO,2023-08-21 22:11:13.998650
226,2022-09-01 00:00:00+05:30,94.98443907562962,98.54756972324759,94.3499064096741,97.132080078125,254363,0.0,0.0,2022-09-01,100.54390869140624,5.550946686890296,106.09485537829654,94.99296200451595,111.64580206518684,89.44201531762565,15.4428169124303,-98.5556972159814,10457594,389071.7291361483,416047.6349563267,98.72514712514851,27.274152233958176,96.67651873701557,99.00313106435704,94.80546775078355,100.87418205058906,92.47885542344208,103.20079437793052,90.60780443721006,-0.14992100217802748,-54.57748693253669,-3.170000088564933,-2.670019578585072,-0.4999805099798609,42.03738119182419,30.06138359661935,94.59395904541016,100.54390869140624,103.48227600097657,108.82942108154298,DWARKESH.BO,2023-08-21 22:11:13.998650
227,2022-08-30 00:00:00+05:30,93.42251493758941,96.98565321290269,93.08084577646713,94.93563079833984,318800,0.0,0.0,2022-08-30,101.3004653930664,6.068474001695082,107.36893939476148,95.23199139137132,113.43741339645656,89.16351738967624,-38.13556938338492,-121.15896827084846,10203231,476607.2018209543,422791.61141137127,98.73016063243836,20.55769480185245,95.00070992923656,96.920574082006,93.01576664557044,98.90551736567213,91.095902492801,100.82538151844156,89.11095920913488,-0.16436576628103983,-72.99035090094915,-3.4157965801654484,-2.5450244510901068,-0.8707721290753416,36.38873416725921,30.647037963664296,94.37919464111329,101.3004653930664,103.27629745483398,109.13838897705078,DWARKESH.BO,2023-08-21 22:11:13.998650
228,2022-08-29 00:00:00+05:30,92.83679456781465,94.3987160403078,90.83558524137402,92.39750671386719,268564,0.0,0.0,2022-08-29,102.28398857116699,6.556970752105362,108.84095932327234,95.72701781906163,115.39793007537772,89.17004706695626,-90.96824330471843,-154.3549450090757,9884431,390769.8932913288,409337.71380897553,98.74518673419271,11.231930784479275,92.54393599851635,94.25228675565867,90.68915595672489,96.10706679745013,88.98080519958256,97.81541755459246,87.1260251577911,-0.10931320746698432,-90.06212059555284,-3.4624191050362754,-2.327331418821271,-1.1350876862150043,28.96742834595524,30.616894956936157,94.41824188232422,102.28398857116699,103.29289276123046,109.45760688781738,DWARKESH.BO,2023-08-21 22:11:13.998650
229,2022-08-26 00:00:00+05:30,94.30109742934899,95.61896844020279,93.08084511414563,93.71537780761719,290245,0.0,0.0,2022-08-26,103.28459548950195,6.4955270260086335,109.78012251551058,96.78906846349332,116.27564954151921,90.29354143748469,-79.94756666731509,-141.45268320603643,10152995,428340.02204887883,413979.6689383871,98.76643307115056,11.577247509286607,94.13839712065521,95.1959491271648,92.65782580110763,96.67652044671237,91.60027379459805,97.73407245322196,90.11970247505047,-0.10391491622956535,-84.88372173717136,-3.219682403482892,-2.0435594972675197,-1.1761229062153724,30.69556235125765,29.365213288329016,94.71110229492187,103.28459548950195,103.35146484375,109.76803901672363,DWARKESH.BO,2023-08-21 22:11:13.998650
230,2022-08-25 00:00:00+05:30,95.08206336843509,97.81542412828824,94.20348019826369,94.78919982910156,410901,0.0,0.0,2022-08-25,104.12412872314454,6.27496531405301,110.39909403719754,97.84916340909153,116.67405935125056,91.57419809503851,-73.2894656127739,-129.14549245065422,10443240,613351.0353776256,410389.5806607642,98.78477064753837,12.150594284354625,95.60270138521783,97.00192257217196,93.38997864214741,99.21464531524238,91.99075745519328,100.61386650219652,89.77803471212286,-0.0808294222546848,-81.40703787894216,-2.9899131371894327,-1.7495287707136762,-1.2403843664757566,32.13874587990912,28.458522211528965,95.94111633300781,104.12412872314454,103.45103729248046,110.05504234313965,DWARKESH.BO,2023-08-21 22:11:13.998650
231,2022-08-24 00:00:00+05:30,94.7403871237922,97.62017943808424,93.42250874311517,96.05825805664062,203044,0.0,0.0,2022-08-24,105.00027008056641,6.124484558172498,111.1247546387389,98.87578552239391,117.2492391969114,92.75130096422141,-94.19414133264587,-132.2470922397244,10854141,307141.0853885261,359649.2169815488,98.80541251430628,13.307584163044453,95.70031541261335,97.97812208211153,93.78045138714246,99.89798610758241,91.50264471764429,102.17579277708059,89.5827806921734,-0.023207158347949126,-78.16596290256378,-2.7561923341691568,-1.439432679094737,-1.3167596550744198,33.89512586821449,27.721077591555584,97.4639907836914,105.00027008056641,103.49399017333984,110.32447402954102,DWARKESH.BO,2023-08-21 22:11:13.998650
232,2022-08-23 00:00:00+05:30,91.76297361161065,95.66778099933876,91.17725399301723,95.13086700439453,549909,0.0,0.0,2022-08-23,105.83004188537598,5.971519276820486,111.80156116219646,99.85852260855549,117.77308043901695,93.887003331735,-168.22074391201187,-161.0721029825454,10651097,823806.7190376,372776.24987980444,98.81244350104896,5.478148787738078,93.99196733225017,96.80668067148311,92.31615366516158,98.4824943385717,89.50144032592864,101.29720767780464,87.82562665884005,-0.0460708717800628,-82.31443120429678,-2.5401813991634157,-1.110242765326132,-1.4299386338372837,31.34381263805524,26.835589958829488,98.83067474365234,105.83004188537598,103.52620498657227,110.54704803466797,DWARKESH.BO,2023-08-21 22:11:13.998650
233,2022-08-22 00:00:00+05:30,96.25350031518471,97.81542177579742,93.22727608877965,93.86180877685547,253668,0.0,0.0,2022-08-22,106.72082595825195,5.609316519138058,112.33014247739001,101.11150943911389,117.93945899652806,95.50219291997584,-262.46535045197146,-154.4476365742293,10101188,374945.07316096144,260018.6325903555,98.8381408627085,6.0471988550094835,94.9681688804775,96.70906167217537,92.1209159851576,99.55631456749528,90.38002319345973,101.29720735919314,87.53277029813982,-0.19624187786947267,-97.09820795267032,-2.1338003802733,-0.752758106866811,-1.3810422734064889,27.810856235253922,24.952563721455995,100.33402557373047,106.72082595825195,103.66775421142579,110.80086051940918,DWARKESH.BO,2023-08-21 22:11:13.998650
234,2022-08-19 00:00:00+05:30,102.40357121081915,102.40357121081915,98.84043311989424,99.86544799804688,189650,0.0,0.0,2022-08-19,107.71655197143555,4.933348384806371,112.64990035624191,102.78320358662918,117.5832487410483,97.8498552018228,-138.6076923776607,-77.6253941290991,10354856,298250.47844157927,231287.022447704,98.85421543844514,28.146416897386587,100.36981744292008,101.89920176594592,98.33606367502101,103.93295553384499,96.80667935199517,105.46233985687083,94.7729255840961,-0.17107970534644673,-94.08449003685608,-1.4561962142809932,-0.4074975385151888,-1.0486986757658046,35.91958448525506,23.270842786596944,102.19857025146484,107.71655197143555,103.84249420166016,111.06443496704101,DWARKESH.BO,2023-08-21 22:11:13.998650
235,2022-08-18 00:00:00+05:30,103.47739259154528,103.57501128366965,101.81785248194447,102.40357208251953,146270,0.0,0.0,2022-08-18,108.30227317810059,4.6387647054034575,112.94103788350405,103.66350847269713,117.57980258890751,99.02474376729367,-64.54991820011719,-42.1269641408282,10544506,235875.81563042288,214546.15844923514,98.85176739871592,37.77452150984015,102.59881194937789,103.37977141681131,101.62261261508613,104.35597075110307,100.8416531476527,105.13693021853649,99.86545381336094,-0.15741499207552972,-89.24047042821151,-1.1578614672675656,-0.14532286957373758,-1.012538597693828,40.569388286901706,22.71656666171183,102.78429107666015,108.30227317810059,103.89813766479492,111.31971168518066,DWARKESH.BO,2023-08-21 22:11:13.998650
236,2022-08-17 00:00:00+05:30,102.20833208360345,103.23334701895166,101.8666629210971,102.89167785644531,53061,0.0,0.0,2022-08-17,108.67322998046875,4.434372267288004,113.10760224775674,104.23885771318075,117.54197451504476,99.80448544589274,-73.6136157859176,-35.36296430596606,10690776,85974.31559032491,209213.7441539382,98.84512338469189,39.058219371656996,102.66389593216469,103.46112894323228,102.09444484537772,104.03058003001925,101.29721183431013,104.82781304108684,100.72776074752316,-0.16638919064696228,-86.0758827509483,-1.0083259969519673,0.10781177984971943,-1.1161377768016867,41.53248277591367,23.073132365308894,102.56952667236328,108.67322998046875,104.02797256469727,111.54814292907714,DWARKESH.BO,2023-08-21 22:11:13.998650
237,2022-08-16 00:00:00+05:30,104.45359300217287,104.45359300217287,101.524987590897,102.64762115478516,161491,0.0,0.0,2022-08-16,109.05394821166992,4.234217879428341,113.28816609109826,104.81973033224158,117.5223839705266,100.58551245281323,-76.12745149164955,-26.454907857616387,10637715,261041.9231398552,240023.60129484147,98.84237560550956,38.21183229013846,102.87540058261834,104.22581357433968,101.29720816306381,105.80400599389421,99.94679517134247,107.15441898561555,98.36860275178795,-0.18508612254975465,-87.65820132180929,-0.84966863773829,0.38684622405014113,-1.2365148617884312,40.89432198055239,23.281226782544657,103.13572387695312,109.05394821166992,104.11973541259766,111.78682426452637,DWARKESH.BO,2023-08-21 22:11:13.998650
238,2022-08-12 00:00:00+05:30,102.89167608036102,104.2583601546243,101.96427985776175,103.18453216552734,95338,0.0,0.0,2022-08-12,109.50056076049805,3.9867770248512366,113.48733778534928,105.51378373564681,117.47411481020052,101.52700671079558,-83.7166234932347,-20.373498834859383,10799206,154915.07580882162,234769.02083358803,98.83449516515444,38.28486570885328,103.13572405930445,104.30716826084715,102.0130879639846,105.429804356167,100.8416437624419,106.6012485577097,99.71900766712206,-0.13672405743381108,-84.17718950194086,-0.6096294854339561,0.6959749394972489,-1.305604424931205,41.84864343455047,23.505328462644712,103.60430145263672,109.50056076049805,104.18123626708984,112.02550567626953,DWARKESH.BO,2023-08-21 22:11:13.998650
239,2022-08-11 00:00:00+05:30,102.50118860601764,104.69764264757517,102.40356991595858,102.79405212402344,127184,0.0,0.0,2022-08-11,109.69580116271973,3.749756630063529,113.44555779278326,105.9460445326562,117.19531442284679,102.19628790259267,-97.92050250675666,-16.076990640324738,10703868,205879.69359698807,254732.5070897796,98.82917028597049,38.0512160656232,103.29842156251907,104.19327320907955,101.89920047746297,105.59249429413565,101.00434883090249,106.48734594069613,99.60512774584639,-0.13683699791551765,-86.70882996507619,-0.34594742050478544,1.0223760457300501,-1.3683234662348356,40.92409812537483,23.881063321100413,104.277880859375,109.69580116271973,104.30033294677735,112.21928176879882,DWARKESH.BO,2023-08-21 22:11:13.998650
240,2022-08-10 00:00:00+05:30,104.94169375052645,106.01551424352424,100.74402302137392,101.32975006103516,94672,0.0,0.0,2022-08-10,109.94229202270508,3.4196955959693387,113.36198761867442,106.52259642673573,116.78168321464375,103.1029008307664,-140.71756921796597,-21.148501883348903,10576684,151067.68385977438,266945.71046297747,98.82268508742152,41.44791998450749,102.69642910864444,104.64883519591496,99.37734397376464,107.96792033079475,97.42493788649412,109.92032641806527,94.10585275161432,-0.14456571819175526,-96.33024068390976,0.035343521567895664,1.3644569122887589,-1.3291133907208632,37.46809965594371,24.415885418278453,105.44932403564454,109.94229202270508,104.43992980957032,112.39548622131348,DWARKESH.BO,2023-08-21 22:11:13.998650
241,2022-08-08 00:00:00+05:30,104.30716672089669,106.55243396660825,104.30716672089669,105.72266387939453,137452,0.0,0.0,2022-08-08,110.3303321838379,2.7694776052887313,113.09980978912662,107.56085457854917,115.86928739441535,104.79137697326044,-128.42898454843686,11.010661339316961,10671356,228840.14184138272,295915.2171137782,98.81962892253767,50.48658735096481,105.52742152229983,106.74767632370298,104.50240907799142,107.77268876801139,103.28215427658827,108.99294356941454,102.25714183227986,-0.12799599972570225,-84.26960215721743,0.6671875290375198,1.6967352599689747,-1.029547730931455,44.782897969869616,24.99184767677788,107.54815826416015,110.3303321838379,104.55902648925782,112.58730987548829,DWARKESH.BO,2023-08-21 22:11:13.998650
242,2022-08-05 00:00:00+05:30,106.55243046029486,107.9679201243842,103.67263061401029,104.99050903320312,153538,0.0,0.0,2022-08-05,110.45235710144043,2.6046348840620244,113.05699198550245,107.8477222173784,115.66162686956447,105.24308733331638,-184.74426675860096,12.7752234556407,10533904,253851.0522035931,312683.98593187705,98.80738980513743,50.20298570066984,105.54368659053254,107.4147425670548,103.1194530566809,109.83897610090645,101.24839708015864,111.7100320774287,98.82416354630699,-0.10927481868410838,-89.88760221974492,1.0333949727164793,1.9541221927018384,-0.9207272199853591,43.06664572900338,26.69972104549137,108.85626831054688,110.45235710144043,104.54535949707031,112.7820620727539,DWARKESH.BO,2023-08-21 22:11:13.998650
243,2022-08-04 00:00:00+05:30,110.60366820591744,110.60366820591744,106.06432829354009,106.55242919921875,130393,0.0,0.0,2022-08-04,110.35717735290527,2.8389686586850846,113.19614601159036,107.51820869422018,116.03511467027543,104.6792400355351,-199.7749923943243,36.66059723698916,10687442,218791.61805218336,327392.21936394804,98.79511983692002,56.10501232090999,107.74014189955876,109.41595550557744,104.87661559320009,112.27948181193612,103.2008019871814,113.9552954179548,100.33727568082273,-0.10513086963382902,-95.41284686669837,1.558700132086173,2.184303997698178,-0.6256038656120051,45.89747276853583,28.53896928872128,110.77938537597656,110.35717735290527,104.49069213867188,112.9929216003418,DWARKESH.BO,2023-08-21 22:11:13.998650
244,2022-08-03 00:00:00+05:30,113.53227721589398,113.53227721589398,107.67506616326652,108.6512680053711,145323,0.0,0.0,2022-08-03,110.11800804138184,3.3345955515092904,113.45260359289114,106.78341248987255,116.78719914440042,103.44881693836327,-165.80077854227423,61.82754170486148,10817835,248646.41457275674,354542.36969188915,98.7820244644535,61.25789644091436,109.95287046151054,112.23067475975456,106.3734637071271,115.810081514138,104.09565940888308,118.08788581238203,100.51625265449964,-0.0678624310651997,-82.91452571743517,2.0538077798975536,2.3407049641011795,-0.28689718420362587,50.0061880795156,30.131754625639445,111.9508285522461,110.11800804138184,104.37354797363281,113.08614883422851,DWARKESH.BO,2023-08-21 22:11:13.998650
245,2022-08-02 00:00:00+05:30,111.57987074917311,113.5322743846944,110.11556802253214,111.82392120361328,129784,0.0,0.0,2022-08-02,109.70556259155273,3.9743341525101052,113.67989674406284,105.73122843904262,117.65423089657294,101.75689428653253,-66.9344285368875,85.01261337767252,10963158,228543.52400852257,381016.3584716723,98.7634212261539,62.531271499794386,111.82392120361328,113.53227438469442,110.11556802253216,115.24062756577554,108.40721484145102,116.94898074685668,106.6988616603699,-0.03853657470921125,-44.05287633364027,2.4498734802031947,2.412429260152086,0.0374442200511087,57.1812604527147,31.238668455799345,112.32178344726563,109.70556259155273,104.14218795776367,113.19157859802246,DWARKESH.BO,2023-08-21 22:11:13.998650
246,2022-08-01 00:00:00+05:30,108.89532066711995,115.09420100022311,108.89532066711995,112.26321411132812,259798,0.0,0.0,2022-08-01,109.1393653869629,4.436422708290589,113.57578809525349,104.7029426786723,118.01221080354406,100.26651997038172,-26.444237335716366,90.08096709105395,11092942,459289.2946541615,419134.56708745967,98.7413978954229,62.21893047116708,112.08424525955706,115.27316985199418,109.07428951889102,118.28312559266023,105.8853649264539,121.47205018509734,102.87540918578786,-0.06939991387015765,-40.08810210368446,2.6073800318251585,2.403068205139309,0.20431182668584968,58.258647285233444,31.40627063647178,112.41940460205078,109.1393653869629,104.04847259521485,113.09249412536622,DWARKESH.BO,2023-08-21 22:11:13.998650
247,2022-07-29 00:00:00+05:30,114.41084952901241,116.16801577192088,111.14057494432662,114.60609436035156,503480,0.0,0.0,2022-07-29,108.53412017822265,4.798736529892574,113.33285670811523,103.73538364833007,118.1315932380078,98.9366471184375,96.97826222437487,115.32562156211935,11352740,908663.2911328522,409095.8851957842,98.69560044354508,71.04110889030679,113.9715616921997,116.80254844007278,111.77510761247852,118.99900251979396,108.94412086460544,121.82998926766705,106.74766678488426,-0.07467642371993528,-18.94277725990095,2.7262666936446323,2.351990248467846,0.37427644517678615,64.23548470145947,31.58676529258056,112.49750061035157,108.53412017822265,104.06799652099609,112.91189674377442,DWARKESH.BO,2023-08-21 22:11:13.998650
248,2022-07-28 00:00:00+05:30,111.28701145787292,114.11799832663024,110.79891053042611,112.4096450805664,242006,0.0,0.0,2022-07-28,107.76048049926757,5.010860526959459,112.77134102622703,102.74961997230811,117.7822015531865,97.73875944534865,26.51737317025375,103.38755587251423,10849260,428393.3863384289,284204.0337115172,98.59047777682345,67.86521680054688,112.44218464587425,114.08545876132239,110.76637096511826,115.76127244207838,109.12309684967012,117.40454655752652,107.44728316891413,-0.1298858672082608,-31.999996167221763,2.606432369575657,2.258421137173649,0.34801123240200793,60.71715869715914,30.78394720079598,112.16559143066407,107.76048049926757,104.11875900268555,112.69273941040039,DWARKESH.BO,2023-08-21 22:11:13.998650
249,2022-07-27 00:00:00+05:30,112.31202179650793,112.40964048844359,109.82270418909037,110.50604248046875,58639,0.0,0.0,2022-07-27,107.06737670898437,5.285137481825319,112.35251419080969,101.78223922715905,117.637651672635,96.49710174533374,-22.0403823762842,87.80531637819556,10607254,102043.56641729307,248156.69555478924,98.54645069199299,67.41469518915186,110.91279571933423,112.00288724957808,109.41595095022487,113.49973201868744,108.32585941998101,114.58982354893129,106.82901465087166,-0.15289640545886973,-41.233830424647216,2.629833696321114,2.171418329073147,0.45841536724796716,57.35264691767322,30.334524028909385,112.43892822265624,107.06737670898437,104.14804504394532,112.48236785888672,DWARKESH.BO,2023-08-21 22:11:13.998650
250,2022-07-26 00:00:00+05:30,112.5072643704168,114.16680455336505,111.4822494382358,112.31202697753906,97554,0.0,0.0,2022-07-26,106.55975227355957,5.423235733624944,111.98298800718452,101.13651653993462,117.40622374080945,95.71328080630968,52.877707213170694,109.98337242980759,10665893,172537.85484515756,284684.9778391633,98.53721115466642,70.95887371343845,112.65369365637997,113.82513787452415,111.14058275939489,115.33824877150923,109.96913854125071,116.5096929896534,108.45602764426563,-0.1470290948553289,-25.641016567199507,2.8074245344166258,2.056814487261155,0.7506100471554706,62.05407453562169,30.228941633052766,112.65369415283203,106.55975227355957,104.26518936157227,112.26809158325196,DWARKESH.BO,2023-08-21 22:11:13.998650
251,2022-07-25 00:00:00+05:30,113.14179507425,114.31323430652152,111.57987361527832,112.65369415283203,142895,0.0,0.0,2022-07-25,105.96426887512207,5.412223244985035,111.3764921201071,100.55204563013704,116.78871536509214,95.139822385152,73.09094944875424,117.42576801611705,10763447,253498.57238852401,312721.75858766463,98.5194840937576,71.81707330157141,112.84893402487728,114.11799443447624,111.38463374323304,115.58229471612049,110.11557333363407,116.85135512571945,108.65127305198983,-0.12514755267698932,-22.802207368230636,2.814395777654454,1.869161975472287,0.9452338021821669,62.95422861449724,29.352424660019004,112.15583038330078,105.96426887512207,104.34523788452148,112.01135040283204,DWARKESH.BO,2023-08-21 22:11:13.998650
252,2022-07-22 00:00:00+05:30,114.89895211690188,115.24062871478786,112.06797277543265,112.94654846191406,100515,0.0,0.0,2022-07-22,105.33949966430664,5.3197994913369175,110.65929915564357,100.01970017296972,115.97909864698047,94.69990068163281,111.77924949315297,131.8772692083682,10906342,178779.1582763402,327527.55513744976,98.49279008071873,78.37524850799093,113.41838331737819,114.76879385932372,111.59613791996851,116.5910392567334,110.24572737802298,117.94144979867893,108.4234819806133,-0.15827425731055808,-21.153891310906285,2.7470296812383594,1.632853524926745,1.1141761563116144,63.68591392099646,28.363493086356925,111.72630004882812,105.33949966430664,104.27299880981445,111.72922805786133,DWARKESH.BO,2023-08-21 22:11:13.998650
253,2022-07-21 00:00:00+05:30,113.1906019699789,116.70493460195323,112.55607672326656,113.77632904052734,245202,0.0,0.0,2022-07-21,104.80258865356446,5.046502907425138,109.84909156098959,99.75608574613932,114.89559446841473,94.70958283871418,153.5704762681092,155.16125803142276,11006857,439328.09055491054,364714.6543527271,98.47356295800157,82.40261006354223,114.34578012191571,116.13548352056486,111.98662564187819,118.49463800060238,110.19692224322904,120.28434139925153,107.83776776319152,-0.09509916073242825,-15.503872060829291,2.590317289762126,1.3543094858488414,1.2360078039132847,65.71576610468603,27.084653495007256,111.45296478271484,104.80258865356446,104.04944869995117,111.38462882995606,DWARKESH.BO,2023-08-21 22:11:13.998650
254,2022-07-20 00:00:00+05:30,110.01794324531947,114.50847762090713,109.5298423303929,111.57987213134766,354806,0.0,0.0,2022-07-20,103.78733863830567,5.186680427230939,108.97401906553661,98.60065821107473,114.16069949276755,93.41397778384379,98.40318017076756,133.7814748689676,10761655,623433.1080265928,346061.2953021812,98.42374244506301,78.45966153229055,111.87273069421589,114.21561905803888,109.23698376752465,116.85136598473012,106.89409540370166,119.19425434855312,104.25834847701041,-0.08998903593439596,-17.045450563343103,2.2687098938456245,1.04530753487052,1.2234023589751044,62.79729461009129,25.501253155932616,110.11556701660156,103.78733863830567,103.79173126220704,111.11031600952148,DWARKESH.BO,2023-08-21 22:11:13.998650
255,2022-07-19 00:00:00+05:30,111.18939220950939,111.28701090494792,109.3834202764949,109.82270812988281,147138,0.0,0.0,2022-07-19,102.86970863342285,5.356166908913578,108.22587554233642,97.51354172450927,113.58204245125,92.15737481559569,70.41575510175947,119.54399521304954,10406849,254466.165010127,276718.3421210783,98.36147169364466,71.74788265082375,110.16437977044188,110.94533926438886,109.04174863593585,112.0679703988949,108.26078914198887,112.84892989284188,107.13815800748283,-0.053912679661361845,-19.496822789850665,2.038898303858929,0.7394569451267441,1.2994413587321847,60.28592421489107,24.13305526923276,109.34436645507813,102.86970863342285,103.61113388061523,110.79695518493652,DWARKESH.BO,2023-08-21 22:11:13.998650
256,2022-07-18 00:00:00+05:30,112.2632087266257,112.84892832606843,109.3346032815833,110.50604248046875,181109,0.0,0.0,2022-07-18,102.01797256469726,5.543463588483148,107.56143615318041,96.47450897621411,113.10489974166356,90.93104538773096,92.90725501569383,133.16146918240796,10553987,315165.81575861684,282281.38639881613,98.3389306186775,79.03320818863264,110.89652469604016,112.45844611049702,108.94412106601189,114.4108497405253,107.38219965155503,115.97277115498215,105.42979602152676,0.036346940823040214,-15.094351100452645,1.886831460704144,0.41459660544369775,1.4722348552604463,61.78219834137097,23.22100716566074,109.19793548583985,102.01797256469726,103.54084732055664,110.52996398925781,DWARKESH.BO,2023-08-21 22:11:13.998650
257,2022-07-15 00:00:00+05:30,106.99171906234047,112.16559173969377,106.99171906234047,111.57987213134766,169248,0.0,0.0,2022-07-15,100.83432807922364,6.1318019953451,106.96613007456874,94.70252608387854,113.09793206991384,88.57072408853344,98.20792941643079,119.38839392795778,10735096,297387.32340288715,274060.2790588659,98.30940503784652,71.7296149461737,110.24572764446062,113.49973622658077,108.32586354922746,115.41960032181392,105.07185496710731,118.67360890393407,103.15199087187416,0.0030816106855123455,-3.947357710861264,1.5962533851573255,0.046537891628586125,1.5497154935287394,64.10702761442599,22.238801515660107,108.72935943603515,100.83432807922364,103.56818099975585,110.29762802124023,DWARKESH.BO,2023-08-21 22:11:13.998650
258,2022-07-14 00:00:00+05:30,107.82149159912976,108.3584055969852,105.62503743162331,107.08934020996094,89952,0.0,0.0,2022-07-14,100.04360427856446,5.675911195864141,105.7195154744286,94.36769308270031,111.39542667029274,88.69178188683618,62.80330789360248,66.58603364766823,10565848,151694.59756535996,268228.5179728606,98.2792425847737,72.52563734482763,107.02426107952316,108.423484727423,105.69011656206112,109.75762924488504,104.29089291416128,111.15685289278488,102.95674839669924,-0.015373837931981979,-33.554812901622604,1.0942837866788864,-0.3408909817535988,1.4351747684324851,57.94001725146648,21.29972734720686,107.03076782226563,100.04360427856446,103.6794679260254,110.07505393981934,DWARKESH.BO,2023-08-21 22:11:13.998650
259,2022-07-13 00:00:00+05:30,110.70128785320685,111.14057569297866,107.28458148395866,107.72386932373047,147603,0.0,0.0,2022-07-13,99.4554428100586,5.514559969237827,104.97000277929642,93.94088284082078,110.48456274853426,88.42632287158294,113.55909108738675,84.43713594511716,10655800,250391.84272548248,297361.99807473575,98.26858709552758,78.01041488079625,108.71634216688926,110.14810284981986,106.29210864079987,112.57233637590926,104.86034795786927,114.00409705883986,102.43611443177987,-0.04433089291273914,-24.376736181075074,0.8772798871471537,-0.6996846738617201,1.5769645610088738,59.26675763036493,21.006826166293827,105.96670837402344,99.4554428100586,103.9401138305664,109.90470672607422,DWARKESH.BO,2023-08-21 22:11:13.998650
260,2022-07-12 00:00:00+05:30,108.94412152126162,112.01915874097172,106.89409919073118,109.0905532836914,202305,0.0,0.0,2022-07-12,99.0039493560791,5.160237919961483,104.1641872760406,93.84371143611762,109.32442519600207,88.68347351615614,176.40018420457343,86.40917174183474,10803403,347541.6097430044,309104.53691204905,98.24978465184194,84.31947526097906,109.33460373846476,111.77510828619835,106.65004873595781,114.4596632887053,104.20954418822423,116.90016783643888,101.52498918571727,-0.018443827756404102,-15.345269789976404,0.523665513858063,-1.0939258141139385,1.6175913279720016,62.14001143145949,20.102474151459532,104.50240631103516,99.0039493560791,104.08361557006836,109.73533576965332,DWARKESH.BO,2023-08-21 22:11:13.998650
261,2022-07-11 00:00:00+05:30,103.47739062044465,110.50604058911698,103.2821532399149,108.16316223144531,258341,0.0,0.0,2022-07-11,98.39626388549804,4.594509114652943,102.99077300015098,93.80175477084511,107.58528211480393,89.20724565619216,238.36826314114762,56.284966034007084,10601098,440033.518843159,299495.2687043102,98.22015704266569,83.83228824744967,107.31711868682574,111.35208413373657,104.1281967845345,114.54100603602781,100.09323133762366,118.57597148293864,96.90430943533242,-0.04063006145337814,-11.7359133942959,-0.07160002851364311,-1.4983236461069387,1.4267236175932956,60.94657399109099,19.128556597022595,102.78429107666015,98.39626388549804,104.39209548950195,109.58744117736816,DWARKESH.BO,2023-08-21 22:11:13.998650
262,2022-07-08 00:00:00+05:30,102.45238136925197,105.33218130081488,101.67142435649436,103.0869140625,227089,0.0,0.0,2022-07-08,97.87155570983887,3.978303023700378,101.84985873353925,93.8932526861385,105.82816175723963,89.91494966243812,186.04651108028136,6.384325531457715,10342757,368648.6809763714,264360.7061695979,98.18533459867585,83.65274989754587,103.36350657326973,105.0555887900451,101.39483184572458,107.02426351759026,99.7027496289492,108.71634573436563,97.73407490140406,-0.09779353431861272,-12.365607386920896,-0.7413014900635773,-1.8550045505052624,1.113703060441685,53.514036733349954,18.341122907490462,101.18332061767578,97.87155570983887,104.74059936523437,109.46883270263672,DWARKESH.BO,2023-08-21 22:11:13.998650
263,2022-07-07 00:00:00+05:30,101.47617943431263,103.13572704974267,99.57258880395683,101.76904296875,164109,0.0,0.0,2022-07-07,97.82762641906739,3.922137183653473,101.74976360272086,93.90548923541391,105.67190078637434,89.98335205176043,116.49087995980032,-16.99218266207779,10115668,263003.2631606198,238288.7124679045,98.17019830848008,71.81145832979914,101.4924529408165,103.41231707767618,99.84917883189034,105.05559118660234,97.92931469503067,106.97545532346201,96.2860405861045,-0.0840082392244729,-13.539195435617703,-1.0875569281357258,-2.1334303156156835,1.0458733874799577,51.27665230148368,18.531702034579148,100.39259796142578,97.82762641906739,105.18867599487305,109.42099876403809,DWARKESH.BO,2023-08-21 22:11:13.998650
264,2022-07-06 00:00:00+05:30,101.28094216533124,101.28094216533124,98.93805623049512,100.40235900878906,76657,0.0,0.0,2022-07-06,97.86911468505859,3.970118837874319,101.83923352293291,93.89899584718427,105.80935236080722,89.92887700930996,32.05580138708414,-32.88859185760715,9951559,121201.72006561549,232110.07479472566,98.16214910210813,62.33902154155983,100.2071191348718,101.47618203924849,99.13329610441237,102.55000506970792,97.86423320003568,103.8190679740846,96.79041016957625,-0.06760865493521738,-20.190034730064355,-1.3846003444930801,-2.394898662485673,1.0102983179925928,48.906670940690105,19.264356833436008,99.74830322265625,97.86911468505859,105.74218246459961,109.37706962585449,DWARKESH.BO,2023-08-21 22:11:13.998650
265,2022-07-05 00:00:00+05:30,101.03689110648975,103.86787795073015,99.42615657029874,100.4999771118164,242055,0.0,0.0,2022-07-05,97.9813777923584,4.075858097074966,102.05723588943337,93.90551969528343,106.13309398650833,89.82966159820847,73.88540880238394,-20.750192437085275,10028216,383083.16625548253,259837.16347700317,98.15980621125112,58.39200408896127,101.26467054428177,103.1031845182648,98.6614631378334,105.70639192471317,96.82294916385037,107.5449058986962,94.21974175740199,-0.10607015299260668,-19.714985388384694,-1.6093294747651612,-2.6474732419838207,1.0381437672186595,49.06844349450123,20.531163540230622,99.73854217529296,97.9813777923584,106.3454753112793,109.36291473388673,DWARKESH.BO,2023-08-21 22:11:13.998650
266,2022-07-04 00:00:00+05:30,97.81542396915435,102.01309497101686,97.81542396915435,100.15830993652344,111382,0.0,0.0,2022-07-04,98.40114479064941,4.728894423235345,103.13003921388476,93.67225036741407,107.8589336371201,88.94335594417872,47.224263994058205,-38.12314447299249,9786161,175677.05683263246,229025.66278238327,98.15205249807113,55.74161101678509,99.99560962556488,102.17579528197541,97.97812428011291,104.19328062742738,95.79793862370238,106.37346628383791,93.7804532782504,-0.06494902199059689,-21.377676648129935,-1.8822809854152212,-2.9070091837884853,1.0247281983732641,48.530945105185204,21.761280919501736,99.7190185546875,98.40114479064941,107.07079345703124,109.3155689239502,DWARKESH.BO,2023-08-21 22:11:13.998650
267,2022-07-01 00:00:00+05:30,98.40114939423287,99.57258863432865,97.32732140167786,99.13330078125,65437,0.0,0.0,2022-07-01,98.76722030639648,5.1377903296854015,103.90501063608188,93.62942997671108,109.04280096576728,88.49163964702568,33.37645482415007,-56.181884274518715,9674779,102154.14538335659,242362.81426982093,98.14898903667097,50.51436334125302,98.6777369390855,100.02815247649315,97.78288524384236,100.9230041717363,96.43246970643472,102.27341970914394,95.53761801119157,-0.03082666331085617,-26.365787555098507,-2.1695731827654043,-3.1631912333818013,0.993618050616397,46.95624407817648,23.316910880151923,99.7190185546875,98.76722030639648,107.7346109008789,109.27505653381348,DWARKESH.BO,2023-08-21 22:11:13.998650
268,2022-06-30 00:00:00+05:30,100.060685052387,100.89045509740203,98.10828144160872,98.54756927490234,87714,0.0,0.0,2022-06-30,99.09668846130371,5.368593342401607,104.46528180370532,93.7280951189021,109.83387514610693,88.3595017765005,48.0963372094885,-53.14944659949815,9609342,136121.86180607727,277414.981491437,98.14810523145006,48.47042888787976,99.18210193797103,100.25592243433333,97.47374877854003,101.96427559376433,96.39992828217773,103.03809609012663,94.69157512274673,-0.06958901352553937,-29.21619498837501,-2.4035740613115593,-3.4115957460359,1.0080216847243406,46.07875456402415,24.333370775994542,100.33402404785156,99.09668846130371,108.3603564453125,109.19988891601562,DWARKESH.BO,2023-08-21 22:11:13.998650
269,2022-06-29 00:00:00+05:30,98.98686968406075,102.79405841187638,98.54757438018062,100.35355377197266,183962,0.0,0.0,2022-06-29,99.62627830505372,5.81539983813231,105.44167814318602,93.81087846692141,111.25707798131833,87.9954786287891,81.743262355808,-41.10358354603331,9697056,290719.3416191638,312738.26141277695,98.14762387129146,53.08929553205723,100.56506218800989,102.58254999583916,98.3360659641434,104.81154621970565,96.31857815631413,106.82903402753492,94.08958193244764,-0.058003295002423634,-20.427540837037768,-2.609062627744592,-3.6636011672169846,1.0545385394723925,48.357596783796104,25.605798977288202,99.3187759399414,99.62627830505372,109.03588821411132,109.11251892089844,DWARKESH.BO,2023-08-21 22:11:13.998650
270,2022-06-28 00:00:00+05:30,100.06068985008629,101.42737393272645,98.93805623049512,100.40235900878906,156034,0.0,0.0,2022-06-28,100.09729537963867,6.243171802321221,106.3404671819599,93.85412357731744,112.58363898428111,87.61095177499622,83.09406173240332,-47.09647905146926,9881018,246704.00861915085,318242.9913611802,98.14203476550027,46.99075264993834,100.25592972400354,101.57380321751195,99.08448551528062,102.74524742623487,97.7666120217722,104.06312091974328,96.59516781304929,-0.027074003565006884,-20.190034730064355,-3.0104811196658403,-3.9272358020850824,0.9167546824192421,48.41902052579421,27.07264836342734,97.89351959228516,100.09729537963867,109.68701446533203,109.03491081237793,DWARKESH.BO,2023-08-21 22:11:13.998650
271,2022-06-27 00:00:00+05:30,103.47739776964389,104.55121833240455,99.18210807077209,100.15830993652344,249108,0.0,0.0,2022-06-27,100.44140663146973,6.447204585535456,106.88861121700519,93.99420204593427,113.33581580254065,87.54699746039881,116.33339616179158,-40.17619274564628,9724984,392905.1397305076,336127.7370466875,98.13716680775546,46.619149951424944,101.29721211323336,103.41231615569463,98.04320589406217,106.66632237486581,95.9281018516009,108.78142641732708,92.67409563242971,-0.021723762306868632,-36.10037088856709,-3.4836116573474527,-4.156424472689893,0.6728128153424402,48.125334403542126,28.316905699371986,96.37064514160156,100.44140663146973,110.28542602539062,108.96120758056641,DWARKESH.BO,2023-08-21 22:11:13.998650
272,2022-06-24 00:00:00+05:30,94.69157716276581,103.77025712760583,94.39871363570818,102.20832824707031,240605,0.0,0.0,2022-06-24,100.68545684814453,6.527802455795893,107.21325930394042,94.15765439234863,113.74106175973631,87.62985193655274,106.2533830333004,-54.34482480409191,9974092,387261.1942486206,321933.3863757324,98.13019352349336,44.0856899424019,100.12576633679477,105.85281903788136,96.4812755459837,109.49730982869242,90.75422284489711,115.22436252977901,87.10973205408605,0.026236071953585585,-31.18083516016884,-4.012544987756897,-4.324627676525503,0.3120826887686059,50.401452702803496,29.703710685090986,93.70561370849609,100.68545684814453,110.9141000366211,108.86602783203125,DWARKESH.BO,2023-08-21 22:11:13.998650
273,2022-06-23 00:00:00+05:30,93.4225156628855,95.13086892958906,92.93441472954163,93.47132873535156,143675,0.0,0.0,2022-06-23,100.68789749145508,6.528410897691396,107.21630838914648,94.15948659376367,113.74471928683786,87.63107569607229,-35.79301742895159,-112.83121273923697,9733487,211481.6399947351,305601.4344075104,98.11655810404554,35.034541600825136,93.84553746482742,94.7566602001132,92.56020600006578,96.04199166487484,91.64908326477999,96.95311440016063,90.36375180001835,-0.013297540715225572,-64.2066449584831,-4.830839540035626,-4.402648348717654,-0.4281911913179721,38.97531334973349,31.021365684305984,92.41702728271484,100.68789749145508,111.57694091796876,108.72301429748535,DWARKESH.BO,2023-08-21 22:11:13.998650
274,2022-06-22 00:00:00+05:30,91.86058802216579,94.20347383509132,90.54271707984165,93.2272720336914,158906,0.0,0.0,2022-06-22,101.04909210205078,6.304112217725268,107.35320431977604,94.74497988432552,113.65731653750132,88.44086766660024,-70.6836055218102,-126.30213149695192,9589812,233290.105428413,329131.38301070424,98.12585116141089,29.2541623197978,92.6578209828748,94.77292488590794,91.11216813065828,96.31857773812446,88.99706422762513,98.4336816411576,87.45141137540861,0.09619142572245602,-65.5737986598525,-4.9448479233893465,-4.29560055088816,-0.6492473725011862,38.61472650301399,30.098134741414217,92.78798370361328,101.04909210205078,112.39597412109374,108.62929893493653,DWARKESH.BO,2023-08-21 22:11:13.998650
275,2022-06-21 00:00:00+05:30,87.17482624286843,93.37370636276212,87.17482624286843,92.7879867553711,275598,0.0,0.0,2022-06-21,101.24189186096191,6.108226761191143,107.35011862215306,95.13366509977077,113.4583453833442,89.02543833857963,-116.22033369033883,-142.1867477316379,9430906,402699.2871282034,353091.702406277,98.1367139836817,29.211174280059225,91.11217312033388,95.04951999779932,88.85063987790564,97.31105324022757,84.91329300044019,101.24840011769301,82.65175975801195,-0.005057673013637042,-67.79964473881684,-4.991855376559172,-4.133288707762863,-0.8585666687963096,37.990968657360995,28.79904944051473,93.88132934570312,101.24189186096191,113.3233659362793,108.60342956542969,DWARKESH.BO,2023-08-21 22:11:13.998650
276,2022-06-20 00:00:00+05:30,95.76540131074371,95.86302000751866,84.00217332537667,86.8331527709961,332989,0.0,0.0,2022-06-20,101.95940017700195,5.902271062763725,107.86167123976568,96.05712911423822,113.7639423025294,90.1548580514745,-174.02560378435894,-160.08622297094345,9155308,455332.34758811205,340689.8062257954,98.1573645647237,27.413319593333355,88.89944870129715,93.79672407721762,81.93587739507564,100.76029538343913,77.03860201915516,105.6575707593596,70.07503071293365,-0.0682653526665213,-89.62434786347261,-4.933142044850214,-3.9186470405637848,-1.0144950042864296,28.92179103291771,27.1336198133435,94.71110076904297,101.95940017700195,114.17656616210938,108.62344169616699,DWARKESH.BO,2023-08-21 22:11:13.998650
277,2022-06-17 00:00:00+05:30,96.44874185419476,98.10828195287306,92.05583370705119,95.76539611816406,279494,0.0,0.0,2022-06-17,103.27971305847169,5.258927338200484,108.53864039667216,98.0207857202712,113.79756773487266,92.76185838207071,-104.55829829450899,-115.31043186425742,9488297,421496.66813198605,312029.1708852162,98.21043764368079,35.75697021911239,95.30983725936278,98.56384081167437,92.5113925658525,101.36228550518464,89.25738901354092,104.61628905749623,86.45894432003064,-0.058302270770579444,-80.71068092387544,-4.196765689203318,-3.6650232894921775,-0.5317423997111401,36.3260360139594,25.340080214851408,96.87826995849609,103.27971305847169,115.00048049926758,108.69519256591796,DWARKESH.BO,2023-08-21 22:11:13.998650
278,2022-06-16 00:00:00+05:30,100.84165270656337,100.84165270656337,93.08084363638407,95.32611083984375,256002,0.0,0.0,2022-06-16,104.3486541748047,5.796445673841103,110.1450998486458,98.55220850096359,115.9415455224869,92.75576282712248,-109.64340140136026,-110.69929070864711,9208803,384298.13818623306,284662.2965735237,98.22009385863403,50.2526384499699,96.41620239426373,99.7515611521434,91.9907520819641,104.17701146444303,88.65539332408444,107.51237022232269,84.22994301178481,-0.04897287060130405,-87.66754346973555,-4.070084083373416,-3.532087689564392,-0.5379963938090242,35.5713766208531,24.34481116939799,98.16685638427734,104.3486541748047,115.62232101440429,108.65028732299805,DWARKESH.BO,2023-08-21 22:11:13.998650
279,2022-06-15 00:00:00+05:30,100.54878514907769,100.54878514907769,97.32731623798549,98.69400024414062,85292,0.0,0.0,2022-06-15,105.27604598999024,5.760576875707754,111.03662286569799,99.51546911428248,116.79719974140575,93.75489223857473,-84.71362921271464,-97.19732706230995,9464805,132559.87860140746,259753.33617034636,98.23060043883787,59.085616389086766,98.85670054373459,100.3860848494837,97.16461593839149,102.07816945482679,95.63523163264239,103.6075537605759,93.94314702729929,-0.02602603668390883,-85.14853232876375,-3.802962354811555,-3.397588591112136,-0.40537376369941924,38.84572485147203,23.41492721541838,99.62139587402343,105.27604598999024,116.18461318969726,108.64443016052246,DWARKESH.BO,2023-08-21 22:11:13.998650
280,2022-06-14 00:00:00+05:30,97.66899523833118,99.5725858114779,96.49754858361649,96.93684387207031,155743,0.0,0.0,2022-06-14,106.15950889587403,6.045848905322966,112.205357801197,100.11365999055106,118.25120670651995,94.0678110852281,-129.0332474558245,-109.00437105746903,9379513,237744.48921383626,291551.70056258107,98.2300392463933,47.190763308823975,97.66899275572156,98.84043692782663,95.76539969996523,100.74402998358296,94.59395552786016,101.91547415568803,92.69036247210383,-0.012198919959524388,-83.0508510031822,-3.7350310322303812,-3.296245150187281,-0.4387858820431001,35.988253033443016,23.048975465765167,100.41212005615235,106.15950889587403,116.65904739379883,108.59269157409668,DWARKESH.BO,2023-08-21 22:11:13.998650
281,2022-06-13 00:00:00+05:30,98.59638750276999,101.47618000020441,96.88803425395962,97.66899871826172,175053,0.0,0.0,2022-06-13,107.12838935852051,6.0427609839390595,113.17115034245957,101.08562837458145,119.21391132639863,95.04286739064239,-155.8010695114144,-106.56829505506695,9535256,269239.8505336597,305003.5033997673,98.23290528335147,43.53003820883287,98.67773765747525,100.46744106099088,95.87929531474609,103.26588340372004,94.08959191123046,105.05558680723567,91.2911495685013,0.04625345879873941,-78.81354151860596,-3.4184136957334488,-3.1865486796765055,-0.23186501605694332,36.64777343684855,22.37355549913959,102.80381469726562,107.12838935852051,117.15495788574219,108.54192901611329,DWARKESH.BO,2023-08-21 22:11:13.998650
282,2022-06-10 00:00:00+05:30,100.5487881212874,103.86787582068209,100.45116942821116,102.20832824707031,161248,0.0,0.0,2022-06-10,107.69702644348145,5.626526104899782,113.32355254838123,102.07050033858167,118.95007865328101,96.44397423368189,-121.11949473752895,-87.29112522869607,9710309,259533.64664159753,313944.4166162941,98.23431349848153,40.39662390000357,102.17579116532119,103.90041290243121,100.48370650996029,105.59249755779211,98.75908477285026,107.31711929490214,97.06700011748936,0.0833362825112564,-58.823555715874576,-3.0333595725595046,-3.128582425662269,0.09522285310276457,40.985319554281965,21.702350812299677,104.76597900390625,107.69702644348145,117.56789108276367,108.42722526550293,DWARKESH.BO,2023-08-21 22:11:13.998650
283,2022-06-09 00:00:00+05:30,101.5249877918797,103.13572226083583,99.81663463192018,102.59880828857422,145641,0.0,0.0,2022-06-09,107.67506217956543,5.649888940598607,113.32495112016403,102.02517323896683,118.97484006076265,96.37528429836821,-131.98482817815156,-92.63779601085444,9871557,235309.25886185735,327547.1091099683,98.2251509502876,35.393398907622384,101.85038839377675,103.88414215563333,100.56505452671767,105.16947602269241,98.5313007648611,107.20322978454898,97.24596689780202,-0.009513135752778498,-63.86039565894937,-2.9414687991731228,-3.15238813893796,0.21091933976483723,41.37595224415359,21.508570444034117,105.46884613037109,107.67506217956543,117.93396682739258,108.26127098083496,DWARKESH.BO,2023-08-21 22:11:13.998650
284,2022-06-08 00:00:00+05:30,109.28578895164658,109.28578895164658,101.72022497251724,102.64762115478516,170318,0.0,0.0,2022-06-08,107.58964462280274,5.742822726064944,113.33246734886768,101.8468218967378,119.07529007493262,96.10399917067285,-32.32862795391946,-78.65960388146746,10017198,275310.3161497166,350606.57167199603,98.21602398896334,43.30230024254853,104.55121169298299,107.38219841344873,99.8166344343194,112.11677567211233,96.98564771385365,114.94776239257807,92.25107045519006,-0.03803648397897075,-64.45784010294776,-2.8177094221951364,-3.205117973879169,0.38740855168403243,41.4229526951679,21.11435550478486,106.77695770263672,107.58964462280274,118.28637573242187,108.1026382446289,DWARKESH.BO,2023-08-21 22:11:13.998650
285,2022-06-07 00:00:00+05:30,108.65126662022188,110.45723851552597,106.0643302820587,108.89531707763672,118346,0.0,0.0,2022-06-07,107.58476371765137,5.747283839659517,113.33204755731089,101.83747987799185,119.0793313969704,96.09019603833234,69.78988527666463,-56.882761107016876,10187516,202943.82190652023,369430.63555256586,98.20518272873429,42.51993975951887,108.47229529174047,110.88026030142223,106.48735206795496,112.86520352520773,104.0793870582732,115.27316853488949,102.09444383448769,-0.02379623885251236,-38.75500331632333,-2.621374677551742,-3.301970111800177,0.6805954342484348,47.71403718445329,20.96737137154579,108.20221252441407,107.58476371765137,118.74128570556641,107.92301712036132,DWARKESH.BO,2023-08-21 22:11:13.998650
286,2022-06-06 00:00:00+05:30,104.84407828326869,108.5048351545572,103.23334377033596,107.47982025146484,214361,0.0,0.0,2022-06-06,107.45541687011719,5.745346638621702,113.20076350873889,101.7100702314955,118.9461101473606,95.96472359287378,26.14377860813028,-71.63277718989788,10069170,362815.43378244643,411052.33896407724,98.18698008125386,47.557513750971346,106.40599972545267,109.57865568056938,104.30716429634815,111.67749110967391,101.13450834123144,114.85014706479062,99.03567291212691,-0.07564969893326501,-47.024967313753436,-2.9455922972277477,-3.4721189703622852,0.5265266731345375,45.98327927959139,21.497952580953452,107.88006591796875,107.45541687011719,119.06831329345704,107.69751441955566,DWARKESH.BO,2023-08-21 22:11:13.998650
287,2022-06-03 00:00:00+05:30,110.79891054644357,110.79891054644357,104.55121718465539,105.72266387939453,175207,0.0,0.0,2022-06-03,107.67506217956543,5.829680405775677,113.5047425853411,101.84538177378975,119.33442299111678,96.01570136801408,18.143284606693587,-71.17560164946823,9854809,291697.42696798267,423111.5652594849,98.15823036401429,54.45233158137394,107.02426387016449,109.4973105556736,103.24961719388541,113.27195723195267,100.77657050837631,115.74500391746177,97.00192383209723,-0.1156636844610454,-53.93472945804889,-3.176653921398625,-3.6037506386459195,0.4270967172472946,43.843899960669724,21.62157227172837,107.39196472167968,107.67506217956543,119.45391311645508,107.44419006347657,DWARKESH.BO,2023-08-21 22:11:13.998650
288,2022-06-02 00:00:00+05:30,110.55485580581212,111.28700716876452,107.5286316618413,109.13936614990234,133215,0.0,0.0,2022-06-02,108.24613990783692,6.177415422987174,114.42355533082409,102.06872448484975,120.60097075381127,95.89130906186257,34.3772800833514,-60.747732499663734,10030016,228953.6669838274,455965.09983236046,98.13905397752863,60.96817665675402,109.31833499350273,111.10803832516416,107.34966281824094,113.07671050042595,105.55995948657952,114.86641383208737,103.59128731131773,-0.0675505544148177,-40.49904417565872,-3.2512984199226054,-3.710524817957743,0.45922639803513743,47.21831767729279,21.95831580749902,106.69886016845703,108.24613990783692,119.86977508544922,107.2406519317627,DWARKESH.BO,2023-08-21 22:11:13.998650
289,2022-06-01 00:00:00+05:30,107.96792332727783,110.79891018726721,106.40600185385134,109.77389526367188,170158,0.0,0.0,2022-06-01,108.79525337219238,6.724847068753163,115.52010044094554,102.07040630343921,122.2449475096987,95.34555923468605,20.621299684255053,-65.61268832929927,10163231,294147.04842097044,512717.9580444937,98.11781004294924,65.05363312494909,108.99293576826346,111.5798696826756,107.18696134925972,113.38584410167934,104.60002743484759,115.97277801609147,102.79405301584384,-0.005023112538524709,-38.00385062346949,-3.6340973057355654,-3.825331417466527,0.1912341117309615,47.84823763862555,22.795103252925728,105.0100311279297,108.79525337219238,120.13823059082031,106.86090942382812,DWARKESH.BO,2023-08-21 22:11:13.998650
290,2022-05-31 00:00:00+05:30,106.21076350757441,109.23698773159477,103.67263275727122,107.28458404541016,160139,0.0,0.0,2022-05-31,109.0515064239502,6.860381801552572,115.91188822550278,102.19112462239762,122.77227002705534,95.33074282084506,-16.9788153145765,-82.91113032909348,9993073,270549.9645177878,567360.6854503745,98.08898602417281,58.68668472598475,106.73140151142537,109.79017026557953,104.22581529125598,112.29575648574892,101.16704653710183,115.35452523990308,98.66146031693243,-0.054104167779362486,-47.792705329126015,-4.131625302477417,-3.873139945399267,-0.25848535707815,45.16339046103353,23.598269909777684,102.47190551757812,109.0515064239502,120.35104263305664,106.46017860412597,DWARKESH.BO,2023-08-21 22:11:13.998650
291,2022-05-30 00:00:00+05:30,104.16073114305946,106.74766745384179,103.08691063136553,105.03931427001953,426438,0.0,0.0,2022-05-30,109.91300468444824,7.661839907709907,117.57484459215814,102.25116477673834,125.23668449986805,94.58932486902843,-43.452713917504894,-99.08646629295941,9832934,705376.2340898473,641563.3656835211,98.06753547408123,50.52951711920732,104.95796411840895,106.82901760545238,103.16826078297612,108.61872094088521,101.2972072959327,110.48977442792864,99.50750396049986,-0.09582790192128193,-56.621902516309596,-4.460852082833597,-3.808518606129729,-0.652333476703868,42.68769664413441,24.1583199311344,102.44261932373047,109.91300468444824,120.61559326171874,106.08873374938965,DWARKESH.BO,2023-08-21 22:11:13.998650
292,2022-05-27 00:00:00+05:30,101.72022713069096,103.67263077963189,100.79283837657556,102.25714111328125,208971,0.0,0.0,2022-05-27,110.94045677185059,8.323153027279309,119.2636097991299,102.61730374457129,127.58676282640921,94.29415071729197,-79.9890522265474,-123.0894989030615,9406496,336505.9246581187,625610.1485819395,98.02395750328549,42.49640198063218,102.24087008982957,103.68890180308358,100.80910940002725,105.1206624928859,99.36107768677324,106.56869420613991,97.92931699697093,-0.1081456654381728,-67.56239424651055,-4.593648405821838,-3.6454352369537615,-0.9482131688680768,39.55693191686435,24.268575585551773,104.08263854980468,110.94045677185059,121.0187646484375,105.73730110168457,DWARKESH.BO,2023-08-21 22:11:13.998650
293,2022-05-26 00:00:00+05:30,94.69157816186993,101.86666017219841,94.0082398552973,100.69522094726562,569411,0.0,0.0,2022-05-26,112.10213699340821,8.661905599841361,120.76404259324957,103.44023139356685,129.42594819309093,94.77832579372549,-121.97666336264501,-155.86934985425535,9197525,902916.8530251514,697886.2045628947,98.01095122808735,38.34590840812902,98.8567069915871,103.7051741278769,95.8467538109758,106.7151273084882,90.998286674686,111.563594444778,87.9883334940747,-0.12143916687785652,-73.70441837543342,-4.420065305335271,-3.4083819447367425,-1.0116833605985285,37.786067371751145,23.750581706774476,107.06005401611328,112.10213699340821,121.49515106201171,105.41076164245605,DWARKESH.BO,2023-08-21 22:11:13.998650
294,2022-05-25 00:00:00+05:30,104.35597517908583,106.16194704149025,96.59516630597618,97.08326721191406,411865,0.0,0.0,2022-05-25,113.53959426879882,9.046235286852161,122.58582955565099,104.49335898194666,131.63206484250315,95.4471236950945,-116.87557829549058,-162.13127757790227,8628114,629669.0084714332,646628.5424473304,97.98828897915544,37.910095729445814,99.9467935197935,103.29842073361083,93.73163999809675,109.51357425530757,90.38001278427943,112.8652014691249,84.16485926258268,-0.22332701265538552,-97.86324851772167,-3.977030178432969,-3.15546110458711,-0.821569073845859,33.60618165269233,22.80792562258292,109.6957992553711,113.53959426879882,121.79874969482422,105.06909103393555,DWARKESH.BO,2023-08-21 22:11:13.998650
295,2022-05-24 00:00:00+05:30,113.23941464087414,113.92275295698917,102.55000735864739,107.13815307617188,400712,0.0,0.0,2022-05-24,115.21378097534179,8.938141079927519,124.15192205526931,106.27563989541427,133.09006313519683,97.33749881548675,-27.14224850228576,-114.11324852218608,9039979,676066.7094112799,650868.4259413047,97.99384962384737,47.065463466852975,107.87030446393614,113.19060156922488,101.8178559708831,119.24305006227792,96.49755886559436,124.56334716756666,90.44511037254132,-0.2206723073882017,-56.882573915922386,-2.993830213562319,-2.9500688361256446,-0.0437613774366743,40.66971616401338,22.05617668263039,113.55179748535156,115.21378097534179,122.24096923828125,104.76109939575196,DWARKESH.BO,2023-08-21 22:11:13.998650
296,2022-05-23 00:00:00+05:30,116.26563453359392,117.77875032410996,112.26320858659415,113.23941040039062,182549,0.0,0.0,2022-05-23,116.6951675415039,9.92949944727965,126.62466698878356,106.76566809422425,136.5541664360632,96.8361686469446,55.25954597090759,-69.14110536172214,9440691,325529.31557032076,644568.8550738108,97.93885779781061,45.06732988514225,114.42712310369825,116.59103762080235,111.07549588328654,119.94266484121407,108.91158136618243,122.10657935831817,105.55995414577072,-0.20544309388273613,-37.867665826362185,-2.6799291661766205,-2.939128491766476,0.2591993255898557,46.13499705909019,21.91639313649006,115.38705749511719,116.6951675415039,122.13651565551758,104.35451126098633,DWARKESH.BO,2023-08-21 22:11:13.998650
297,2022-05-20 00:00:00+05:30,115.67991571426393,118.31565765014093,114.94776434898377,117.14421844482422,338829,0.0,0.0,2022-05-20,117.70065612792969,10.559351118190559,128.26000724612024,107.14130500973913,138.8193583643108,96.58195389154858,90.03431308751485,-53.504749458812285,9623240,625049.5986349442,724328.7399496832,97.89682452718358,42.55833494752005,116.80254681464965,118.65732928031552,115.28943597915836,120.17044011580681,113.43465351349248,122.02522258147269,111.92154267800119,-0.20393173732297068,-37.70491181349993,-2.8383171197698545,-3.0039283231639398,0.1656112033940853,50.134721200603856,23.18994522808277,114.54752349853516,117.70065612792969,121.75579696655274,103.87910102844238,DWARKESH.BO,2023-08-21 22:11:13.998650
298,2022-05-19 00:00:00+05:30,115.19181814977014,116.07040130319014,111.67749298391924,113.87394714355469,219338,0.0,0.0,2022-05-19,118.36447410583496,10.933222494480633,129.2976966003156,107.43125161135433,140.23091909479623,96.4980291168737,51.7561200567911,-80.67476033982635,9284411,393324.77335747564,749148.5252783678,97.79817857666288,37.752442092926934,113.87394714355469,116.07040130319014,111.67749298391924,118.26685546282559,109.48103882428379,120.46330962246104,107.28458466464834,-0.22524528074331643,-47.68999377069625,-3.3826613204922182,-3.0453311240124608,-0.3373301964797575,46.525221602024914,24.90150705876466,111.47248840332031,118.36447410583496,121.26671981811523,103.35780921936035,DWARKESH.BO,2023-08-21 22:11:13.998650
299,2022-05-18 00:00:00+05:30,117.04660413033488,119.43829570057675,112.55607707821981,116.3632583618164,438839,0.0,0.0,2022-05-18,119.28698463439942,11.306400489897058,130.59338512429647,107.98058414450236,141.89978561419355,96.6741836546053,68.07762756270603,-66.02235474172205,9503749,804144.5776252527,838104.4632585908,97.74466602704254,36.651707276891656,116.11921038020432,119.68234368218883,112.8001250598319,123.00142900256125,109.23699175784739,126.56456230454576,105.91790643747497,-0.2279635593253057,-40.62036868139665,-3.706262232345196,-2.9609985748925216,-0.7452636574526745,49.03491753340488,26.473879343954092,108.87579040527343,119.28698463439942,120.81669067382812,102.86092247009277,DWARKESH.BO,2023-08-21 22:11:13.998650
300,2022-05-17 00:00:00+05:30,114.11799893968966,117.43708675372444,112.31202698800031,116.314453125,334399,0.0,0.0,2022-05-17,120.11431503295898,11.680402767502711,131.79471780046168,108.43391226545627,143.4751205679644,96.75350949795356,57.26452281325409,-75.30200360622447,9064910,612507.9084834537,846594.4346669253,97.61983453498759,27.27861519911106,115.35452228890824,118.39701758981617,113.27195782409204,120.47958205463237,110.22946252318411,123.5220773555403,108.14689805836791,-0.2226028718337527,-47.027715362235675,-4.3095734101926695,-2.774682660529353,-1.5348907496633166,48.98360441580258,28.31572142576196,106.11313934326172,120.11431503295898,120.27099380493163,102.36159523010254,DWARKESH.BO,2023-08-21 22:11:13.998650
301,2022-05-16 00:00:00+05:30,103.77025654278289,113.1905981563847,102.45237812627965,109.04174041748047,424596,0.0,0.0,2022-05-16,120.81473922729492,11.859194741802776,132.6739339690977,108.95554448549214,144.53312871090048,97.09634974368937,-33.65920845578868,-142.38370308486535,8730511,729090.971886657,905116.0662127932,97.52383299831045,21.750813289490225,108.22823890004827,114.00409967381688,103.26587964371184,118.96645893015331,97.49001886994323,124.74231970392192,92.5276596136068,-0.2657427599434324,-70.07126548566424,-5.011891396232244,-2.3909599731135236,-2.62093142311872,40.95759995986078,29.94708071979374,104.11192474365234,120.81473922729492,119.67746292114258,101.88716110229493,DWARKESH.BO,2023-08-21 22:11:13.998650
302,2022-05-13 00:00:00+05:30,102.98929528252398,107.91911760930249,100.8416541894134,101.76904296875,680476,0.0,0.0,2022-05-13,121.94225273132324,11.75246858634659,133.69472131766983,110.18978414497664,145.44718990401643,98.43731555863006,-87.88270489610665,-199.1996734796385,8305915,1090539.875951264,949122.3397943273,97.44823903381496,24.389348313175077,103.50993825582196,106.17822232223052,99.10075890234144,110.58740167571105,96.43247483593288,113.25568574211961,92.02329548245235,-0.2862418384124435,-88.63133355066134,-5.118881484493386,-1.7357271173338433,-3.3831543671595425,30.856836865070605,30.909117785169475,104.6781219482422,121.94225273132324,119.1854573059082,101.49716850280761,DWARKESH.BO,2023-08-21 22:11:13.998650
303,2022-05-12 00:00:00+05:30,102.40357296163883,103.86787569956171,98.84043480979406,100.89045715332031,443252,0.0,0.0,2022-05-12,123.6213191986084,11.099368958325377,134.7206881569338,112.52195024028303,145.82005711525915,101.42258128195765,-131.44015744107068,-245.3146956980202,7625439,704228.8960497814,913767.9557550929,97.4023078860225,22.053185031885874,101.19958922089204,103.55874363199001,98.53130274222237,106.22703011065968,96.17214833112439,108.58618452175766,93.50386185245472,-0.2580361858106946,-90.61809795724427,-4.462051902021045,-0.8899385255439576,-3.5721133764770876,29.501225097298274,30.81490914320723,107.75315704345704,123.6213191986084,118.71980895996094,101.18429573059082,DWARKESH.BO,2023-08-21 22:11:13.998650
304,2022-05-11 00:00:00+05:30,106.11313369763653,109.28578957803667,96.74159781740491,102.55000305175781,716395,0.0,0.0,2022-05-11,125.29794578552246,9.959090739471106,135.25703652499357,115.33885504605135,145.21612726446466,105.37976430658024,-151.20197045060885,-252.04025015307678,8068691,1156914.5181730536,966152.7206814208,97.37798621727399,22.23109839633895,102.85913014906646,108.97666248072801,96.43247072009625,115.40332190969822,90.3149383884347,121.52085424135977,83.88827895946449,-0.28798127015681985,-86.86533224648238,-3.4669767592751697,0.003089818575314318,-3.470066577850484,30.550389559615837,29.716999614016167,111.59939270019531,125.29794578552246,118.42890075683594,100.87825645446777,DWARKESH.BO,2023-08-21 22:11:13.998650
305,2022-05-10 00:00:00+05:30,110.31080611592995,115.82634791129222,104.45359517172128,106.30838012695312,514530,0.0,0.0,2022-05-10,127.15028877258301,8.893678763198265,136.04396753578126,118.25661000938474,144.93764629897953,109.36293124618648,-126.34055035324688,-200.3613602533545,8785086,861372.9903462256,918462.2713085125,97.31903644965928,28.143357779504242,108.8627744033222,113.27195363492314,101.8992008953522,120.23552714289315,97.49002166375126,124.64470637449408,90.52644815578125,-0.27475656022330797,-94.9197816023282,-2.3038892141015594,0.8706064630379353,-3.174495677139495,33.02029018049414,28.53463550565656,114.06918334960938,127.15028877258301,117.98277648925782,100.55269309997558,DWARKESH.BO,2023-08-21 22:11:13.998650
306,2022-05-09 00:00:00+05:30,115.67991500614713,116.656116820545,110.50604241070693,111.87272644042969,297472,0.0,0.0,2022-05-09,128.6072696685791,7.591074653475921,136.19834432205502,121.0161950151032,143.78941897553096,113.42512036162726,-118.20104602827678,-143.04935826423437,9299616,524062.836459297,932734.5915490843,97.24484085084751,34.508024865574015,113.0116285572272,115.51721470374747,109.3671402939094,119.16170296706527,106.86155414738913,121.66728911358554,103.21706588407133,-0.2132961765452332,-95.51281582772309,-1.1500204899727464,1.664230382322809,-2.8142508722955553,37.14363220620693,28.071377895945385,117.71041717529297,128.6072696685791,117.51908065795898,100.19442695617676,DWARKESH.BO,2023-08-21 22:11:13.998650
307,2022-05-06 00:00:00+05:30,117.3394558297674,118.31565765014093,114.45966343879701,117.14421844482422,545697,0.0,0.0,2022-05-06,129.41507682800292,6.49737775006198,135.9124545780649,122.91769907794094,142.4098323281269,116.42032132787897,-115.90014680483415,-87.96767004862474,9597088,1006666.1673773292,1034902.530321531,97.17470429282825,34.34867988397946,116.63984651125406,118.82002958371112,114.96403537236719,120.49584072259799,112.78385229991014,122.67602379505504,111.10804116102327,-0.2041774904738227,-83.13460406531276,-0.20329811662030295,2.367793100396698,-2.571091217017001,41.72998956902319,28.390323381026487,120.45354309082032,129.41507682800292,117.0270750427246,99.7585528564453,DWARKESH.BO,2023-08-21 22:11:13.998650
308,2022-05-05 00:00:00+05:30,117.1442169438897,120.85378679291104,115.67991423209108,120.12163543701172,634245,0.0,0.0,2022-05-05,129.9007369995117,5.864041862185439,135.76477886169715,124.03669513732626,141.6288207238826,118.17265327514083,-117.34266886612158,-52.681585563441864,10142785,1199751.5950607713,1041961.6210575814,96.99750063995901,35.13410229237056,118.88511215400462,122.09031007591815,116.9164375150982,124.05898471482458,113.71123959318466,127.26418263673811,111.74256495427824,-0.2111941622054724,-72.74277246354941,0.492711589990833,3.010565904650948,-2.517854314660115,44.62309439492261,29.37350858077555,122.12284851074219,129.9007369995117,116.47063995361329,99.26117805480958,DWARKESH.BO,2023-08-21 22:11:13.998650
309,2022-05-04 00:00:00+05:30,120.65854878023731,123.2942982791004,112.31202732007706,114.89895629882812,628701,0.0,0.0,2022-05-04,130.06669120788575,5.614375035082174,135.68106624296792,124.45231617280358,141.2954412780501,118.8379411377214,-187.34634723595062,-59.1850634524544,9508540,1137557.3012536867,1002514.1275567838,96.75652199877581,26.97378601683927,116.83509396600186,121.35816061192666,110.37588965290333,127.8173649250252,105.85282300697853,132.34043157095,99.39361869387999,-0.2682018476250293,-90.97105632719864,1.0831191380125347,3.6400294833159768,-2.556910345303442,37.58464679635449,30.642279455706717,123.98739471435547,130.06669120788575,115.86929962158203,98.7120645904541,DWARKESH.BO,2023-08-21 22:11:13.998650
310,2022-04-29 00:00:00+05:30,128.27291744979527,129.49316976532094,123.58715302687415,124.5145492553711,499477,0.0,0.0,2022-04-29,130.44252891540526,4.727050812564132,135.1695797279694,125.71547810284113,139.89663054053352,120.988427290277,-112.64973046890546,20.69776108490205,10137241,979374.1631235008,968753.334132558,96.56715455819251,26.211717061039153,125.86495734918873,128.1427616715033,122.23674493305651,131.77097408763552,119.95894061074193,134.0487784099501,116.33072819460972,-0.22977679890153216,-94.2256618899895,2.336963578436979,4.2792570696418375,-1.9422934912048584,48.03176869668979,32.00864809024797,127.12100372314453,130.44252891540526,115.38705596923828,98.22982093811035,DWARKESH.BO,2023-08-21 22:11:13.998650
311,2022-04-28 00:00:00+05:30,126.2228961275138,128.37053711533082,123.92881593182858,125.5883560180664,243984,0.0,0.0,2022-04-28,130.30341987609864,4.946525117156584,135.24994499325524,125.35689475894206,140.1964701104118,120.41036964178548,-151.80308807936888,25.87583015706953,10636718,482529.38926009764,966098.1268848223,96.33346527957548,41.49021193270618,125.9625696884086,127.99632344498863,123.5546022614864,130.40429087191086,121.52084850490637,132.43804462849087,119.11288107798416,-0.197060215802125,-90.00001943126452,2.959865660556673,4.764830442443052,-1.8049647818863788,49.451444543423406,33.13529563576267,129.57127075195314,130.30341987609864,114.78278686523437,97.65190940856934,DWARKESH.BO,2023-08-21 22:11:13.998650
312,2022-04-27 00:00:00+05:30,128.4681640414505,129.78602754639874,123.4407157869708,125.4907455444336,375132,0.0,0.0,2022-04-27,129.9397850036621,5.5427719243985525,135.48255692806066,124.39701307926356,141.0253288524592,118.85424115486501,-216.77763935749564,30.985391688740297,10392734,741325.3637186238,1086990.3112910034,96.21348238944555,50.57861717764382,126.23916295926772,129.03761013156463,122.69229837213669,132.58447471869567,119.89385119983977,135.38292189099258,116.34698661270875,-0.20421580037800513,-90.45451959637609,3.6067689381481642,5.216071637914646,-1.6093026997664817,49.32145263751903,34.5593835557134,131.1234359741211,129.9397850036621,114.19706604003906,97.05593826293945,DWARKESH.BO,2023-08-21 22:11:13.998650
313,2022-04-26 00:00:00+05:30,132.66582052376694,133.690835407285,128.41935157156007,129.44436645507812,979873,0.0,0.0,2022-04-26,129.69085350036622,5.856043905371149,135.54689740573735,123.83480959499506,141.40294131110852,117.97876568962391,-101.13901711414405,56.506142406758016,10767866,1997404.3560396612,1173406.5481840982,96.02769281200597,54.45219832513388,130.5181844779744,132.6170173843887,127.34553354866378,135.7896683136993,125.24670064224946,137.88850122011362,122.07404971293886,-0.19282252422495677,-85.21508526146691,4.389966303253416,5.618397312856266,-1.2284310096028497,54.45813536028188,36.09301670027573,132.10940246582032,129.69085350036622,113.65332153320313,96.44385971069336,DWARKESH.BO,2023-08-21 22:11:13.998650
314,2022-04-25 00:00:00+05:30,135.59443506238128,137.8397023636691,129.10269852397596,130.56700134277344,572430,0.0,0.0,2022-04-25,129.22959785461427,6.227980447951564,135.45757830256582,123.0016174066627,141.6855587505174,116.77363695871114,-36.89638925011924,67.29926411501631,11747739,1176979.4053518628,967407.0962202075,95.46444578271233,66.64313355057018,132.50313407680616,135.90356962963637,127.16656578994323,141.2401379164993,123.76613023711303,144.6405734693295,118.4295619502501,-0.16269041922593633,-64.05224711032375,4.936809865813274,5.925505065256978,-0.9886951994437041,55.99353346612028,36.4643726774365,132.68536071777345,129.22959785461427,113.01195678710937,95.78687587738037,DWARKESH.BO,2023-08-21 22:11:13.998650
315,2022-04-22 00:00:00+05:30,133.34917794299702,140.96354041505714,132.0312994944015,136.76588439941406,561721,0.0,0.0,2022-04-22,128.97090377807618,6.27676807516075,135.24767185323694,122.69413570291543,141.52443992839767,116.41736762775467,67.50468652722243,86.1229876468181,12320169,1209794.1660863792,915014.0189372937,95.11536611013328,73.55312132471339,136.58690810295755,141.1425167115136,132.21027579085796,145.51914902361318,127.65466718230192,150.07475763216922,123.27803487020233,-0.13778025051791362,-35.53187198726283,5.451572659759847,6.172678865117904,-0.7211062053580566,65.48386850405106,36.6739086239334,133.1539337158203,128.97090377807618,112.38035415649414,95.14551120758057,DWARKESH.BO,2023-08-21 22:11:13.998650
316,2022-04-21 00:00:00+05:30,131.5920157741731,138.1325653597801,131.34796530533956,133.34918212890625,320876,0.0,0.0,2022-04-21,128.39494438171386,6.048192181239712,134.44313656295355,122.34675220047414,140.49132874419328,116.29856001923443,7.172034905842576,77.02654688263785,11758448,673814.9444406562,841318.9821500222,94.70491314668809,72.72061361974225,134.27657093134198,137.2051765573444,130.42057650290386,141.06117098578252,127.49197087690143,143.98977661178495,123.63597644846331,-0.15824654706527927,-45.66468706477546,5.417529380374432,6.352955416457418,-0.9354260360829851,62.2024878057565,36.065005839466735,131.86534423828124,128.39494438171386,111.56034439086915,94.46021747589111,DWARKESH.BO,2023-08-21 22:11:13.998650
317,2022-04-20 00:00:00+05:30,131.39677988949157,133.0075070440552,129.1026994978077,130.4205780029297,288687,0.0,0.0,2022-04-20,128.06547584533692,5.942665282077783,134.00814112741472,122.12281056325914,139.9508064094925,116.18014528118135,-67.25491200496658,64.6467980955592,11437572,592906.7510194089,883194.9915773636,94.48613881440596,72.70269606647798,130.8435948482642,132.5844901987207,128.6796826524732,134.7484023945117,126.93878730201669,136.48929774496818,124.77487510622569,-0.15214364478119538,-54.79699721049071,5.628353293554085,6.586811925478163,-0.9584586319240787,59.109996533570055,35.74400587166161,131.51390991210937,128.06547584533692,110.81550216674805,93.81348361968995,DWARKESH.BO,2023-08-21 22:11:13.998650
318,2022-04-19 00:00:00+05:30,134.5694248466284,137.9373180964767,128.22411311086944,132.32415771484375,326651,0.0,0.0,2022-04-19,127.8702350616455,5.92533751638635,133.79557257803185,121.94489754525915,139.7209100944182,116.0195600288728,-4.655412540330507,74.22879100883577,11726259,680669.3227114568,955767.0517168521,94.30217610846317,73.78186589561523,132.82852964072995,137.43294617059047,127.7197411849832,142.54173462633722,123.11532465512269,147.14615115619773,118.00653619937594,-0.14263018265066205,-45.907468034132464,6.101416841871881,6.826426583459183,-0.7250097415873018,62.17300667177182,36.0975308166189,132.49986877441407,127.8702350616455,110.03942138671874,93.17944042205811,DWARKESH.BO,2023-08-21 22:11:13.998650
319,2022-04-18 00:00:00+05:30,129.15149841897792,135.54562305442826,128.32172094806305,132.9098663330078,399807,0.0,0.0,2022-04-18,127.38213424682617,5.941187423378279,133.32332167020445,121.44094682344789,139.26450909358272,115.4997594000696,2.3702830783943423,74.27045716498546,12052910,836798.0554087422,1024541.4839682009,94.08064564765135,69.63045578165661,132.25907011183304,136.19641927560303,128.97251716923782,139.48297221819826,125.03516800546782,143.42032138196825,121.7486150628726,-0.1439616444730834,-43.77228220464236,6.427162067077049,7.007679018856008,-0.580516951778959,63.11607070448422,36.47824998811137,132.9196350097656,127.38213424682617,109.18914962768555,92.51513507843018,DWARKESH.BO,2023-08-21 22:11:13.998650
320,2022-04-13 00:00:00+05:30,134.03250673725114,134.17893104529364,129.8348361240344,130.32293701171875,285565,0.0,0.0,2022-04-13,126.75736579895019,5.986132576650348,132.74349837560055,120.77123322229984,138.7296309522509,114.78510064564949,4.94632907370663,73.65553535194283,11653103,586055.6857616584,1071477.3411080653,93.80175629542791,63.81371686981139,131.44556806034893,133.05629999666345,128.71220507540423,135.78966298160816,127.1014731390897,137.40039491792268,124.368110154145,-0.17197656137755685,-52.82687505709489,6.689149998057232,7.152808256800747,-0.4636582587435152,60.685220335980794,37.23353258429732,134.2570343017578,126.75736579895019,108.38280715942383,91.87523487091065,DWARKESH.BO,2023-08-21 22:11:13.998650
321,2022-04-12 00:00:00+05:30,135.350378629998,135.74086830187025,129.00506669473876,131.59201049804688,338195,0.0,0.0,2022-04-12,126.26682472229004,6.0798161494589005,132.34664087174895,120.18700857283113,138.42645702120785,114.10719242337224,23.66708042857079,79.07856508444732,11938668,700825.2686333122,1192832.754944667,93.6134319911014,63.88700481716082,132.11264849821862,135.22023030169848,128.484428694567,138.8484501053501,125.37684689108713,141.95603190882997,121.7486270874355,-0.16183127674502715,-48.23319526076973,7.177996524695843,7.268722821486626,-0.09072629679078315,62.56261336535918,37.658913843183896,135.28204650878905,126.26682472229004,107.63698913574218,91.27828754425049,DWARKESH.BO,2023-08-21 22:11:13.998650
322,2022-04-11 00:00:00+05:30,135.9849124157657,137.59563941206454,134.4229835924733,135.35037231445312,344986,0.0,0.0,2022-04-11,125.94711837768554,5.9518237472199775,131.89894212490552,119.99529463046557,137.8507658721255,114.04347088324559,73.96269452997845,96.33117254273711,12276863,735315.9276282054,1315834.6265225057,93.38007392587146,65.66571429980806,135.78966510633032,137.15634662018735,133.9836908005961,138.96232092592157,132.61700928673906,140.3290024397786,130.81103498100484,-0.2181464277405073,-34.6290100584942,7.5701261809857385,7.291404395684321,0.27872178530141767,68.37813915839797,38.11701673736944,134.56941833496094,125.94711837768554,106.8179556274414,90.6730424118042,DWARKESH.BO,2023-08-21 22:11:13.998650
323,2022-04-08 00:00:00+05:30,141.5492652233573,142.0373661379206,132.617024445112,134.42298889160156,709480,0.0,0.0,2022-04-08,125.4834228515625,5.526754004705426,131.01017685626792,119.95666884685707,136.53693086097334,114.42991484215165,100.68691947650856,103.3899117963324,11931877,1501850.6693268206,1460964.3012460805,93.11535126873423,71.05648363852201,136.35912649154474,140.10122853797748,130.68088684516889,145.77946818435333,126.93878479873615,149.52157023078607,121.2605451523603,-0.13789933197434526,-37.985870428594644,7.587330392635295,7.221723949358966,0.3656064432763282,67.68830569787713,37.19013112439642,132.8708282470703,125.4834228515625,105.86908767700196,90.0326541519165,DWARKESH.BO,2023-08-21 22:11:13.998650
324,2022-04-07 00:00:00+05:30,139.59686279296875,144.9171598293734,134.8134797464379,139.59686279296875,1221103,0.0,0.0,2022-04-07,124.55603103637695,5.5038603277494085,130.05989136412637,119.05217070862754,135.56375169187578,113.54831038087814,177.52638049164744,122.34679610565067,12641357,2684361.5158051895,1450742.7092258956,92.57249060173149,80.35985501420797,139.77583412292668,144.73818849941546,134.63450841647997,149.87951420586216,129.6721540399912,154.84186858235094,124.53082833354449,-0.1646602299970945,-19.25793996161194,7.585730661427519,7.130322338539884,0.4554083228876351,76.27802972068785,36.19194661811779,130.67437438964845,124.55603103637695,104.8626237487793,89.41325412750244,DWARKESH.BO,2023-08-21 22:11:13.998650
325,2022-04-06 00:00:00+05:30,127.88243419200451,141.01234525777735,127.83362112348682,135.447998046875,1038619,0.0,0.0,2022-04-06,123.5359001159668,4.3362965396259305,127.87219665559273,119.19960357634086,132.20849319521867,114.86330703671493,192.95836706946807,110.53572129540244,11420254,2215347.7116039726,1142338.007581072,91.48423929516822,76.54838525857738,134.76465480937972,141.69568849527263,128.5169643609821,147.94337894367027,121.58593067508919,154.87441262956315,115.33824022669155,-0.03423352220326501,-23.456783808977224,6.959199020406743,7.016470257817975,-0.05727123741123208,73.79979065330146,34.52176213696192,127.23814392089844,123.5359001159668,103.88349319458008,88.75187740325927,DWARKESH.BO,2023-08-21 22:11:13.998650
326,2022-04-05 00:00:00+05:30,128.0776827016663,130.07889951956045,126.75981911109584,128.02886962890625,249054,0.0,0.0,2022-04-05,121.85927391052246,5.742680138356848,127.6019540488793,116.11659377216561,133.34463418723615,110.37391363380877,122.38441163939957,91.13477154042701,10381635,502128.04653620697,874085.5815753465,90.6014870783469,72.02695292214615,128.28919608652083,129.8185730619458,126.49949265348121,131.60827649498543,124.97011567805622,133.13765347041044,123.1804122450166,-0.012662967679817947,-21.98580275778589,6.46020656833015,7.030788067170783,-0.5705814988406326,68.30188928010372,33.02415363853362,124.4950180053711,121.85927391052246,103.0703172302246,88.1495609664917,DWARKESH.BO,2023-08-21 22:11:13.998650
327,2022-04-04 00:00:00+05:30,124.41691735683665,130.71341603456662,122.51332681180071,126.857421875,942888,0.0,0.0,2022-04-04,120.16800422668457,8.259477856489008,128.42748208317357,111.90852637019556,136.6869599396626,103.64904851370656,87.09806319113632,90.00453067999217,10132581,1883601.5403852696,967074.9653351314,90.42040860641735,61.53365154815679,126.6947215737891,130.87611633577748,122.67602711301157,134.89481079655502,118.49463235102318,139.0762055585434,114.47593789024566,0.0064822467199578656,-28.196754930415263,6.454134840269489,7.17343344188094,-0.7192986016114506,67.29709825811125,32.53956542333602,122.55237579345703,120.16800422668457,102.38990463256836,87.59800693511963,DWARKESH.BO,2023-08-21 22:11:13.998650
328,2022-04-01 00:00:00+05:30,123.14786352138975,125.97885034502046,121.97641684549309,123.44071960449219,443616,0.0,0.0,2022-04-01,118.45965118408203,10.125693426468239,128.58534461055027,108.3339577576138,138.7110380370185,98.20826433114556,8.968407489854906,83.22868769579291,9189693,862340.3221647403,737943.3215725967,89.74055523019366,63.194409086430795,123.79866226500191,125.62090768451073,121.61847418498336,127.80109576452928,119.79622876547454,129.6233411840381,117.61604068545599,0.01004025723222176,-61.59794114995227,6.463941121163373,7.353258092283801,-0.8893169711204285,64.21847322438302,32.01770119158476,121.28331451416015,118.45965118408203,101.6782536315918,87.05816738128662,DWARKESH.BO,2023-08-21 22:11:13.998650
329,2022-03-31 00:00:00+05:30,122.02522822931915,123.73358142452963,119.58472366473278,122.41571044921875,379855,0.0,0.0,2022-03-31,116.85623970031739,11.710428043962118,128.5666677442795,105.14581165635528,140.27709578824164,93.43538361239315,-39.7602103383114,80.27683732537454,8746077,732264.6213415537,706844.0714245607,89.44209884128705,65.79619554041719,121.91133851282706,124.23795336092134,120.08909560112448,126.06019627262391,117.7624807530302,128.3868111207182,115.94023784132763,0.00013287253558760793,-64.03939037705297,6.715051035900785,7.575587335063908,-0.8605362991631225,63.25099196110886,32.086299051738585,120.63902130126954,116.85623970031739,101.10424713134766,86.55005435943603,DWARKESH.BO,2023-08-21 22:11:13.998650
330,2022-03-30 00:00:00+05:30,119.58472736507872,124.46573664528601,118.46209374106522,121.73236846923828,349245,0.0,0.0,2022-03-30,115.18937492370605,13.160306038471887,128.34968096217796,102.02906888523417,141.50998700064983,88.86876284676228,-48.75907134942748,83.94170677658062,8366222,669498.0501153052,700488.9339453124,89.19013862602576,69.8237669697989,121.55339961852984,124.64470549599446,118.64106259177366,127.55704252275063,115.54975671430904,130.64834840021524,112.63741968755286,-0.0054961290671721695,-62.70021907972372,7.03575249451724,7.7907214098546875,-0.7549689153374475,62.63158602163506,32.495322668991676,121.23450317382813,115.18937492370605,100.52633575439454,86.0507271194458,DWARKESH.BO,2023-08-21 22:11:13.998650
331,2022-03-29 00:00:00+05:30,121.04902666674892,122.074041565236,117.48588850513771,118.31565856933594,198251,0.0,0.0,2022-03-29,113.43465194702148,14.512197839524687,127.94684978654617,98.92245410749679,142.45904762607086,84.4102562679721,-110.31937418309646,79.31599707373168,8016977,369377.68868585024,708236.6549028142,88.95989531671651,74.95636338018443,119.2918628799032,121.0978372546687,116.50968419457041,123.8800159400015,114.70370981980491,125.685990314767,111.92153113447212,0.010498074579391772,-54.689982566566044,7.407044064645262,7.979463638689049,-0.5724195740437867,59.43877417384549,32.93580964141808,121.93736877441407,113.43465194702148,99.92890014648438,85.56506664276122,DWARKESH.BO,2023-08-21 22:11:13.998650
332,2022-03-28 00:00:00+05:30,121.73236779177654,122.90381448120445,118.16923699531793,120.51211547851562,313641,0.0,0.0,2022-03-28,111.74094200134277,15.829489040737371,127.57043104208014,95.9114529606054,143.39992008281752,80.08196391986803,-98.44149894141032,90.83011375306806,8215228,595218.7279860673,792951.3964570552,88.84151866803185,78.79932797972822,120.52838898501267,122.8875409747074,118.15296348882089,125.26296647089919,115.79381149912615,127.62211846059392,113.41838600293437,0.03977147312118966,-37.421765291098055,8.106676003441265,8.122568532199995,-0.01589252875873015,62.63546673291291,33.757669612991805,123.6261993408203,111.74094200134277,99.28655944824219,85.08038249969482,DWARKESH.BO,2023-08-21 22:11:13.998650
333,2022-03-25 00:00:00+05:30,126.66218395086409,127.83362313544004,117.29064813077052,120.21925354003906,461756,0.0,0.0,2022-03-25,109.63966751098633,17.32277284728695,126.96244035827328,92.31689466369937,144.28521320556024,74.99412181641243,-80.59999667365017,104.0402721262002,7901587,874177.4950130207,842384.5635748021,88.63817725652505,82.46411042023257,121.78117493541653,126.27170174006254,115.72872673539302,132.32414994008604,111.23819993074702,136.81467674473205,105.18575173072351,-0.012892208794235901,-32.79569301278459,8.663270744579961,8.126541664389677,0.536729080190284,62.38786731514014,34.48628379555747,124.8269287109375,109.63966751098633,98.58857513427735,84.56690029144288,DWARKESH.BO,2023-08-21 22:11:13.998650
334,2022-03-24 00:00:00+05:30,124.02644323304156,128.17530093535655,124.02644323304156,125.39311981201172,289575,0.0,0.0,2022-03-24,107.94595718383789,17.880935649236775,125.82689283307467,90.06502153460112,143.70782848231144,72.18408588536434,44.120721616570115,133.56106910671735,8363343,571804.831016761,834436.3307152474,88.33680661028717,87.08761191649847,125.86495466013662,127.70346608723167,123.55460838491669,130.0138123624516,121.71609695782163,131.85232378954666,119.4057506826017,0.026471742268004618,-21.397849087911485,9.273461464000206,7.992359394342105,1.2811020696581013,70.07493336487617,35.27094522293587,125.29550628662109,107.94595718383789,97.91890075683594,84.0548823928833,DWARKESH.BO,2023-08-21 22:11:13.998650
335,2022-03-23 00:00:00+05:30,128.12648886173838,128.46816545696606,124.51454510724376,125.24669647216797,150680,0.0,0.0,2022-03-23,105.68849067687988,18.40468023225964,124.09317090913952,87.28381044462024,142.49785114139917,68.8791302123606,64.15626580678412,148.52015702155,8073768,297190.51090816996,900094.205639869,88.11371072510423,90.37881094385872,126.07646901212593,127.63839291700809,123.68477256728579,130.03008936184824,122.12284866240363,131.5920132667304,119.73115221756349,0.046584199531100996,-21.720414513217968,9.404636063381858,7.672083876927579,1.7325521864542788,69.97526537877967,34.54133661513673,124.2997817993164,105.68849067687988,97.10474853515625,83.50772136688232,DWARKESH.BO,2023-08-21 22:11:13.998650
336,2022-03-22 00:00:00+05:30,127.39433662167959,131.05509342115312,123.97763027550427,126.75981140136719,446341,0.0,0.0,2022-03-22,103.58233528137207,18.458839584193885,122.04117486556595,85.12349569717819,140.50001444975985,66.66465611298429,81.85533180949268,172.46966350868908,8224448,890966.5796131603,1050820.1293227936,87.99701728714398,92.11607048523405,127.2641783660082,130.5507264565121,123.47326331086327,134.34164151165703,120.18671522035935,137.62818960216097,116.39580016521442,0.048490420148806994,-17.08289602244634,9.44450529509929,7.23894583031401,2.2055594647852805,72.22381238455448,33.63081707171062,123.35286560058594,103.58233528137207,96.3267155456543,82.98496524810791,DWARKESH.BO,2023-08-21 22:11:13.998650
337,2022-03-21 00:00:00+05:30,126.41813618845357,129.7860295016013,123.53834378723037,126.51576232910156,362037,0.0,0.0,2022-03-21,101.60796699523925,17.954182790878644,119.5621497861179,83.6537842043606,137.51633257699655,65.69960141348196,74.53098245757221,190.98173079457487,7778107,721291.2131020224,1090783.5167502018,87.6327882701242,91.8605276843952,126.61337853931109,129.68841329139178,123.44072757702088,132.861064253682,120.36569282494017,135.9360990057627,117.19304186264996,0.045653484678632755,-15.985445581920963,9.203432533663388,6.687555964117689,2.515876569545699,72.09145621065699,32.650257563405575,123.04048004150391,101.60796699523925,95.43446701049805,82.45293521881104,DWARKESH.BO,2023-08-21 22:11:13.998650
338,2022-03-17 00:00:00+05:30,122.02522743859569,125.44193380687636,120.70735647182462,122.56214141845703,223046,0.0,0.0,2022-03-17,99.74830207824706,17.146534340216043,116.89483641846311,82.60176773803101,134.04137075867914,65.45523339781498,55.85489382750169,190.3441591823086,7416070,430490.7528114812,1183156.5926622464,87.33416213647443,91.7919462603865,122.90381056571933,125.10026465961403,120.36568732456229,127.63838790077106,118.16923323066759,129.83484199466577,115.63110998951055,0.045051463524340404,-23.028660619963865,8.779375535098652,6.058586821731264,2.720788713367387,69.8994206655627,31.70056965773481,122.95261993408204,99.74830207824706,94.61152877807618,81.88820240020752,DWARKESH.BO,2023-08-21 22:11:13.998650
339,2022-03-16 00:00:00+05:30,123.97763563730742,125.53956456422969,119.29186375219881,120.41449737548828,169553,0.0,0.0,2022-03-16,98.12292594909668,16.394364301042287,114.51729025013897,81.7285616480544,130.91165455118124,65.33419734701211,57.74513953546757,207.27612516372844,7193024,321512.08586724126,1371323.0526249378,87.16668429957126,85.9764184040859,121.7486418973056,124.2054200424124,117.95771923038151,127.99634270933649,115.50094108527472,130.45312085444328,111.71001841835063,0.027754116524936777,-25.5300955546975,8.492804989725485,5.378389643389418,3.1144153463360675,68.65509501329652,31.055339197723733,121.61522216796875,98.12292594909668,93.58358825683594,81.38350605010986,DWARKESH.BO,2023-08-21 22:11:13.998650
340,2022-03-15 00:00:00+05:30,125.88122565686362,128.27291721172338,116.16802022243841,120.51211547851562,703408,0.0,0.0,2022-03-15,96.6415397644043,15.593087720862833,112.23462748526714,81.04845204354146,127.82771520612997,65.45536432267863,68.61758593097022,237.532188161821,7362577,1334907.1550442183,1633775.7943143619,87.0460929681174,86.11622493052644,121.65101763755915,127.13401505267989,115.02911806339492,133.75591462684412,109.54612064827418,139.23891204196485,102.92422107410995,0.08013927868499214,-25.360463881281348,8.208739386779115,4.5997858068054,3.608953579973715,68.77789120906291,30.360475625404113,121.37117156982421,96.6415397644043,92.5693145751953,80.90175045013427,DWARKESH.BO,2023-08-21 22:11:13.998650
341,2022-03-14 00:00:00+05:30,127.39433770430716,135.10632613580674,123.24547996297915,125.19788360595703,1171729,0.0,0.0,2022-03-14,95.3309886932373,14.547681543863975,109.87867023710128,80.78330714937333,124.42635178096525,66.23562560550936,115.35771864514683,335.94208948726316,8065985,2310134.2211202714,1708492.9541318975,86.53483098827697,89.19644751346388,127.84989656824764,132.45431317351614,120.59346700068855,139.71074274107525,115.98905039542005,144.31515934634373,108.73262082786096,0.08069719229078946,-17.087534396612043,7.711060591242372,3.6975474118119713,4.013513179430401,74.58778233671275,29.61216100905991,117.65184326171875,95.3309886932373,91.56187423706055,80.42731632232666,DWARKESH.BO,2023-08-21 22:11:13.998650
342,2022-03-11 00:00:00+05:30,116.5096882200198,128.12649161611319,115.28943591891395,126.07646179199219,880008,0.0,0.0,2022-03-11,93.88621025085449,12.749055889457438,106.63526614031193,81.13715436139705,119.38432202976936,68.38809847193961,131.85392065489543,349.0547704824294,9237714,1747164.0296600193,1558082.637384804,85.5252281933976,86.20872736077438,123.16412977567312,131.0388236324323,118.20176793523305,136.00118547287235,110.32707407847388,143.87587932963152,105.36471223803382,0.14149152667955053,-4.01915053816603,6.495569505750453,2.6941691169543707,3.801400388796082,75.70195208640929,27.386897383077077,111.45296173095703,93.88621025085449,90.45583755493163,79.92262004852294,DWARKESH.BO,2023-08-21 22:11:13.998650
343,2022-03-10 00:00:00+05:30,123.44071666240133,125.88122120256608,113.77632464161198,115.87515258789062,1242564,0.0,0.0,2022-03-10,92.49756317138672,10.34398786501453,102.84155103640124,82.15357530637219,113.18553890141578,71.80958744135765,158.83784726577088,349.8964847328921,8357706,2267368.6282282234,1510812.289316,84.71404346138435,82.66976475381414,118.51089947735623,123.24547431310049,111.14057775214638,130.61579603831035,106.40600291640213,135.3503708740546,99.03568119119228,0.120744516894034,-20.520523137808503,4.754428226370976,1.7438190197553498,3.0106092066156265,71.04706590696279,25.42790941816547,104.77574157714844,92.49756317138672,89.32637222290039,79.39791164398193,DWARKESH.BO,2023-08-21 22:11:13.998650
344,2022-03-09 00:00:00+05:30,105.33218109513798,121.53713031412174,104.40478486902356,119.19424438476562,1896225,0.0,0.0,2022-03-09,91.57261199951172,8.864897184542233,100.43750918405395,82.70771481496949,109.3024063685962,73.84281763042725,219.42219575577002,354.603803882176,9600270,3559247.5951228854,1321673.2045879439,83.80830220623183,77.57213387921513,115.04538652263697,125.68598817625039,108.55364273115221,132.17773196773516,97.9130410775388,142.8183336213486,91.42129728605403,0.22212534880025533,-5.274728695547462,3.4578773702001087,0.9911667181014431,2.4667106520986657,75.41363978950704,23.473168758323336,99.87520904541016,91.57261199951172,88.33943237304688,78.98449016571045,DWARKESH.BO,2023-08-21 22:11:13.998650
345,2022-03-08 00:00:00+05:30,96.1070685012055,104.25835985165575,96.1070685012055,101.91547393798828,985960,0.0,0.0,2022-03-08,90.56224327087402,6.344253030086708,96.90649630096073,84.21799024078732,103.25074933104744,77.8737372107006,157.99311079590072,168.4825793500487,7704045,1582386.1459461118,762279.6069542083,82.16583225732094,69.48819146770617,100.76030076361651,105.41353302602752,97.26224167557727,108.91159211406676,92.60900941316626,113.56482437647777,89.11095032512702,0.11531860626134169,-8.633098410655352,1.4186270460133272,0.37448905507677666,1.0441379909365507,65.02450072915636,21.682444774967433,93.85204315185547,90.56224327087402,87.28122955322266,78.54031833648682,DWARKESH.BO,2023-08-21 22:11:13.998650
346,2022-03-07 00:00:00+05:30,92.69036014684248,96.64398051049425,89.7129490543579,94.20347595214844,576699,0.0,0.0,2022-03-07,90.2547393798828,5.898381418471323,96.15312079835412,84.35635796141149,102.05150221682545,78.45797654294016,113.84022737606224,55.840588713655194,6718085,855518.043498599,557252.9722062325,81.67739892015226,54.0157052215116,93.52013517233354,97.32732129030917,90.39628983417283,100.45116662846988,86.5891037161972,104.25835274644551,83.4652583780365,0.03350312754823844,-12.500001706613991,0.4879714166838909,0.11345455734263897,0.3745168593412519,57.6018674567345,21.568939373563083,90.7965301513672,90.2547393798828,86.57250686645507,78.25673168182374,DWARKESH.BO,2023-08-21 22:11:13.998650
347,2022-03-04 00:00:00+05:30,91.27487134486103,93.71537592627442,90.49390689967717,92.69036102294922,254583,0.0,0.0,2022-03-04,90.34991912841797,5.980244864193941,96.3301639926119,84.36967426422403,102.31040885680585,78.38942940003008,122.23869709912485,38.1927972711826,6141386,371601.1257415079,482686.70438314084,81.49354230378705,43.457450129731484,92.29988128296695,94.10585566625673,90.88438663965948,95.5213503095642,89.0784122563697,97.32732469285398,87.66291761306223,0.038279659883951225,-23.501204561356243,0.048571641122350684,0.019825342507325983,0.0287462986150247,55.89981729194302,22.755862080787143,88.84412689208985,90.34991912841797,86.00240509033203,78.05368167877197,DWARKESH.BO,2023-08-21 22:11:13.998650
348,2022-03-03 00:00:00+05:30,90.98200770707462,94.00823934266863,90.88438901350068,91.37248992919922,338845,0.0,0.0,2022-03-03,90.29622802734374,5.962921603909629,96.25914963125338,84.33330642343411,102.222071235163,78.37038481952449,135.44856313351008,37.847692601354495,5886803,487561.7067811417,510458.09904354904,81.4205188752515,37.855243891734716,92.08837276178951,93.29235651007835,90.1685061809104,95.21222309095747,88.96452243262156,96.4162068392463,87.04465585174245,0.0322251312686618,-33.48520275993551,-0.3657102624576254,0.012638767853569807,-0.3783490303111952,54.414339441176836,24.358372524547786,86.00337982177734,90.29622802734374,85.44889862060546,77.8525841140747,DWARKESH.BO,2023-08-21 22:11:13.998650
349,2022-03-02 00:00:00+05:30,86.88196085054581,90.34748024562603,86.24742818622889,89.07841491699219,197922,0.0,0.0,2022-03-02,90.21813201904297,5.958310390896251,96.17644240993923,84.25982162814671,102.13475280083547,78.30151123725047,67.53086343893692,-9.252310216430725,5547958,277638.44204963505,516182.1971091508,81.33337544293279,40.84847209533255,88.5577744496157,90.86812071300253,86.76806865360538,92.65782650901285,84.45772239021856,94.96817277239967,82.66801659420824,0.0366668241308572,-46.271948083647686,-0.7607852394375527,0.10722602543136861,-0.8680112648689213,51.79880486093159,26.165246938373578,84.99789123535156,90.21813201904297,84.90515426635743,77.65636753082275,DWARKESH.BO,2023-08-21 22:11:13.998650
350,2022-02-28 00:00:00+05:30,84.44145490619498,87.27244158914759,81.3664177755366,86.63790893554688,267090,0.0,0.0,2022-02-28,90.39384841918945,5.97472786591569,96.36857628510515,84.41912055327376,102.34330415102083,78.44439268735808,-8.715829979224512,-47.823290030739635,5350036,364400.22565019235,575818.1358740297,81.29355838565469,34.18980044772451,85.09225610007702,88.81809442461744,82.91207061100646,90.99827991368801,79.18623228646604,94.72411823822843,77.00604679739547,0.021233092661764378,-58.59874577650539,-1.0291422505893735,0.32422884164859894,-1.3533710922379725,48.89784946342539,27.31011178074721,83.23096618652343,90.39384841918945,84.45219665527344,77.50749675750733,DWARKESH.BO,2023-08-21 22:11:13.998650
351,2022-02-25 00:00:00+05:30,80.63427096784365,85.80814372935141,80.63427096784365,84.44145965576172,443090,0.0,0.0,2022-02-25,90.71355476379395,5.93410657854432,96.64766134233827,84.77944818524963,102.58176792088258,78.84534160670532,-48.026287511037864,-57.850241567140195,5082946,589197.2727715622,628672.613429989,81.25622241224274,44.416074523346374,83.62795811765226,86.62164526746086,81.4477725059531,88.80183087916002,78.45408535614449,91.79551802896863,76.27389974444533,-0.01672717529093537,-70.00000404070157,-1.116774618958246,0.662571614708092,-1.779346233666338,46.18625569690894,27.79340285814482,82.52810211181641,90.71355476379395,84.09685928344726,77.38986446380615,DWARKESH.BO,2023-08-21 22:11:13.998650
352,2022-02-24 00:00:00+05:30,78.48662567138672,84.68550556931557,77.55922949904863,78.48662567138672,823060,0.0,0.0,2022-02-24,91.02349853515625,5.748243109508667,96.77174164466491,85.27525542564759,102.51998475417358,79.52701231613892,-113.34800579776758,-89.0711042004409,4639856,1017279.2858984066,638541.4485945957,81.2188740706407,46.19683160426656,80.2437869132503,82.92834432745198,75.80206825718504,87.37006298351724,73.11751084298336,90.05462039771892,68.6757921869181,-0.011697123074009746,-94.40001490956632,-0.9957328036492754,1.1074081731246765,-2.103140976773952,37.91257624183082,27.93884803922717,83.09429931640625,91.02349853515625,83.80887969970703,77.25026752471923,DWARKESH.BO,2023-08-21 22:11:13.998650
353,2022-02-23 00:00:00+05:30,82.34262107111964,87.17482449269647,81.61046971462274,86.34504699707031,370749,0.0,0.0,2022-02-23,91.49451599121093,5.004766508210684,96.49928249942161,86.48974948300025,101.5040490076323,81.48498297478956,-67.40391060243054,-29.465911401426858,5462916,504115.9817769952,543856.9892686429,81.27970899556267,55.43532503696496,85.04344706812985,88.47642442163696,82.91206964356323,90.60780184620359,79.47909229005612,94.0407791997107,77.3477148654895,0.0949563586852032,-62.200029777835866,-0.23921481735088435,1.6331934173181644,-1.8724082346690487,46.72450772639474,27.809544227332783,85.26146697998047,91.49451599121093,83.64878250122071,77.15557590484619,DWARKESH.BO,2023-08-21 22:11:13.998650
354,2022-02-22 00:00:00+05:30,79.0723504234871,82.09857469086955,77.11994670932692,80.24378967285156,599581,0.0,0.0,2022-02-22,91.38225326538085,5.149445114301824,96.53169837968268,86.23280815107903,101.68114349398451,81.0833630367772,-155.2145246887772,-74.60370524511048,5092167,757656.4773099405,553792.2411415548,81.22839125981614,54.30037643662032,79.82077035768269,82.52159400603846,77.54296602449583,84.79939833922532,74.84214237614006,87.50022198758109,72.5643380429532,0.024823189537416007,-87.20001221484468,-0.040953513674779174,2.1012954759854265,-2.1422489896602057,36.00554486014156,28.2647131631512,86.00338134765624,91.38225326538085,83.3276121520996,76.97302623748779,DWARKESH.BO,2023-08-21 22:11:13.998650
355,2022-02-21 00:00:00+05:30,84.88074741369485,86.58910064184259,81.9033362561919,83.12358856201172,149923,0.0,0.0,2022-02-21,91.90208053588867,4.442021696449861,96.34410223233853,87.46005883943882,100.7861239287884,83.01803714298894,-133.28344224467443,-29.399859219462208,5691748,196248.16084929032,502826.1820994583,81.2447919450189,55.2840094304815,83.87200848668208,85.84068071717225,81.15491633152156,88.55777287233276,79.18624410103139,90.52644510282293,76.46915194587088,0.002764471207655161,-93.78109446950629,0.8143829451392719,2.6368577234004777,-1.8224747782612059,39.48872887508873,27.381652192754185,88.11197814941406,91.90208053588867,83.12260971069335,76.84416759490966,DWARKESH.BO,2023-08-21 22:11:13.998650
356,2022-02-18 00:00:00+05:30,88.34626620936952,90.05461942336285,86.8819634545181,87.27244567871094,187786,0.0,0.0,2022-02-18,92.48536109924316,3.96941458264229,96.45477568188545,88.51594651660088,100.42419026452774,84.54653193395859,-105.87396006048682,13.312190811846914,5841671,258079.43850856245,579470.6874120003,81.23693390429284,53.38657570042142,88.06967618553062,89.25738891654315,86.0847329476984,91.24233215437538,84.89702021668587,92.4300448853879,82.91207697885365,0.010232443446062167,-79.56404523330265,1.6135171124893617,3.0924764179657793,-1.4789593054764176,45.36029299622412,27.11195724789571,90.34747924804688,92.48536109924316,82.86977325439453,76.69188014984131,DWARKESH.BO,2023-08-21 22:11:13.998650
357,2022-02-17 00:00:00+05:30,91.17724888406495,91.76296846983863,87.90697436965239,89.32246398925781,129989,0.0,0.0,2022-02-17,92.8221508026123,3.785324268626995,96.60747507123929,89.0368265339853,100.39279933986629,85.25150226535831,-112.2297700385294,29.69187550808204,6029457,182843.84475724274,659818.4996378598,81.20514872214714,57.11152509592204,89.66413560958294,91.4212968495135,87.56530274932726,93.52012970976918,85.8081415093967,95.27729094969973,83.70930864914102,0.06751236335483302,-68.11993323129145,2.2036042150658517,3.4622162443348836,-1.258612029269032,48.6804311117302,27.701805423011617,92.15345306396485,92.8221508026123,82.49003067016602,76.50249698638916,DWARKESH.BO,2023-08-21 22:11:13.998650
358,2022-02-16 00:00:00+05:30,91.76297203828972,93.03203739667423,89.37128053344459,90.05461883544922,390164,0.0,0.0,2022-02-16,92.91977119445801,3.714839276651913,96.63461047110992,89.20493191780609,100.34944974776184,85.49009264115418,-97.7046346819444,40.842936251366766,6159446,553307.0894315018,779062.1633580141,81.17544899151882,61.332907208120915,90.81931225518935,92.2673439769341,88.60658711370446,94.48006911841898,87.15855539195971,95.92810084016374,84.94583025047483,0.011761958903055845,-64.0327199515259,2.7238108352793944,3.7768692516521414,-1.053058416372747,49.887854094882464,28.539595216293073,93.94966430664063,92.91977119445801,82.05171615600585,76.28285160064698,DWARKESH.BO,2023-08-21 22:11:13.998650
359,2022-02-15 00:00:00+05:30,85.41766341014575,91.56773815480793,83.61169144475423,90.78677368164062,683905,0.0,0.0,2022-02-15,93.1540599822998,3.6721450275939245,96.82620500989373,89.48191495470587,100.49835003748765,85.80976992711194,-151.39708019294952,27.63299562176549,6549610,977758.0696105179,835500.9318396421,81.07685536345448,55.84907958275288,88.65540109373426,93.69911074271428,85.74306403266058,96.61144780378795,80.69935438368056,101.65515745276798,77.78701732260689,0.04257206327419005,-50.80829402841496,3.2764569272872563,4.040133855745328,-0.7636769284580716,51.06392784608483,29.731908286473274,95.41396636962891,93.1540599822998,81.55482955932617,76.05149181365967,DWARKESH.BO,2023-08-21 22:11:13.998650
360,2022-02-11 00:00:00+05:30,95.61896501887504,97.47374996118417,93.12965485362729,94.30109405517578,458921,0.0,0.0,2022-02-11,93.2907283782959,3.630026382993607,96.9207547612895,89.66070199530229,100.5507811442831,86.03067561230868,-5.589492536856898,71.90022172103589,7233515,681502.9027271611,799936.647396923,80.88411309663715,56.31991823876468,94.96816628999575,96.80667772636421,92.46258261880733,99.31226139755263,90.62407118243887,101.1507728339211,88.11848751125045,-0.007664094721538757,-34.18015345498445,3.8622619476983715,4.231053087859845,-0.3687911401614734,57.07087541040766,30.633847213568053,97.05398559570312,93.2907283782959,81.07258590698243,75.814762840271,DWARKESH.BO,2023-08-21 22:11:13.998650
361,2022-02-10 00:00:00+05:30,98.54757456246789,98.54757456246789,95.71659513320628,96.30231475830078,301314,0.0,0.0,2022-02-10,93.16870307922363,3.6352904633157577,96.80399354253939,89.53341261590788,100.43928400585514,85.89812215259212,53.73594276160281,86.28116547512553,7692436,456950.4236759694,829545.0835643634,80.70298659158546,58.193816725134546,96.85549481799166,97.99439450277703,95.16341507351542,99.68647424725326,94.02451538873005,100.82537393203863,92.33243564425382,0.058691458874870366,-24.711301548193692,4.207643460562963,4.323250872900213,-0.11560741233725036,60.85879887785062,32.09882439435763,97.34684600830079,93.16870307922363,80.52103195190429,75.53752155303955,DWARKESH.BO,2023-08-21 22:11:13.998650
362,2022-02-09 00:00:00+05:30,97.96185105552304,99.37734816189227,94.20347554161505,98.30352020263672,561803,0.0,0.0,2022-02-09,92.66351852416992,3.871281948706381,96.5348004728763,88.79223657546353,100.40608242158268,84.92095462675715,75.8450672614625,91.96117213863894,7993750,869693.3941508115,922693.7485364618,80.56348439764422,63.83052410689946,97.29478130204802,100.386087062481,95.21221444220377,102.46865392232525,92.1209086817708,105.55995968275822,90.03834182192655,0.05169382773662286,-15.242521838944006,4.3889943667172275,4.352152725984525,0.03684164073270235,64.85596211533772,32.816148879460044,97.30779724121093,92.66351852416992,79.91481048583984,75.2729708480835,DWARKESH.BO,2023-08-21 22:11:13.998650
363,2022-02-08 00:00:00+05:30,99.57258319137688,100.10949715830498,92.88560237838446,97.37612915039062,631358,0.0,0.0,2022-02-08,92.02898750305175,3.937663400149549,95.9666509032013,88.0913241029022,99.90431430335084,84.15366070275266,79.49254368096858,92.26947235883245,7431947,968146.8614524326,935943.8371328744,80.26267121989015,56.270136428839,96.79040956236003,100.69521674633559,93.47132196641508,104.01430434228054,89.56651478243951,107.9191115262561,86.24742718649456,-0.0029594506638862266,-19.630507891501153,4.357590151795037,4.342942315801349,0.014647835993687686,63.83020916562989,33.5886521711088,95.97040100097657,92.02898750305175,79.2343978881836,74.99768199920655,DWARKESH.BO,2023-08-21 22:11:13.998650
364,2022-02-07 00:00:00+05:30,96.25350163265475,101.52499315122655,95.42373154358073,98.98686981201172,1219970,0.0,0.0,2022-02-07,91.49695777893066,3.8957890530960957,95.39274683202676,87.60116872583457,99.28853588512285,83.70537967273847,130.54087739120212,107.94255659773891,8063305,1901690.2928751253,927893.0810529847,79.93022025362079,54.87508455178371,98.64519816893967,101.86666479429861,95.76540318665279,104.7464597765855,92.54393656129385,107.96792640194444,89.66414157900697,-0.024620466080541314,-12.009227159536012,4.342693114323495,4.339280356802927,0.0034127575205680216,66.97249614710441,34.42057879288438,94.45728912353516,91.49695777893066,78.56179496765137,74.7204407119751,DWARKESH.BO,2023-08-21 22:11:13.998650
365,2022-02-04 00:00:00+05:30,96.64397923715853,99.86544819086198,94.83800737734303,95.76539611816406,597449,0.0,0.0,2022-02-04,90.78188972473144,3.7587573817705557,94.54064710650199,87.02313234296089,98.29940448827256,83.26437496119033,138.24303195960212,101.60547247627119,6843335,900995.2373889498,684443.7780974495,79.18698561551868,49.59324446536904,96.82295056212303,98.80789374690302,93.78045293338407,101.85039137564198,91.79550974860408,103.83533456042197,88.75301211986512,-0.0781951961561952,-21.052648487757534,4.099188461577967,4.338427167422784,-0.23923870584481755,63.64911729378759,34.50936994531883,93.17846374511718,90.78188972473144,77.91066825866699,74.41879428863525,DWARKESH.BO,2023-08-21 22:11:13.998650
366,2022-02-03 00:00:00+05:30,93.22727839146165,98.49876996808396,90.6891550242966,96.10707092285156,550845,0.0,0.0,2022-02-03,90.31087226867676,3.6910273322700693,94.00189960094683,86.6198449364067,97.6929269332169,82.92881760413663,107.82526803567487,95.57462248948525,7440784,833676.9623355472,630305.9132745743,78.86417397165413,48.56781240929687,95.09833197174403,99.50750891919147,91.6978939754041,102.9079469155314,87.28871702795666,107.31712386297883,83.88827903161673,-0.03345956025838732,-13.207565407080972,4.0425861493269934,4.398236843883989,-0.3556506945569957,64.28333868630044,34.88593204270789,92.63179168701171,90.31087226867676,77.36009056091308,74.12495754241944,DWARKESH.BO,2023-08-21 22:11:13.998650
367,2022-02-02 00:00:00+05:30,89.42008491404003,93.08084172641472,89.42008491404003,91.61653900146484,172385,0.0,0.0,2022-02-02,89.61288795471191,3.8535898635986396,93.46647781831055,85.75929809111327,97.3200676819092,81.90570822751462,15.771454222573347,76.31414080276575,6889939,248706.07977003904,579463.1510093311,78.54895467512657,52.19922181382305,91.37248854730653,93.32489218057303,89.66413536819834,95.03324535968122,87.71173173493185,96.98564899294772,86.00337855582366,-0.15699361342284596,-32.9446309871033,3.875216940766336,4.487149517523238,-0.6119325767569022,59.31168397883426,35.52795169681841,91.53844451904297,89.61288795471191,76.81146507263183,73.82087070465087,DWARKESH.BO,2023-08-21 22:11:13.998650
368,2022-02-01 00:00:00+05:30,93.32489491652498,94.39871545673637,88.15102960538681,89.8105697631836,405738,0.0,0.0,2022-02-01,89.30050354003906,3.9349881032617673,93.23549164330083,85.36551543677729,97.17047974656259,81.43052733351553,-5.144830896775281,76.34122744547857,6717554,573833.8760676847,662152.4188191541,78.47376474649363,53.64434204643513,90.78677160843559,93.42251361148436,87.1748277601348,97.03445745978514,84.53908575708603,99.67019946283392,80.92714190878525,-0.02633516461686329,-43.73177286260101,4.04446758356741,4.640132661712464,-0.5956650781450534,57.07509057002756,37.30201931808278,90.7965316772461,89.30050354003906,76.31945945739746,73.55924869537354,DWARKESH.BO,2023-08-21 22:11:13.998650
369,2022-01-31 00:00:00+05:30,93.32489429901639,95.1308662112171,90.78677100772117,92.59274291992188,368415,0.0,0.0,2022-01-31,88.36823081970215,5.644969743051506,94.01320056275365,82.72326107665064,99.65817030580516,77.07829133359914,38.22891014722667,93.53483116476865,7123292,537189.2351368453,684232.0545070216,78.31812409812144,58.635471129255606,92.83679337962003,94.8868157515189,90.54272054802297,97.18088858311596,88.49269817612411,99.23091095501482,86.19862534452704,-0.00046880154578801957,-27.113717622358134,4.377740489354551,4.789048931248727,-0.41130844189417637,61.93022816649061,39.212553679444405,89.65437622070313,88.36823081970215,75.8411205291748,73.315686378479,DWARKESH.BO,2023-08-21 22:11:13.998650
370,2022-01-28 00:00:00+05:30,92.00702094408831,96.1070655826244,91.76297049065572,93.03203582763672,349317,0.0,0.0,2022-01-28,87.2236343383789,6.9201153668223405,94.14374970520124,80.30351897155656,101.06386507202359,73.38340360473421,55.82632825190869,104.27772458324004,7491707,511758.76994297537,720992.7593495656,78.13793172809675,64.10082482730174,93.63402396697228,95.50507744328884,91.16098235132016,97.97811905894096,89.2899288750036,99.84917253525752,86.81688725935147,-0.003982534475888277,-24.489799772611256,4.464099497397896,4.891876041722272,-0.4277765443243755,62.714279627528164,40.51401391379361,89.2638946533203,87.2236343383789,75.36766258239746,73.05845722198487,DWARKESH.BO,2023-08-21 22:11:13.998650
371,2022-01-27 00:00:00+05:30,87.07719704535492,92.73917042966598,85.27122521602715,90.64033508300781,581507,0.0,0.0,2022-01-27,86.07903747558593,7.752010143299393,93.83104761888532,78.32702733228655,101.58305776218472,70.57501718898715,-40.01029004017851,83.92078892702783,7142390,830021.7957197519,773301.2567012131,77.95750616654864,57.71323451390654,89.55024357623364,93.82926193644013,86.3613167228013,97.01818878987247,82.08229836259481,101.29720715007896,78.89337150916248,-0.0019000919237625398,-38.775544351848474,4.463763630460292,4.998820177803365,-0.5350565473430731,60.17095170908115,41.624089627136335,89.61532745361328,86.07903747558593,74.9195859527588,72.81099002838135,DWARKESH.BO,2023-08-21 22:11:13.998650
372,2022-01-25 00:00:00+05:30,82.09856963206282,88.68793176132552,80.39021648743916,87.90697479248047,460179,0.0,0.0,2022-01-25,85.04182319641113,8.464622846468973,93.5064460428801,76.57720034994216,101.97106888934908,68.11257750347318,-120.88374935403759,62.94550750680281,6560883,637034.8298401884,759121.1219465784,77.69648091845778,60.63059857591277,85.66170768041506,90.93319887339096,82.63548359950461,93.95942295430142,77.36399240652871,99.23091414727732,74.33776832561826,-0.0317155236514615,-55.10203797409381,4.631247122178479,5.132584314639134,-0.5013371924606549,57.0645632186371,43.446189940423224,90.28890838623047,85.04182319641113,74.52812919616699,72.58988033294678,DWARKESH.BO,2023-08-21 22:11:13.998650
373,2022-01-24 00:00:00+05:30,91.27487472605249,91.27487472605249,82.24500744032002,84.09979248046875,638817,0.0,0.0,2022-01-24,84.12663421630859,9.10389645434976,93.23053067065835,75.02273776195882,102.3344271250081,65.91884130760907,-126.26984506325111,68.42379100864889,6100704,846027.4153132666,789642.6949731758,77.52743039377067,69.6980890692302,85.87322488228041,89.5014423242408,80.47157503850833,94.90309216801288,76.84335759654795,98.53130960997326,71.44170775277587,-0.056035842888160194,-78.76104385660065,5.044700907275981,5.257918612754297,-0.21321770547831598,52.237035713310874,46.294613394765484,90.96248779296874,84.12663421630859,74.19622062683105,72.4009852218628,DWARKESH.BO,2023-08-21 22:11:13.998650
374,2022-01-21 00:00:00+05:30,93.71537222366246,94.69157401765895,88.15102497701396,90.64033508300781,236137,0.0,0.0,2022-01-21,83.2480525970459,9.91809919197917,93.16615178902506,73.32995340506673,103.08425098100423,63.41185421308756,2.28299792879019,109.52979834897917,6739521,337053.3059376328,775546.5148881531,77.37281985146974,78.01896952258875,91.16097802589358,94.17093107477321,87.63038203412822,97.70152706653857,84.6204289852486,100.7114801154182,81.08983299348323,-0.026415448930393985,-25.00003485587718,5.872561952147805,5.311223039123876,0.5613389130239295,63.64285910273875,48.84260395443245,93.09060821533203,83.2480525970459,73.96388450622558,72.24967388153077,DWARKESH.BO,2023-08-21 22:11:13.998650
375,2022-01-20 00:00:00+05:30,94.54514936226668,96.79041663627925,92.78799046975305,94.78919982910156,546532,0.0,0.0,2022-01-20,82.03024101257324,10.444020125304831,92.47426113787807,71.58622088726841,102.9182812631829,61.14220076196358,91.80674140157377,144.7385021414152,6975658,815807.1361885344,885169.8171257831,77.2564373174787,80.246169736548,94.78920231171128,96.7904141536695,92.78798798714331,98.79162847823747,90.78677614518509,100.7928403201957,88.78556182061712,-0.028807674599824272,-8.664267020171437,6.199352397951088,5.170888310867894,1.0284640870831945,73.0399704353089,49.57554698142115,93.66656951904297,82.03024101257324,73.62026161193847,72.03002849578857,DWARKESH.BO,2023-08-21 22:11:13.998650
376,2022-01-19 00:00:00+05:30,91.0796342393348,94.54514628696886,89.37128102705874,94.00823974609375,535693,0.0,0.0,2022-01-19,80.61474800109863,10.541748248451468,91.1564962495501,70.07299975264716,101.69824449800157,59.531251504195694,64.14567212686123,143.46424745724448,6429126,793039.7196005372,902510.4873600951,76.89310157456285,78.12742734160496,92.64155568670712,95.9118303463555,90.73796508644539,97.81542094661724,87.467690426797,101.08569560626562,85.56409982653527,-0.03026807321941039,-11.307420214753781,6.11521329829678,4.9137722890970945,1.2014410091996854,72.32684624415656,48.19450561595459,93.08084716796876,80.61474800109863,73.2288047027588,71.76645397186279,DWARKESH.BO,2023-08-21 22:11:13.998650
377,2022-01-18 00:00:00+05:30,95.7653987900862,96.88803239302202,90.2010512942533,91.27487182617188,845035,0.0,0.0,2022-01-18,79.19925537109376,10.54933392475883,89.74858929585258,68.64992144633493,100.29792322061141,58.100587521576095,83.33333321503923,160.38288568255058,5893433,1214615.9399028672,929878.1792999846,76.53824661164283,83.10385437271165,92.78798517114906,95.37491904804482,88.6879379492761,99.47496626991777,86.10100407238035,102.06190014681353,82.0009568505074,-0.07339193258680438,-21.201421135942024,5.991747742546266,4.613412036797174,1.3783357057490928,69.72414327587552,46.95746442792717,91.51892395019532,79.19925537109376,72.8061092376709,71.52826068878174,DWARKESH.BO,2023-08-21 22:11:13.998650
378,2022-01-17 00:00:00+05:30,94.34991235418494,97.13208619792653,91.37249366747861,94.74039459228516,500201,0.0,0.0,2022-01-17,77.88626365661621,10.60132329581441,88.48758695243062,67.2849403608018,99.08891024824503,56.68361706498739,145.87685635140568,194.7828318432096,6738468,746264.5165580754,858693.739149264,76.03997194863003,91.98111131163266,94.41499148589678,97.45748930431495,91.69789677386703,100.1745840163447,88.65539895544886,103.21708183476287,85.93830424341911,-0.020219543572818414,-8.566422441941137,6.012085686122418,4.2688281103599,1.7432575757625184,78.43042382227077,45.17535760055858,90.38652954101562,77.88626365661621,72.43808113098144,71.31691295623779,DWARKESH.BO,2023-08-21 22:11:13.998650
379,2022-01-14 00:00:00+05:30,92.64155843391538,95.61896965204892,91.27487433400087,93.5201416015625,485628,0.0,0.0,2022-01-14,76.3585075378418,10.240137022349709,86.59864456019152,66.11837051549209,96.83878158254122,55.87823349314239,136.42125470925257,214.84482052717073,6238267,715190.8048791316,886801.044797061,75.6580520274257,91.69689932082588,93.47132852920409,95.6677827244073,91.32368740635926,97.81542384725213,89.12723321115604,100.01187804245535,86.97959208831121,-0.03518571844598908,-7.251245487757414,5.605730725006154,3.83301371641927,1.7727170085868842,77.51375583345624,42.61546576151197,88.78555755615234,76.3585075378418,71.99586158752442,71.05138599395752,DWARKESH.BO,2023-08-21 22:11:13.998650
380,2022-01-13 00:00:00+05:30,87.17482389307783,94.15466081874227,85.41765767044015,91.86058807373047,1093028,0.0,0.0,2022-01-13,75.00402717590332,9.623705231035489,84.6277324069388,65.38032194486783,94.25143763797429,55.756616713832344,93.27406002212813,218.0527873209958,5752639,1581151.7611353782,929703.6047765433,75.29671701354837,90.48691774482127,90.47763552097096,95.53761337150178,86.80061022319966,99.21463866927309,81.74063237266884,104.2746165198039,78.06360707489753,-0.04277567646650374,-7.966098099379615,5.120714353799599,3.389834464272549,1.73087988952705,76.23784646750383,39.96205501986884,87.01863098144531,75.00402717590332,71.57511848449707,70.75120391845704,DWARKESH.BO,2023-08-21 22:11:13.998650
381,2022-01-12 00:00:00+05:30,86.88196195187382,89.66413564840738,85.32004052994522,86.19862365722656,416799,0.0,0.0,2022-01-12,73.85454978942872,8.845879986686125,82.70042977611485,65.00866980274259,91.54630976280097,56.16278981605647,65.25719300172386,212.59820349561411,4659611,565770.1718590724,766841.5656868346,74.50657477451671,89.03843903055677,87.06093327852638,88.80182602710754,84.45773090864537,91.40502839698854,82.71683816006421,93.1459211455697,80.11363579018321,-0.11801145801555728,-20.484167056650072,4.585600720620121,2.9571144918907857,1.6284862287293356,71.03413708446192,37.20910796990935,85.91552276611328,73.85454978942872,71.20123313903808,,DWARKESH.BO,2023-08-21 22:11:13.998650
382,2022-01-11 00:00:00+05:30,87.17482870792153,90.2498585956346,85.1736119242656,85.61289978027344,341860,0.0,0.0,2022-01-11,73.04674263000489,8.384970661072577,81.43171329107746,64.66177196893231,89.81668395215004,56.27680130785973,73.98630581335689,246.47472961023715,4242812,460893.45712119504,817109.4141437751,74.28995300300544,88.41549942567161,87.01212343339121,88.85063494251682,83.77438827114781,92.08837010476022,81.9358767620222,93.92688161388583,78.69814159977881,-0.09383148445834542,-22.71881451895132,4.388632023392688,2.5499929347084516,1.8386390886842365,70.40684559767135,34.6240711246586,85.1052749633789,73.04674263000489,70.87420555114745,,DWARKESH.BO,2023-08-21 22:11:13.998650
383,2022-01-10 00:00:00+05:30,85.41766363291251,88.59031971070641,85.41766363291251,86.73553466796875,474743,0.0,0.0,2022-01-10,72.29018592834473,7.85751456211158,80.1477004904563,64.43267136623315,88.00521505256789,56.57515680412157,87.1841252443864,285.19033814806284,4584672,648438.3279015099,906163.40339942,74.1152329223074,87.85972677816292,86.91450600386254,88.41134837481258,85.23869229701867,90.08716208165644,83.74184992606864,91.58400445260648,82.06603621922477,-0.05635007410557431,-18.265676476246178,4.127642906136401,2.090333162537392,2.037309743599009,73.20120645467415,31.840185291311638,85.05646514892578,72.29018592834473,70.54522544860839,,DWARKESH.BO,2023-08-21 22:11:13.998650
384,2022-01-07 00:00:00+05:30,87.80935160399305,88.8343665043284,83.46525644087998,84.68550872802734,597831,0.0,0.0,2022-01-07,71.46773567199708,7.089236530075997,78.55697220207307,64.37849914192108,85.64620873214906,57.28926261184508,97.96414042688518,301.98645551766765,4109929,797261.1090445758,970594.6722738973,73.83887567783555,87.00182109260305,85.66171055774525,87.85816467461052,82.4890546111621,91.03082062119367,80.29260049429683,93.22727473805894,77.11994454771369,-0.05601029703860686,-24.9557551174801,3.620395177586218,1.5810057266376396,2.0393894509485784,71.26271212295823,28.997864573232864,81.9423812866211,71.46773567199708,70.19086402893066,,DWARKESH.BO,2023-08-21 22:11:13.998650
385,2022-01-06 00:00:00+05:30,81.61046971462274,91.56773263167791,80.5854622842243,86.34504699707031,1204397,0.0,0.0,2022-01-06,70.73314361572265,6.3724698150789765,77.10561343080163,64.36067380064368,83.47808324588061,57.9882039855647,139.21546697982183,352.36499008806743,4707760,1637646.4295366073,1013928.0630812277,73.53129435292873,94.30763923896434,86.1660806376575,91.7466989910907,80.76442864363709,97.14835098511111,75.1838102902039,102.7289693385443,69.78215829618348,-0.011097991958091896,-18.448299026293785,3.118006395306537,1.0711583639004951,2.046848031406042,75.36162902337423,25.93690379991726,78.94544219970703,70.73314361572265,69.9106941986084,,DWARKESH.BO,2023-08-21 22:11:13.998650
386,2022-01-05 00:00:00+05:30,87.07719936591674,88.59031516606649,81.46403890084916,82.14738464355469,1589107,0.0,0.0,2022-01-05,69.93997955322266,5.207830836352644,75.1478103895753,64.73214871687001,80.35564122592794,59.524317880517366,193.27580067447494,350.21844550741895,3503363,2055700.915547998,857998.4714673827,72.75490372449745,91.70935873837745,84.06724623682345,86.67045357279774,79.54417730758041,91.19352250204078,76.94096997160612,93.79672983801507,72.41790104236308,-0.014257939080500612,-25.43352564670564,2.2641146188411057,0.5594463560489846,1.704668262792121,71.51193474675014,22.64048450557738,75.70445251464844,69.93997955322266,69.64321495056153,,DWARKESH.BO,2023-08-21 22:11:13.998650
387,2022-01-04 00:00:00+05:30,71.26273663992205,85.36885070800781,71.16511794230992,85.36885070800781,1545743,0.0,0.0,2022-01-04,69.24687614440919,4.3493366860486615,73.59621283045784,64.89753945836053,77.9455495165065,60.54820277231186,263.9778892111515,305.0755141566913,5092470,2078020.2267997325,558572.8604472289,71.93878448109224,85.81766159468188,80.63427311944184,90.10342829657377,75.89969553087587,94.83800588513974,66.43054035374395,104.30716106227166,61.69596276517798,0.2974759057157602,-0.0,1.5499757638059748,0.13327929035095437,1.4166964734550205,80.46201787696931,19.356149205356065,73.25418548583984,69.24687614440919,69.47140342712402,,DWARKESH.BO,2023-08-21 22:11:13.998650
388,2022-01-03 00:00:00+05:30,70.286532214202,71.36035274457541,70.0912948260719,71.16511535644531,219216,0.0,0.0,2022-01-03,68.3487705230713,2.1368204607498154,70.48559098382111,66.21195006232148,72.62241144457093,64.07512960157166,88.13378424471917,58.4128306376306,3546727,245670.1856564422,178711.01885910297,70.69888479747296,66.04617885183363,70.87225430903088,71.65321379198986,70.38415587348635,72.14131222753439,69.60319639052737,72.92227171049336,69.11509795498284,-0.10702280289023278,-9.49717451676887,0.29491154512082574,-0.22089482801280078,0.5158063731336265,59.92184921989438,16.1526825970672,70.10105438232422,68.3487705230713,69.16487602233887,,DWARKESH.BO,2023-08-21 22:11:13.998650
389,2021-12-31 00:00:00+05:30,70.28653291148694,71.0186842959816,69.50556845556103,69.70081329345703,144197,0.0,0.0,2021-12-31,68.05102920532227,2.1386087723613296,70.18963797768359,65.91242043296094,72.32824675004493,63.773811660599605,83.74090775300549,34.007403158952584,3327511,158273.10340380174,161971.22715976817,70.6926993956577,58.63901992297953,70.07502201499989,70.64447557443874,69.13135973401818,71.58813785542046,68.56190617457932,72.15759141485931,67.61824389359761,-0.20319716374219307,-26.256955347166144,0.08243338998659056,-0.3498464212962074,0.43227981128279797,55.4504042188764,15.763962571014538,69.17366333007813,68.05102920532227,69.18342384338379,,DWARKESH.BO,2023-08-21 22:11:13.998650
390,2021-12-30 00:00:00+05:30,70.28653033286992,71.99488350068272,69.89604811923266,70.14009857177734,153995,0.0,0.0,2021-12-30,67.89971809387207,2.1227365098209097,70.02245460369298,65.77698158405116,72.14519111351389,63.654245074230246,135.8892975706909,47.370020680109434,3471708,170092.84269670816,162895.75809875975,70.70143151301858,66.5243856631534,70.67701006389757,71.45797200856248,69.35913662711242,72.77584544534763,68.57817468244751,73.55680739001254,67.26030124566236,-0.18033110356568433,-27.31961475780397,-0.04664045985288112,-0.4579163741169069,0.41127591426402577,57.237449806303765,15.488728743817136,68.49032135009766,67.89971809387207,69.23418632507324,,DWARKESH.BO,2023-08-21 22:11:13.998650
391,2021-12-29 00:00:00+05:30,69.79843080613186,71.8484531584245,69.21271119802381,69.89604949951172,228790,0.0,0.0,2021-12-29,67.72888298034668,2.069769006512999,69.79865198685968,65.65911397383368,71.86842099337268,63.589344967320685,139.11603449686154,36.145968046950436,3317713,251827.24595475692,161096.48694927263,70.70675910702253,60.41757786453285,70.31907128532002,71.42543137261623,68.78968941221554,72.95481324572071,67.68332932491933,74.06117333301692,66.15394745181484,-0.11591684682494914,-29.896921660452765,-0.25445037137811255,-0.5607353526829133,0.30628498130480075,56.52784596657477,14.95591423366872,67.75816955566407,67.72888298034668,69.29275840759277,,DWARKESH.BO,2023-08-21 22:11:13.998650
392,2021-12-28 00:00:00+05:30,67.69959710585522,71.2627353636011,66.67458962754198,69.60319519042969,304322,0.0,0.0,2021-12-28,67.533642578125,2.0385152249082035,69.5721578030332,65.49512735321679,71.6106730279414,63.45661212830859,89.26788380635377,6.324885928283153,3088923,333561.23530913214,138413.79719790153,70.71835418775623,60.963287012454785,69.18017339385759,71.6857571601732,67.09761142411408,73.7683191299167,64.59202765779847,76.27390289623231,62.50946568805496,-0.0510418141908713,-32.98964160099841,-0.4926195862686882,-0.6373065980091134,0.1446870117404252,55.70308535764909,14.436115562111357,66.91863708496093,67.533642578125,69.38940254211425,,DWARKESH.BO,2023-08-21 22:11:13.998650
393,2021-12-27 00:00:00+05:30,66.28410962344064,67.79721807974312,65.35671336200105,66.52816009521484,76660,0.0,0.0,2021-12-27,67.26762733459472,2.1004310604631584,69.36805839505789,65.16719627413156,71.46848945552104,63.066765213668404,-28.979678312102433,-63.78424317867712,2784601,80313.28224998529,89626.93767009387,70.73998053816341,55.12800895417955,66.56069717898633,67.76468099597162,65.32417627822954,69.0012018967284,64.12019246124426,70.20518571371369,62.88367156048747,-0.13397602544101553,-65.46388583069394,-0.7612427084346223,-0.6734783509442196,-0.08776435749040268,45.50722985935367,14.085761881729404,66.00100555419922,67.26762733459472,69.46945106506348,,DWARKESH.BO,2023-08-21 22:11:13.998650
394,2021-12-24 00:00:00+05:30,67.26030518890063,69.06627702072488,65.99123987581946,66.28410339355469,98877,0.0,0.0,2021-12-24,67.12851848602295,2.2395082034120057,69.36802668943496,64.88901028261095,71.60753489284697,62.649502079198946,-19.664456597005245,-52.07854449611825,2707941,103209.03432528258,91955.35152512102,70.76065711163169,62.49097521207579,67.11387343003301,68.23650698424656,65.16146983934114,70.18891057493843,64.03883628512759,71.31154412915198,62.086432694435715,-0.1451521840222978,-68.04127330439759,-0.7907833598844718,-0.6515372615716188,-0.13924609831285295,44.584321260019834,15.158242168595365,65.53242797851563,67.12851848602295,69.62954795837402,,DWARKESH.BO,2023-08-21 22:11:13.998650
395,2021-12-23 00:00:00+05:30,66.77220311217327,67.26030400122742,65.74718826602816,66.47933959960938,55709,0.0,0.0,2021-12-23,67.13584003448486,2.2368400615282815,69.37268009601314,64.89899997295657,71.60952015754143,62.6621599114283,-45.738238797447266,-71.95342408273461,2806818,58321.01943147603,89141.93082508062,70.78918289940061,56.20274168481811,66.49561062228832,67.24403297854849,65.73091724334923,68.00872635748759,64.98249488708906,68.75714871374775,64.21780150814996,-0.13681668135700897,-65.97946001070049,-0.79258689210927,-0.6167257369934056,-0.17586115511586442,45.176380702562916,16.01392983037926,65.56171417236328,67.13584003448486,69.79940711975098,,DWARKESH.BO,2023-08-21 22:11:13.998650
396,2021-12-22 00:00:00+05:30,65.16147315212785,66.57696284821101,65.11266008074746,65.6983871459961,53179,0.0,0.0,2021-12-22,67.22369861602783,2.2441938818808946,69.46789249790872,64.97950473414694,71.71208637978962,62.73531085226604,-78.28058022000602,-95.08975088998906,2751109,55018.39561615126,96847.15867348177,70.80471204052951,56.39855351096223,65.79600335831819,66.47934663588892,65.01504386842537,67.26030612578174,64.33170059085464,67.94364940335247,63.550741100961815,-0.14098596035007907,-74.22679375654374,-0.8021148757492966,-0.5727604482144395,-0.22935442753485713,42.40666426007347,16.63837593224744,66.04005432128906,67.22369861602783,69.94095649719239,,DWARKESH.BO,2023-08-21 22:11:13.998650
397,2021-12-21 00:00:00+05:30,63.99003012877925,66.13767108144378,63.99003012877925,65.0150375366211,79218,0.0,0.0,2021-12-21,67.37256908416748,2.23642668810185,69.60899577226932,65.13614239606564,71.84542246037118,62.89971570796378,-127.23095479053735,-121.9319833329288,2697930,81105.58080637362,107304.3494378144,70.82233608392951,57.223639462218536,65.04757958228139,66.10512903578352,63.95748808311899,67.19522053494592,62.899938629616855,68.25276998844805,61.80984713045446,-0.1547449889351545,-81.44338199764813,-0.7252483423151546,-0.5154218413307252,-0.20982650098442934,39.95079941123354,16.931767455234098,66.90887298583985,67.37256908416748,70.10495826721191,,DWARKESH.BO,2023-08-21 22:11:13.998650
398,2021-12-20 00:00:00+05:30,65.79600677340018,65.79600677340018,63.257883430058456,64.18527221679688,180499,0.0,0.0,2021-12-20,67.47263011932372,2.169152641966746,69.64178276129047,65.30347747735698,71.81093540325722,63.13432483539023,-175.54771948219934,-149.54895911721925,2618712,182441.33226653215,113854.04159567459,70.85234799209536,57.95172535240395,64.41305414008518,65.5682248501119,63.03010150677018,66.9511774834269,61.874930796743456,68.10634819345363,60.491978163428456,-0.1329486305843061,-90.20620935244308,-0.5485476926418471,-0.46296521608461794,-0.08558247655722917,36.9012366629997,17.004465622549027,68.0022186279297,67.47263011932372,70.25626960754394,,DWARKESH.BO,2023-08-21 22:11:13.998650
399,2021-12-17 00:00:00+05:30,69.70080884876387,69.70080884876387,65.64956995666773,66.43053436279297,59081,0.0,0.0,2021-12-17,67.55804767608643,2.0639749298584134,69.62202260594485,65.49407274622801,71.68599753580325,63.4300978163696,-76.94563323901376,-75.1225700224879,2799211,61805.71441342765,96707.2189279602,70.9317899702226,67.88730679596453,67.26030438940819,68.87103882214865,64.81979993005251,71.31154328150433,63.209065497312054,72.92227771424479,60.768561037956374,-0.15435500533219998,-72.06706897593068,-0.2322866749313448,-0.4415695969453106,0.2092829220139658,42.30993049175713,16.89841439976781,69.22247009277343,67.55804767608643,70.40758079528808,,DWARKESH.BO,2023-08-21 22:11:13.998650
400,2021-12-16 00:00:00+05:30,71.26273178813318,71.26273178813318,68.23650768121657,68.87104034423828,49436,0.0,0.0,2021-12-16,67.68251323699951,2.0674575214353252,69.74997075843484,65.61505571556418,71.81742827987016,63.54759819412886,22.393414993215558,-13.540842704839237,2858292,53615.82763283737,105432.59505659333,70.9494145398813,62.205543324780926,69.45675993786267,70.67701219450878,67.65078808759216,72.48298404477929,66.43053583094606,73.70323630142539,64.62456398067555,-0.14879482013668227,-36.07303365748848,-0.04498154277234789,-0.493890327448802,0.4489087846764541,49.63599689316475,17.75818066827955,69.93509674072266,67.68251323699951,70.56279685974121,,DWARKESH.BO,2023-08-21 22:11:13.998650
401,2021-12-15 00:00:00+05:30,70.18891223107273,71.84845234318685,68.96865995809799,70.04248046875,116654,0.0,0.0,2021-12-15,67.77037143707275,2.156060608618637,69.92643204569139,65.61431082845412,72.08249265431003,63.45825021983548,63.63066644561572,7.752803121293597,2907728,128669.08132236326,118386.7869125323,70.95624624760539,60.63828758846534,70.28653092334496,71.60440188859192,68.72460950350306,73.16632330843382,67.40673853825609,74.48419427368079,65.8448171184142,-0.16943324080753344,-25.114146692241373,-0.04484553776001121,-0.6061175236179155,0.5612719858579043,53.782488430078715,18.22573928328924,70.25724182128906,67.77037143707275,70.68286964416504,,DWARKESH.BO,2023-08-21 22:11:13.998650
402,2021-12-14 00:00:00+05:30,69.79842747816376,71.01867970680298,69.60319010071291,70.48176574707031,68646,0.0,0.0,2021-12-14,67.82162227630616,2.2240240418906,70.04564631819676,65.59759823441556,72.26967036008736,63.373574192524956,80.59336873322873,6.688105230922527,3024382,76191.24305014862,115816.21331007456,70.96338921131593,62.40009595171828,70.36787851819541,71.13256693567791,69.71707732958784,71.78336812428549,68.95238891210533,72.54805654176799,68.30158772349776,-0.16969149466561098,-21.004608688652816,-0.15936103545735136,-0.7464355200823916,0.5870744846250402,55.398575530648976,18.291311109599434,69.90580902099609,67.82162227630616,70.69165534973145,,DWARKESH.BO,2023-08-21 22:11:13.998650
403,2021-12-13 00:00:00+05:30,69.65199688198238,72.72703403896756,69.65199688198238,70.28652954101562,96502,0.0,0.0,2021-12-13,67.86311130523681,2.283212829074788,70.1463241343116,65.57989847616203,72.4295369633864,63.29668564708724,119.68881180317754,17.878293440294964,2955736,106812.34792415601,125722.45587505604,70.96561492431415,68.92265646232312,70.88852015398852,72.12504342599466,69.05000626900949,73.9635573109737,67.81348299700335,75.20008058297984,65.97496911202431,-0.20279376773007426,-22.831054162824046,-0.34682395710962055,-0.8932041412386514,0.5463801841290309,54.82563631251233,18.722251421626165,69.29080352783203,67.86311130523681,70.66236930847168,,DWARKESH.BO,2023-08-21 22:11:13.998650
404,2021-12-10 00:00:00+05:30,70.72581896845611,71.06749556414715,69.21271061425817,69.99366760253906,58373,0.0,0.0,2021-12-10,67.9729341506958,2.4524662656190346,70.42540041631484,65.52046788507677,72.87786668193388,63.06800161945774,132.9201335480117,-6.176545963798447,2859234,64340.40820943502,130449.98286278102,70.97005548290902,68.59798937555092,70.09129126031479,70.96987190637141,69.11508695648243,71.94607621020377,68.23650631042581,72.82465685626039,67.26030200659345,-0.20730853227956061,-21.256058605235037,-0.5623505871573826,-1.0297991872709091,0.4674486001135265,54.030553407037985,19.159417057230883,68.27555541992187,67.9729341506958,70.61844032287598,,DWARKESH.BO,2023-08-21 22:11:13.998650
405,2021-12-09 00:00:00+05:30,69.31032658670807,72.14131324671679,67.94364260106643,70.48176574707031,249974,0.0,0.0,2021-12-09,68.14621028900146,2.7114996442979864,70.85770993329945,65.43471064470347,73.56920957759743,62.723211000405485,192.93590142643177,-6.476538843396681,2917607,277449.9576117742,146977.3765261175,70.97393281063576,60.96340959991219,70.18890719828451,72.43417179550259,68.23650114985223,74.38657784393487,65.99123655263415,76.63184244115295,64.03883050420187,-0.20103094403275748,-16.425167255263272,-0.8009270576389156,-1.1466613372992907,0.34573427966037507,55.56493936612822,20.357536286311635,67.61174011230469,68.14621028900146,70.56572547912597,,DWARKESH.BO,2023-08-21 22:11:13.998650
406,2021-12-08 00:00:00+05:30,67.79721554200698,69.21271269401113,67.79721554200698,68.28531646728516,106806,0.0,0.0,2021-12-08,68.38293972015381,3.104357528735173,71.48729724888899,65.27858219141864,74.59165477762416,62.17422466268347,125.90293500483922,-51.17292455852602,2667633,114851.3288538337,114359.23125470334,70.98244721902391,51.895631419974926,68.43174823443442,69.06628092686186,67.65078377485771,69.84724538643857,67.01625108243027,70.48177807886601,66.23528662285356,-0.12901602726848907,-33.67873591839374,-1.1423122491162303,-1.2330949072143844,0.09078265809815411,49.5974815983526,21.647818533013986,66.86006622314453,68.38293972015381,70.51398704528809,,DWARKESH.BO,2023-08-21 22:11:13.998650
407,2021-12-07 00:00:00+05:30,65.21028419827003,67.79721304885007,65.21028419827003,67.40673828125,142920,0.0,0.0,2021-12-07,68.6123472213745,3.262275779850778,71.87462300122529,65.35007144152372,75.13689878107606,62.08779566167295,17.64699699653259,-93.5686346415471,2560827,151708.3090310477,114236.20685492075,71.00253198739559,45.24622404112856,66.80474517612338,68.39920615397672,65.81227730339668,69.39167402670341,64.21781632554334,70.98613500455676,63.22534845281665,-0.1319770459920968,-48.598129266871034,-1.345764008390688,-1.2557905717389228,-0.08997343665176527,46.95133856966764,22.11842899813087,66.40125122070313,68.6123472213745,70.5149633026123,,DWARKESH.BO,2023-08-21 22:11:13.998650
408,2021-12-06 00:00:00+05:30,67.84603111605017,67.84603111605017,64.86861238290471,65.21028900146484,85083,0.0,0.0,2021-12-06,68.88568363189697,3.3827411079532372,72.2684247398502,65.50294252394373,75.65116584780344,62.12020141599049,-31.21838484568614,-120.53561896878526,2417907,87371.93759501533,104868.181310889,71.03872345973225,37.71648115633105,65.97497750013991,67.08134261737511,64.10392388422966,68.95239623328537,62.99755876699446,70.05876135052057,61.1265051510842,-0.173875444002529,-69.62611300489101,-1.4993269090129928,-1.2332972125759813,-0.26602969643701146,39.58867870128389,21.757317388059437,65.77648162841797,68.88568363189697,70.51398704528809,,DWARKESH.BO,2023-08-21 22:11:13.998650
409,2021-12-03 00:00:00+05:30,66.96744715835581,67.84603033572239,66.38172752272118,66.67459106445312,61712,0.0,0.0,2021-12-03,69.2566400527954,3.3652297514724836,72.62186980426789,65.89141030132292,75.98709955574037,62.52618054985044,28.23279412510889,-104.5408365616345,2502990,64795.229078089025,109242.24223985741,71.07385710761812,37.58837057995348,66.96744964096557,67.55317175920996,66.08886894620875,68.43175245396678,65.50314682796436,69.01747457221117,64.62456613320754,-0.15224344783295665,-57.39903370784096,-1.4568999071185829,-1.1667897884667284,-0.29011011865185443,43.29127326271959,21.368427961828665,65.48362045288086,69.2566400527954,70.54815406799317,,DWARKESH.BO,2023-08-21 22:11:13.998650
410,2021-12-02 00:00:00+05:30,66.77220937388391,67.06506546608252,65.6983888068306,66.72339630126953,80407,0.0,0.0,2021-12-02,69.54705982208252,3.381265066694135,72.92832488877666,66.16579475538838,76.30958995547078,62.78452968869425,-13.861452351266724,-125.05082282956275,2564702,84486.05867726787,120353.9955302995,71.09317596151375,32.85667514948905,66.49561685806088,67.29284490929118,65.92616825003925,67.8622935173128,65.12894019880896,68.6595215685431,64.55949159078733,-0.17695054460236131,-61.133599212028166,-1.524717813818981,-1.0942622588037647,-0.43045555501521626,43.420413497584654,21.50652865812849,65.43480911254883,69.54705982208252,70.55693977355958,,DWARKESH.BO,2023-08-21 22:11:13.998650
411,2021-12-01 00:00:00+05:30,65.7960040704681,66.38172367212698,65.06385270643729,65.99124145507812,103988,0.0,0.0,2021-12-01,69.8692060470581,3.4049231085028424,73.27412915556094,66.46428293855526,76.67905226406378,63.059359830052415,-52.84702891185169,-153.79944613202912,2484295,108064.38132835245,129320.9797435574,71.11832242686758,25.581362996814804,65.81227261121414,66.560692515991,65.2428215503013,67.13014357690383,64.49440164552445,67.87856348168069,63.92495058461161,-0.1259267296616297,-71.2766203481698,-1.593250076571593,-0.9866483700499605,-0.6066017065216324,41.03580115698824,21.197481436955492,65.73743209838867,69.8692060470581,70.5540111541748,,DWARKESH.BO,2023-08-21 22:11:13.998650
412,2021-11-30 00:00:00+05:30,64.81980431634635,65.79600616614725,63.990034233581376,64.28289031982422,95147,0.0,0.0,2021-11-30,70.06200618743897,3.280684790375494,73.34269097781446,66.78132139706348,76.62337576818996,63.500636606687976,-100.10508663830329,-198.63460489456878,2380307,96317.13201520233,134635.12934735863,71.15676577340997,38.995012176403755,64.68964357318428,65.38925291278719,63.58328098022132,66.49561550575015,62.88367164061841,67.19522484535307,61.77730904765544,-0.12239727490744405,-84.6153856308532,-1.5847458284773523,-0.8349979434195524,-0.7497478850578,35.084755503094414,20.457758834148905,66.27434310913085,70.06200618743897,70.63113121032715,,DWARKESH.BO,2023-08-21 22:11:13.998650
413,2021-11-29 00:00:00+05:30,63.64835698152737,66.3817251123437,62.03762618006184,63.7459831237793,195880,0.0,0.0,2021-11-29,70.30605640411378,2.9974741571550996,73.30353056126887,67.30858224695868,76.30100471842397,64.31110808980358,-144.73612707453728,-232.93571781832506,2285160,196632.80120187538,144214.6286803977,71.20425054321203,38.4310371295206,64.05511147206161,66.07259676406139,61.72849783177952,68.39921040434348,59.71101253977975,70.41669569634324,57.38439889949766,-0.10118763237924491,-88.29428915801024,-1.381599810725973,-0.6475609721551023,-0.7340388385708707,33.105000257368715,19.311914667929525,66.82101669311524,70.30605640411378,70.76096611022949,,DWARKESH.BO,2023-08-21 22:11:13.998650
414,2021-11-26 00:00:00+05:30,68.23650617315046,68.23650617315046,66.08885778022034,66.43053436279297,90875,0.0,0.0,2021-11-26,70.5696304321289,2.595022153067583,73.16465258519649,67.97460827906131,75.75967473826407,65.37958612599374,-85.16025421875601,-156.00041322971816,2481040,95065.99917605049,131110.08555002825,71.3118490676979,47.49094774661927,66.9186327720546,67.74840776388885,65.60075937095873,69.06628116498472,64.77098437912447,69.89605615681897,63.453110978028604,-0.13312167394051466,-84.615404554623,-1.0477007942864276,-0.4640512625123846,-0.583649531774043,38.51867987347861,18.077928642770193,67.25054473876953,70.5696304321289,70.87908645629882,,DWARKESH.BO,2023-08-21 22:11:13.998650
415,2021-11-25 00:00:00+05:30,69.066281318582,69.066281318582,67.65079160637875,68.23651123046875,76587,0.0,0.0,2021-11-25,70.78195457458496,2.4053279056820727,73.18728248026703,68.37662666890289,75.5926103859491,65.97129876322082,-54.92910539073226,-111.91157657822875,2571915,82297.1735218093,140121.10714352268,71.34473998743157,48.798280792534435,68.31786138514316,68.98493116390758,67.56944145170432,69.73335109734641,66.9023716729399,70.40042087611083,66.15395173950107,-0.1465713192540189,-69.63561588698556,-0.8687222392888714,-0.31813887956887377,-0.5505833597199976,42.92039308420788,18.046890521247093,67.74840698242187,70.78195457458496,70.92692031860352,,DWARKESH.BO,2023-08-21 22:11:13.998650
416,2021-11-24 00:00:00+05:30,68.28531429144303,71.01868236503644,67.55316292685502,68.67579650878906,155170,0.0,0.0,2021-11-24,71.01868324279785,2.374410104283055,73.3930933470809,68.64427313851479,75.76750345136396,66.26986303423173,-46.859956809408594,-87.22344844265716,2648502,167812.57930859487,154577.090548951,71.36249152927783,56.29358773988929,69.08254726689351,70.611931606932,67.14641216875059,72.54806670507493,65.6170278287121,74.07745104511342,63.68089273056917,-0.14253286032232587,-65.99193652883781,-0.8042743529753977,-0.1804930396388743,-0.6237813133365234,44.056850627523154,18.659769819726314,68.22674560546875,71.01868324279785,70.88982452392578,,DWARKESH.BO,2023-08-21 22:11:13.998650
417,2021-11-23 00:00:00+05:30,64.57575362393472,67.84602831955615,64.57575362393472,67.0162582397461,86105,0.0,0.0,2021-11-23,71.26273384094239,2.3717680620506445,73.63450190299304,68.89096577889174,76.00626996504367,66.5191977168411,-140.73175879894384,-173.77208603424637,2493332,90870.22311875224,151268.21835904004,71.39394356480223,57.58611261343823,66.47934672774566,68.38293983155661,65.11266513593517,69.7496214233671,63.209072032124226,71.65321452717805,61.842390440313736,-0.006987829762807696,-79.75708103376921,-0.7528384978635216,-0.024547711304743425,-0.7282907865587782,38.33699687006865,19.319793679627015,68.70508575439453,71.26273384094239,70.83027633666993,,DWARKESH.BO,2023-08-21 22:11:13.998650
418,2021-11-22 00:00:00+05:30,68.62699144800814,68.91984752754216,64.62455799725011,65.89362335205078,262900,0.0,0.0,2021-11-22,71.41404495239257,2.174964649137175,73.58900960152975,69.23908030325539,75.76397425066692,67.06411565411823,-205.00064855698588,-176.39232913819987,2407227,272801.66876809037,166367.717169112,71.42256727664906,58.23090904077925,66.47934295894768,68.33412792064526,64.0388383903532,70.77463248923974,62.18405342865563,72.62941745093731,59.74354886006115,-0.032513917894755134,-89.43087264654473,-0.5121389978090605,0.15752498533495113,-0.6696639831440117,34.116745610289016,18.165337594841937,69.56414337158203,71.41404495239257,70.79903793334961,,DWARKESH.BO,2023-08-21 22:11:13.998650
419,2021-11-18 00:00:00+05:30,71.21391832117675,71.45796877114353,67.74840640034559,68.91984558105469,68500,0.0,0.0,2021-11-18,71.7239891052246,1.7463179462665366,73.47030705149115,69.97767115895806,75.21662499775768,68.23135321269153,-172.95974869687808,-81.03677314501867,2670127,74344.34073255936,139759.22926936738,71.53519458410912,61.09211585499325,69.37540691751461,71.00240743468363,67.2928450638857,73.08496928831255,65.66584454671667,74.71196980548157,63.58328269308775,-0.019476680230666513,-86.81320905016634,-0.08564848989342977,0.324940981120954,-0.41058947101438376,41.20035326210979,16.938022509457806,70.88201599121093,71.7239891052246,70.7902522277832,,DWARKESH.BO,2023-08-21 22:11:13.998650
420,2021-11-17 00:00:00+05:30,71.70202492135905,72.48298940247024,70.48177257451611,70.62820434570312,97628,0.0,0.0,2021-11-17,71.88994369506835,1.6188695425676805,73.50881323763603,70.27107415250067,75.12768278020371,68.652204609933,-129.31518103193872,-16.21457155777765,2738627,108583.94215629318,156112.95140356937,71.5491499867401,56.86964968245073,71.1976554408965,71.91353830727688,69.91232147932276,73.19887226885062,69.19643861294237,73.914755135231,67.91110465136863,-0.047883477833515285,-67.58238228970912,0.16364926647379718,0.4275883488745499,-0.2639390824007527,46.23054725379625,16.786552714678972,71.78988494873047,71.88994369506835,70.74925186157226,,DWARKESH.BO,2023-08-21 22:11:13.998650
421,2021-11-16 00:00:00+05:30,71.26273464317177,72.43417387735258,70.33534587009771,71.06749725341797,78839,0.0,0.0,2021-11-16,72.0119686126709,1.6107160603050859,73.62268467297598,70.40125255236582,75.23340073328107,68.79053649206072,-155.5777173463982,-10.012615756697393,2836255,88231.80741892169,167995.2037153884,71.55620740650573,55.932081309399976,71.27900566695608,72.22266546381445,70.12383745655958,73.37783367421095,69.18017765970122,74.32149347106932,68.02500944930472,-0.07686989413395519,-62.6373051898763,0.3120989509638292,0.4935731194747381,-0.18147416851090886,47.61967473048649,18.064152710878375,72.70751495361328,72.0119686126709,70.7023941040039,,DWARKESH.BO,2023-08-21 22:11:13.998650
422,2021-11-15 00:00:00+05:30,72.72703599340352,72.92227337935493,71.06749586932989,71.3115463256836,83117,0.0,0.0,2021-11-15,72.1950065612793,1.7030908858923344,73.89809744717164,70.49191567538696,75.60118833306397,68.78882478949463,-67.53809831674772,6.3745671684044405,2915094,93338.91769569747,187936.05278950508,71.55925057479092,61.61416426484162,71.76710519145614,72.46671451358239,70.61193700355734,73.62188270148118,69.9123276814311,74.32149202360743,68.7571594935323,-0.061843319267850805,-59.890068762195156,0.4541670644228901,0.5389416616024653,-0.08477459717957514,48.35560001708815,19.41040106138199,73.06870880126954,72.1950065612793,70.65163146972657,,DWARKESH.BO,2023-08-21 22:11:13.998650
423,2021-11-12 00:00:00+05:30,73.80085744154216,74.09372097198766,72.23893599076705,72.48298645019531,88659,0.0,0.0,2021-11-12,72.30971031188965,1.717649032814068,74.02735934470371,70.59206127907558,75.74500837751778,68.87441224626151,31.501057219204057,42.338459158920195,2998211,101198.00588238439,211585.33656295697,71.56088745645819,69.98762331983544,72.93854780431667,73.6381596178663,71.78337463664568,74.79333278553729,71.08376282309605,75.49294459908691,69.92858965542506,-0.07678180471719731,-37.280700032065,0.605140845531082,0.560135310897359,0.04500553463372303,51.9929194408743,20.514051426065766,73.38109283447265,72.30971031188965,70.60574981689453,,DWARKESH.BO,2023-08-21 22:11:13.998650
424,2021-11-11 00:00:00+05:30,75.5580258687511,75.80207633509214,71.60440533489462,73.45919036865234,197747,0.0,0.0,2021-11-11,72.41221122741699,1.7882501095400278,74.20046133695702,70.62396111787696,75.98871144649705,68.83571100833693,69.37041868901701,64.99091360895864,3086870,228754.20622694617,239182.16923310014,71.55434160039033,67.65652685059555,73.62189067954637,75.63937602419811,71.4417050240006,77.81956167974388,69.42421967934885,79.83704702439563,67.24403402380308,-0.09937998449068734,-28.508751474487994,0.6738951311187407,0.5488839272389282,0.12501120387981246,55.2237650767735,20.960921050504673,73.4103790283203,72.41221122741699,70.53546325683594,,DWARKESH.BO,2023-08-21 22:11:13.998650
425,2021-11-10 00:00:00+05:30,71.3115470298973,76.63184405181532,71.3115470298973,75.21635437011719,432204,0.0,0.0,2021-11-10,72.4781047821045,1.8520037900931685,74.33010857219766,70.62610099201133,76.18211236229084,68.77409720191815,117.42264824236395,90.78666063828422,3284617,511934.1593251399,241789.15998463862,71.52369601745646,68.86566910077993,74.38658181727659,77.46161660465589,72.14131958273786,79.70687883919462,69.06628479535857,82.78191362657391,66.82102256081984,-0.09693715712267506,-12.719271493257795,0.6555696240136939,0.5176311262689751,0.13793849774471878,61.608035492405094,21.442165261438877,73.2151382446289,72.4781047821045,70.43979537963867,,DWARKESH.BO,2023-08-21 22:11:13.998650
426,2021-11-09 00:00:00+05:30,73.99610006100312,73.99610006100312,72.53179734830118,72.87346649169922,66576,0.0,0.0,2021-11-09,72.39512748718262,1.7576349082917642,74.15276239547438,70.63749257889086,75.91039730376615,68.8798576705991,71.17474846515647,58.01658726426139,2852413,76401.19907553776,174252.91014951328,71.38911882777124,54.51061979708787,73.13378796700117,73.73577858570115,72.27147587299922,74.5980906797031,71.66948525429923,75.20008129840309,70.80717316029728,-0.17021667930506454,-25.615780996060458,0.4491205181968496,0.48314650183279545,-0.03402598363594583,55.216215108825565,21.96042825782956,72.80513153076171,72.39512748718262,70.3041032409668,,DWARKESH.BO,2023-08-21 22:11:13.998650
427,2021-11-08 00:00:00+05:30,72.62941603958222,73.60561784805019,72.23893382662929,72.87346649169922,173575,0.0,0.0,2021-11-08,72.44637794494629,1.787015215732833,74.23339316067913,70.65936272921346,76.02040837641196,68.87234751348062,73.53190237818986,54.5560247222115,2918989,199190.97166451075,198715.83791800714,71.38073887034575,46.96616248136407,72.90600605545957,73.57307828428985,72.20639426286895,74.27269007688047,71.53932203403868,74.93976230571074,70.83971024144806,-0.13095006519211294,-31.36361037969291,0.4087372038028718,0.4916529977417819,-0.08291579393891008,55.21621510882556,23.481250697108717,72.19988708496093,72.44637794494629,70.25041213989257,,DWARKESH.BO,2023-08-21 22:11:13.998650
428,2021-11-04 00:00:00+05:30,73.31275571921209,73.60561924644794,71.7508342855549,72.6294174194336,32361,0.0,0.0,2021-11-04,72.43173484802246,1.7845295413313906,74.21626438935385,70.64720530669106,76.00079393068523,68.86267576535968,75.59059365490451,51.017749750779046,2745414,37012.4250893468,198597.05448138123,71.35843932154538,48.846582831326415,72.66195698381215,73.57307968206939,71.71829472117635,74.51674194470519,70.8071720229191,75.42786464296243,69.8635097602833,-0.12810241374687448,-34.23422516825431,0.35084133607416845,0.5123819462265093,-0.1615406101523409,54.54698895844314,24.89887071844644,71.45797271728516,72.43173484802246,70.19574478149414,,DWARKESH.BO,2023-08-21 22:11:13.998650
429,2021-11-03 00:00:00+05:30,73.65442567631942,74.43539012562145,71.94607246032155,72.48298645019531,226121,0.0,0.0,2021-11-03,72.38780555725097,1.790212030528428,74.1780175877794,70.59759352672255,75.96822961830783,68.80738149619411,92.38217578811717,61.79204604085369,2713053,258101.19996989184,238993.21182938982,71.35488955656658,46.64143547507933,72.95481634537943,73.96356023043731,71.4742425651374,75.44413401067933,70.46549868007952,76.45287789573722,68.9849248998375,-0.1459436389530037,-35.58558294425053,0.2954364392647193,0.5527670987645945,-0.2573306594998752,54.14934629534369,26.425538433733216,70.73558197021484,72.38780555725097,70.10691040039063,,DWARKESH.BO,2023-08-21 22:11:13.998650
430,2021-11-02 00:00:00+05:30,70.67701071792699,73.60561607269334,69.8472406903089,73.16632080078125,210394,0.0,0.0,2021-11-02,72.47322311401368,1.8351834608563715,74.30840657487005,70.6380396531573,76.14359003572642,68.80285619230094,53.137333085569594,45.640426572567726,2939174,242413.95366118985,234216.2147942643,71.33243594606196,47.49636429956082,72.20639252126115,74.56554435221341,70.80716896982896,75.9647679036456,68.44801713887671,78.32391973459785,67.04879358744452,-0.1795534274804419,-32.90603605258134,0.23444630411904654,0.6170997636395633,-0.38265345952051677,56.21973594090093,28.158919915383844,70.3743881225586,72.47322311401368,69.92728935241699,,DWARKESH.BO,2023-08-21 22:11:13.998650
431,2021-11-01 00:00:00+05:30,69.31033027439588,70.18891341532725,68.96866112176394,69.84724426269531,115673,0.0,0.0,2021-11-01,72.55864105224609,1.907474943840707,74.4661159960868,70.65116610840538,76.3735909399275,68.74369116456468,-83.4310840150415,-18.61211424158307,2728780,127231.40493712517,232166.7800775329,71.2978322348356,52.10516862997956,69.66827293326217,70.3678847447604,69.1476324511971,70.88852522682548,68.44802063969887,71.58813703832371,67.92738015763379,-0.08914095931386783,-61.965782760713815,0.08551015256243488,0.7127631285196925,-0.6272529759572576,47.03945934143596,29.620575922927905,70.33534088134766,72.55864105224609,,,DWARKESH.BO,2023-08-21 22:11:13.998650
432,2021-10-29 00:00:00+05:30,69.01746289669134,70.77462908058203,67.74840505084009,69.16389465332031,148571,0.0,0.0,2021-10-29,72.59036712646484,1.8648036466888707,74.45517077315371,70.72556347977597,76.31997441984258,68.8607598330871,-119.09960083191562,-29.364229894048,2613107,161817.89021107007,258400.62386263482,71.31303848990106,52.9029606474817,69.22897626158081,70.70954747232153,67.68332344257959,72.25520029132275,66.20275223183887,73.73577150206347,64.65709941283765,-0.07351347408864269,-67.94876216286721,0.220409887993668,0.8695763725090069,-0.6491664845153389,44.839620948009184,29.17623904982912,71.07725372314454,72.59036712646484,,,DWARKESH.BO,2023-08-21 22:11:13.998650
433,2021-10-28 00:00:00+05:30,71.26273078379892,71.26273078379892,68.48055716742181,69.01746368408203,224467,0.0,0.0,2021-10-28,72.58304557800292,1.879196545437693,74.46224212344062,70.70384903256523,76.34143866887831,68.82465248712754,-137.88983873698876,-19.857072626988558,2464536,243963.32571866858,282546.307275526,71.34236989545532,60.21524835254843,69.58691721176758,70.69327725611336,67.91110363973625,72.36909082814469,66.80474359539048,73.47545087249047,65.12893002335915,-0.060187132293370346,-69.2308196350172,0.45708246703736677,1.0318679936378417,-0.5747855266004749,44.366279940035824,28.697722417261197,71.25297088623047,72.58304557800292,,,DWARKESH.BO,2023-08-21 22:11:13.998650
434,2021-10-27 00:00:00+05:30,73.06870882559664,73.8008602315602,70.33534804536359,70.67701721191406,133883,0.0,0.0,2021-10-27,72.53667640686035,1.9805179355295317,74.51719434238989,70.55615847133082,76.49771227791942,68.57564053580128,-73.01573125394356,32.768937509693124,2689003,149010.43939396576,292192.05266474036,71.39131846395745,60.704157852679536,71.60440849627928,72.87346894719497,69.40795676099836,75.06992068247588,68.13889631008267,76.33898113339157,65.94244457480175,-0.04004557539850156,-54.7008126845906,0.7675908270707481,1.1755643752879603,-0.4079735482172122,48.65693696955347,28.413373670673085,71.86797943115235,72.53667640686035,,,DWARKESH.BO,2023-08-21 22:11:13.998650
435,2021-10-26 00:00:00+05:30,73.06870328522066,74.3865742264627,71.79964541314001,72.97108459472656,200477,0.0,0.0,2021-10-26,72.3707218170166,2.263403184799695,74.6341250018163,70.1073186322169,76.89752818661599,67.84391544741722,-11.754739746783494,72.38266255738091,2822886,230371.31616227186,327987.45598243404,71.40040246428566,60.58734167851287,73.05243474477642,74.30522407641283,71.71829526309014,75.6393635580991,70.46550593145373,76.89215288973551,69.13136644976746,-0.028731080309574848,-34.61540148332787,0.9900645795683545,1.2775577623422631,-0.2874931827739087,55.53706321530143,28.745554605671202,72.18036346435547,72.3707218170166,,,DWARKESH.BO,2023-08-21 22:11:13.998650
436,2021-10-25 00:00:00+05:30,71.26273559616352,74.5818234011671,65.50314314745572,73.55680847167969,466381,0.0,0.0,2021-10-25,72.11690979003906,2.4679153885476905,74.58482517858675,69.64899440149136,77.05274056713444,67.18107901294368,-110.97149769568297,27.592923434461415,3023363,540227.6073040756,352391.4909374746,71.36991135872456,63.391161053687654,71.2139250067675,76.92470686607928,67.8460266123679,80.29260526047888,62.135244753056114,86.00338711979066,58.76734635865651,-0.05297693393088814,-29.48717159472792,1.0339665419652846,1.34943105803574,-0.31546451607045545,57.48158226230952,29.68069992714129,72.19988708496093,72.11690979003906,,,DWARKESH.BO,2023-08-21 22:11:13.998650
437,2021-10-22 00:00:00+05:30,72.33655325237675,72.58060370697169,68.5293646711298,70.04248046875,187896,0.0,0.0,2021-10-22,71.85577583312988,2.581246351704539,74.43702218483442,69.27452948142535,77.01826853653895,66.69328312972081,-213.25603935000316,5.572943544358686,2556982,207248.8359091567,305432.4618458243,71.26647832752134,70.3111115865506,70.38414961561716,72.23893456010452,68.18769552426264,74.43538865145905,66.33291057977527,76.29017359594641,64.13645648842075,-0.1295355543442517,-81.97671576865903,1.0168232704559017,1.4282971870533538,-0.41147391659745214,47.285602655751475,30.687779504109077,72.43417663574219,71.85577583312988,,,DWARKESH.BO,2023-08-21 22:11:13.998650
438,2021-10-21 00:00:00+05:30,72.72703911198597,74.67944284653593,70.96987277175934,72.0925064086914,151499,0.0,0.0,2021-10-21,71.72154808044434,2.7451018421218043,74.46664992256613,68.97644623832254,77.21175176468795,66.23134439620073,-111.74235581701284,64.83362943135762,2744878,171993.8580067546,329978.3683299912,71.29025458855781,74.62392608374174,72.58060734232889,74.19134191289844,70.48177183812184,76.29017741710548,68.8710372675523,77.90091198767503,66.77220176334525,-0.12324809258711318,-59.28137282726137,1.3255763356989974,1.5311656662027167,-0.2055893305037193,54.354457998679294,32.9518648826442,73.14680480957031,71.72154808044434,,,DWARKESH.BO,2023-08-21 22:11:13.998650
439,2021-10-20 00:00:00+05:30,72.23893737792969,75.41159341141984,70.8234476651965,72.23893737792969,352441,0.0,0.0,2021-10-20,71.46285476684571,2.944825688464642,74.40768045531036,68.51802907838106,77.35250614377499,65.57320338991643,-94.61453697529042,75.45941030227789,2896377,400932.09299359965,369474.4959108003,71.27748956209903,77.66204478946499,72.82465948484868,74.82587130450086,70.23772555827752,77.41280523107203,68.23651373862533,79.41401705072421,65.64957981205417,-0.12386516778125324,-52.45898429107858,1.4988928367251049,1.5825629988286463,-0.08367016210354139,54.912210863961846,33.90438555293477,73.63490447998046,71.46285476684571,,,DWARKESH.BO,2023-08-21 22:11:13.998650
440,2021-10-19 00:00:00+05:30,74.72825021412567,76.24135852419063,72.28774573225127,73.0687026977539,344979,0.0,0.0,2021-10-19,71.20660171508788,3.092996885635775,74.29959860072366,68.11360482945211,77.39259548635944,65.02060794381633,-16.463076913222537,108.3499128851269,3248818,396951.18525870447,361610.09664010047,71.24053277205181,83.77398652859739,73.8659356513986,75.44412557054594,71.49051277860657,77.81954844333796,69.91232285945924,79.3977383624853,67.53689998666721,-0.10097417597052084,-36.5741198809141,1.683658748845275,1.6034805393545315,0.0801782094907435,57.96854766113334,34.93017704401692,74.142529296875,71.20660171508788,,,DWARKESH.BO,2023-08-21 22:11:13.998650
441,2021-10-18 00:00:00+05:30,74.19134221725047,76.33898335493392,72.82465810789316,74.72825622558594,274713,0.0,0.0,2021-10-18,70.88201484680175,3.2251066504185055,74.10712149722026,67.65690819638324,77.33222814763876,64.43180154596475,56.37278977071289,,3593797,323278.71204436244,352774.82448544947,71.16905896441396,88.7100639727125,74.63063256280434,76.43660701771552,72.92228177067476,78.1449578098451,71.11630731576358,79.95093226475628,69.407956523634,-0.09157649089049723,-20.833275625553078,1.812985813185449,1.5834359869818455,0.22954982620360354,64.6512912207094,35.019417055550356,74.24015045166016,70.88201484680175,,,DWARKESH.BO,2023-08-21 22:11:13.998650
442,2021-10-14 00:00:00+05:30,75.16754281592851,75.65564374330467,73.3127578023333,73.60562133789062,172731,0.0,0.0,2021-10-14,70.63796424865723,3.1010262202396826,73.73899046889692,67.53693802841754,76.84001668913659,64.43591180817786,35.31689270137667,,3319084,200213.94260214857,360148.85259572114,71.05469092516918,84.09474688386047,74.1913409611762,75.0699241200191,72.72703817904772,76.53422690214757,71.84845502020482,77.41281006099047,70.38415223807635,-0.08940384376596935,-31.481453359194212,1.7876532858013832,1.5260485304309443,0.2616047553704388,61.89948072812312,34.71707182413705,74.0741943359375,70.63796424865723,,,DWARKESH.BO,2023-08-21 22:11:13.998650
443,2021-10-13 00:00:00+05:30,75.85087568031749,76.92470360158411,74.04490386846774,74.53300476074219,269675,0.0,0.0,2021-10-13,70.49641494750976,3.0220407451504623,73.51845569266023,67.4743742023593,76.54049643781069,64.45233345720884,86.79691509119274,,3491815,316520.88017583825,400132.5800941142,71.00208837821727,87.59151513100021,75.16753741026469,76.29017095206163,73.41037121894526,78.04733714338106,72.28773767714831,79.169970685178,70.53057148582889,-0.09410501586782678,-22.685233304044807,1.8386968451993368,1.4606473415883343,0.37804950361100254,65.85219542630529,34.6166820198986,73.8691909790039,70.49641494750976,,,DWARKESH.BO,2023-08-21 22:11:13.998650
444,2021-10-12 00:00:00+05:30,73.70324089913312,76.0461268676118,73.70324089913312,74.77706146240234,505851,0.0,0.0,2021-10-12,70.25236473083496,2.8722780564544172,73.12464278728937,67.38008667438054,75.9969208437438,64.50780861792612,81.76520479010561,,3761490,595667.7049730901,421035.5050736831,70.88463167567741,86.0420766304494,74.84214307638241,75.9810452536317,73.63815928515302,77.1850290448611,72.49925710790373,78.32393122211039,71.29527331667434,-0.09532635228274727,-16.504889034694568,1.784855809978012,1.3661349656855837,0.4187208442924284,66.87553397809762,33.98433696816937,73.31275634765625,70.25236473083496,,,DWARKESH.BO,2023-08-21 22:11:13.998650
445,2021-10-11 00:00:00+05:30,73.89847763223246,75.36278041845499,73.06870754293884,73.55680847167969,168021,0.0,0.0,2021-10-11,69.95462303161621,2.680819327805155,72.63544235942136,67.27380370381105,75.31626168722651,64.5929843760059,65.42742137444215,,3255639,194625.3874125191,377377.4550988313,70.6255870017387,84.49653054727614,73.99609881102451,74.92349007911018,72.62941720359403,76.29017168654066,71.70202593550836,77.21756295462633,70.33534432807788,-0.06719831237730942,-28.640815153874133,1.664843812296624,1.2614547546124766,0.40338905768414746,64.25344661835103,33.563350867938176,73.19561157226562,69.95462303161621,,,DWARKESH.BO,2023-08-21 22:11:13.998650
446,2021-10-08 00:00:00+05:30,73.21513734422479,75.65564192236562,71.26273368171213,73.89847564697266,444226,0.0,0.0,2021-10-08,69.59586868286132,2.6533478840074913,72.24921656686881,66.94252079885383,74.9025644508763,64.28917291484635,67.55086831730044,,3423660,516954.71536539064,423065.47202040936,70.5593270161124,82.41315054515057,73.60561708368347,75.9485004856548,71.55559224500132,77.99852532433695,69.21270884302999,80.34140872630829,67.16268400434784,-0.030865534435591455,-23.214346605922394,1.6061436126500155,1.1606074901914396,0.4455361224585759,65.59719496400885,33.31773778992875,73.45918579101563,69.59586868286132,,,DWARKESH.BO,2023-08-21 22:11:13.998650
447,2021-10-07 00:00:00+05:30,72.09250363834177,73.41037461895439,71.75083448749092,72.58060455322266,183582,0.0,0.0,2021-10-07,69.1858642578125,2.5862053888108094,71.77206964662331,66.59965886900169,74.35827503543412,64.01345348019088,54.9615521695501,,2979434,209828.13742776238,399593.161184164,70.34707969983887,77.09800267543744,72.58060455322266,73.41037461895439,71.75083448749092,74.24014468468613,70.92106442175918,75.06991475041787,70.09129435602745,-0.05049934041937124,-35.26789862900821,1.473005019889527,1.0492234595767955,0.4237815603127315,62.79196422715511,33.05323139822629,72.77584381103516,69.1858642578125,,,DWARKESH.BO,2023-08-21 22:11:13.998650
448,2021-10-06 00:00:00+05:30,75.36277524983592,75.36277524983592,71.2139176400806,71.7508316040039,139218,0.0,0.0,2021-10-06,68.8295509338379,2.5847890094239587,71.41433994326185,66.24476192441394,73.99912895268581,63.65997291498998,77.80655549704197,,2795852,157302.41013042192,447034.4171232644,70.28682595037172,76.6184409917822,72.77584149797347,74.33776535586635,70.18890774611103,76.9246991077288,68.62698388821815,78.48662296562168,66.0400501363557,-0.0625147303337027,-42.85719280063898,1.4100193532413954,0.9432780694986127,0.4667412837427827,60.931951434128486,33.4721736805433,72.06321563720704,68.8295509338379,,,DWARKESH.BO,2023-08-21 22:11:13.998650
449,2021-10-05 00:00:00+05:30,74.67943849061665,75.85087768388698,73.89847406321725,74.19133758544922,486824,0.0,0.0,2021-10-05,68.51472625732421,2.593691129197203,71.10841738652141,65.92103512812702,73.70210851571862,63.327343998929805,163.78627980017532,,2935070,568772.0266818829,519467.418871475,70.25625012584352,80.71811597156622,74.64689644418449,75.39531882515173,73.442915204482,76.59930006485422,72.69449282351476,77.34772244582146,71.49051158381228,-0.06596829085520615,-20.53576398297077,1.3897347469522003,0.8265927485629171,0.5631419983892832,70.5606813143792,33.92334229226932,71.33106536865235,68.51472625732421,,,DWARKESH.BO,2023-08-21 22:11:13.998650
450,2021-10-04 00:00:00+05:30,71.45797306078869,76.43660849724316,71.45797306078869,74.87467956542969,1404492,0.0,0.0,2021-10-04,68.14865074157714,2.243340913640938,70.39199165521808,65.90530982793621,72.63533256885901,63.661968914295265,253.87455736919105,,3421894,1656026.5450639883,507141.26691887295,69.94622166253886,80.05132958312173,74.25642037448718,77.05486768818567,72.0762322517312,79.23505581094165,69.27778493803271,82.03350312464013,67.09759681527673,-0.015333219701487554,-14.285761122815812,1.1023548551676043,0.6858072489655962,0.41654760620200815,73.56921184118497,32.68860367834073,69.96438293457031,68.14865074157714,,,DWARKESH.BO,2023-08-21 22:11:13.998650
451,2021-10-01 00:00:00+05:30,69.31032658670807,71.26273015253084,68.77341262697539,70.48176574707031,356531,0.0,0.0,2021-10-01,67.81918258666992,1.5931963753942868,69.41237896206421,66.22598621127564,71.0055753374585,64.63278983588135,161.98624012101422,,2017402,395719.19814574096,219919.94738259408,68.49647156882487,70.75834452739906,70.17263617552551,71.57185972407564,69.08254219852019,72.66195370108096,67.68331864997006,74.06117724963109,66.59322467296474,-0.18982683376104675,-27.142959517349222,0.6504203312154857,0.5816703474150942,0.06874998380039155,64.49378782295105,31.358885171033027,68.56841583251953,67.81918258666992,,,DWARKESH.BO,2023-08-21 22:11:13.998650
452,2021-09-30 00:00:00+05:30,68.33412540912225,69.50556457986147,67.99245627164237,69.01746368408203,210903,0.0,0.0,2021-09-30,67.72156257629395,1.4770460658607394,69.19860864215468,66.24451651043321,70.67565470801543,64.76747044457247,65.53383983772119,,1660871,229221.2097281308,175970.13469180735,68.33626162229753,68.88947353155586,68.83849484519529,69.6845334187482,68.1714251105291,70.35160315341439,67.32538653697618,71.1976417269673,66.65831680231,-0.2628377562211885,-43.58982798742076,0.49458778900590517,0.5644828514649962,-0.06989506245909105,60.28220231425318,31.508501054067963,68.13888854980469,67.72156257629395,,,DWARKESH.BO,2023-08-21 22:11:13.998650
453,2021-09-29 00:00:00+05:30,67.01625969649733,69.84724660194229,66.38172699302756,68.09008026123047,218752,0.0,0.0,2021-09-29,67.72156257629395,1.4770460658607394,69.19860864215468,66.24451651043321,70.67565470801543,64.76747044457247,-13.776568033555364,,1449968,234557.28490445303,162657.36593272648,68.30211334049929,64.56432567460058,68.1063512854001,69.83097557777263,66.3654559688579,71.57187089431483,64.64083167648536,73.29649518668737,62.89993635994317,-0.2976090955088285,-55.769204198618574,0.4317927254257228,0.581956617079769,-0.1501638916540462,57.28536336606496,32.47823111366353,67.80698089599609,67.72156257629395,,,DWARKESH.BO,2023-08-21 22:11:13.998650
454,2021-09-28 00:00:00+05:30,67.99245808605085,68.57817768705064,66.91863757624641,67.35792541503906,63673,0.0,0.0,2021-09-28,67.7654914855957,1.5014463970075813,69.26693788260329,66.26404508858812,70.76838427961087,64.76259869158054,-50.112536713029364,,1231216,67539.37890257922,144682.38618979484,68.31374268411747,57.97940561539054,67.6182468927787,68.31785620931099,66.65831609850676,69.27778700358293,65.95870678197447,69.97739632011522,64.99877598770253,-0.3466012706474047,-65.38463304594238,0.4361869171012245,0.6194975899932805,-0.18331067289205605,54.799503283168995,33.522555793227994,67.57269287109375,67.7654914855957,,,DWARKESH.BO,2023-08-21 22:11:13.998650
455,2021-09-27 00:00:00+05:30,69.01747026423728,70.28653569338852,67.60198051065494,67.89484405517578,231031,0.0,0.0,2021-09-27,67.83138504028321,1.511503091228082,69.34288813151129,66.31988194905513,70.85439122273937,64.80837885782705,0.6621268744236539,,1294889,247013.165050796,163968.13801159873,68.32924936900716,55.67617529033598,68.59445341973975,69.58692632882456,66.90237114609099,71.27900860247333,65.90989823700617,72.27148151155814,64.21781596335741,-0.3478827015039033,-58.33325175973998,0.5073100804303579,0.6653252582162945,-0.15801517778593666,57.08131688492953,35.284886660596264,67.52388305664063,67.83138504028321,,,DWARKESH.BO,2023-08-21 22:11:13.998650
456,2021-09-24 00:00:00+05:30,71.16511618116388,71.16511618116388,67.94364710488173,68.3341293334961,137513,0.0,0.0,2021-09-24,67.85823020935058,1.5174456549577333,69.37567586430832,66.34078455439284,70.89312151926605,64.82333889943511,40.56225219250807,,1525920,147977.08553906722,143206.88125179938,68.35642016468906,59.19911813105086,69.14763087318057,70.35161464147942,67.13014556519727,72.36909994946272,65.92616179689843,73.57308371776156,63.90867648891512,-0.32896041914539703,-52.564094648593105,0.5378044146726779,0.7048290526627786,-0.1670246379901007,58.93815619318913,36.72448741574938,67.26030731201172,67.85823020935058,,,DWARKESH.BO,2023-08-21 22:11:13.998650
457,2021-09-23 00:00:00+05:30,67.55316279942939,67.89483939385568,66.52815535963695,67.35792541503906,45204,0.0,0.0,2021-09-23,67.95096931457519,1.6023628799149354,69.55333219449012,66.34860643466025,71.15569507440506,64.74624355474532,-33.42388684906889,,1388407,47948.89645394738,142014.3301799824,68.35728211844075,54.91820408908909,67.2603067228439,67.99245808605083,66.62577405183211,68.62699075706261,65.89362268862517,69.35914212026955,65.25909001761339,-0.34434610892342765,-65.38463304594238,0.5254349073957343,0.7465852121603037,-0.22115030476456943,55.97636123495965,38.04483840799856,67.56293029785157,67.95096931457519,,,DWARKESH.BO,2023-08-21 22:11:13.998650
458,2021-09-22 00:00:00+05:30,67.55316538418022,68.57818031102107,66.72339529702906,66.91864013671875,67366,0.0,0.0,2021-09-22,68.0900779724121,1.6676067099749194,69.75768468238702,66.42247126243718,71.42529139236194,64.75486455246227,-18.4331333606924,,1343203,70990.61121182871,165530.68861149118,68.37014881874097,54.094260808345815,67.40673858158964,68.09008186615021,66.2352968521582,69.26152359558165,65.55195356759762,69.94486688014223,64.38051183816619,-0.30643189337401533,-71.15379015708925,0.5977783497847184,0.801872788351446,-0.2040944385667276,54.611448831873524,40.64893091213701,68.24627227783203,68.0900779724121,,,DWARKESH.BO,2023-08-21 22:11:13.998650
459,2021-09-21 00:00:00+05:30,66.77220718913966,67.74840902685273,65.50314182098109,67.11387634277344,74166,0.0,0.0,2021-09-21,68.15353088378906,1.64467351331631,69.79820439710537,66.50885737047275,71.44287791042169,64.86418385715643,-36.623608878645776,,1410569,78384.50634905479,189165.7079614068,68.39854396057336,49.82657094559317,66.78847573020242,68.07380963942376,65.82854243355212,69.03374293607406,64.54320852433078,70.3190768452954,63.583275227680474,-0.20735026414445545,-68.58974259596785,0.724605574650866,0.8528963979931279,-0.12829082334226194,55.33557781275783,43.575982407835696,68.7929443359375,68.15353088378906,,,DWARKESH.BO,2023-08-21 22:11:13.998650
460,2021-09-20 00:00:00+05:30,67.84603075697693,69.60319712262027,66.3817279348839,66.57696533203125,155737,0.0,0.0,2021-09-20,67.97293376922607,1.9371470274375224,69.91008079666359,66.03578674178856,71.84722782410113,64.09863971435102,-10.403907559002725,,1336403,163278.4419054619,216861.00836449474,68.42682106542412,54.711705928884484,67.52063012984515,68.65953232480639,65.43806313707002,70.74209931758152,64.29916094210877,71.88100151254277,62.21659394933364,-0.22855595118718913,-75.64102368492283,0.8567761744566695,0.8849691038286933,-0.02819292937202378,53.799702047110735,46.173456393114876,69.13461456298828,67.97293376922607,,,DWARKESH.BO,2023-08-21 22:11:13.998650
461,2021-09-17 00:00:00+05:30,71.26273394409718,71.65321616760322,67.2114948399012,69.84724426269531,215927,0.0,0.0,2021-09-17,,,,,,,67.186009830982,,1492140,237503.09556991365,230256.64997925292,68.5164649810384,55.188244103859304,69.57065175673324,71.92980867356528,67.48808734586326,74.01237308443525,65.12893042903123,76.37153000126729,63.04636601816125,,-32.69227516228885,1.065890736259064,0.8920173361716992,0.17387340008736474,66.69594136918218,49.4857945425505,69.09556579589844,,,,DWARKESH.BO,2023-08-21 22:11:13.998650
462,2021-09-16 00:00:00+05:30,71.2627362481479,72.33655681163634,70.53058484833817,70.7746353149414,219298,0.0,0.0,2021-09-16,,,,,,,142.52648170035903,,1708067,244413.59475296258,228445.03858158772,68.42061093013294,57.13570263361011,71.2139256583053,71.89726646827243,70.09129450497426,73.01989762160348,69.40795369500712,73.70323843157061,68.28532254167608,,-20.512798753843636,0.9953979587852331,0.848548986149858,0.1468489726353751,71.20343001037757,53.01284214602481,68.26579437255859,,,,DWARKESH.BO,2023-08-21 22:11:13.998650
463,2021-09-15 00:00:00+05:30,69.3103312697077,71.75083589188051,68.96866211216933,69.6520004272461,385514,0.0,0.0,2021-09-15,,,,,,,122.84039528340756,,1488769,422850.4484749514,224452.89953874398,68.23481548160161,57.14734295970445,70.12383281043198,71.27900350869463,68.49682972898344,72.90600659014316,67.34165903072079,74.06117728840582,65.71465594927226,,-39.520958877634406,0.7987300876500285,0.8118367429910142,-0.013106655340985651,68.84916517962125,54.029666392407364,67.20173492431641,,,,DWARKESH.BO,2023-08-21 22:11:13.998650
464,2021-09-14 00:00:00+05:30,66.38172295752992,69.79842928622631,65.99124074468459,68.82222747802734,275184,0.0,0.0,2021-09-14,,,,,,,34.53410936708046,,1103255,298239.3548982314,174853.51230469212,68.00650473978179,53.43457490184247,68.20396583631275,70.4166909279409,66.60950238639919,72.01115437785447,64.39677729477103,74.22387946948263,62.802313844857466,,-49.700617082234075,0.6453961720658583,0.8151134068262604,-0.16971723476040212,66.9921875,55.405559307599844,66.36220245361328,,,,DWARKESH.BO,2023-08-21 22:11:13.998650
465,2021-09-13 00:00:00+05:30,64.72218143829892,66.96744107904499,64.72218143829892,66.38172149658203,211896,0.0,0.0,2021-09-13,,,,,,,-75.87840748643708,,828071,221505.3992974322,144007.05165630727,67.90051100665299,53.46306298843768,66.02378133797531,67.3253812376517,65.08012159690563,68.26904097872138,63.77852169722924,69.57064087839777,62.83486195615956,,-70.00005661055862,0.5210236285960548,0.8575427155163609,-0.3365190869203061,60.57692307692309,58.022371457431845,65.97172241210937,,,,DWARKESH.BO,2023-08-21 22:11:13.998650
466,2021-09-09 00:00:00+05:30,65.89362453585963,66.38172545834747,65.01504138581569,65.6983871459961,54667,0.0,0.0,2021-09-09,,,,,,,-111.90600882430311,,616175,56557.86368957935,124632.46474602603,68.06936784070943,48.22305321637328,65.69838466338642,66.38172794095715,65.01504386842537,67.0650687359182,64.33170059085464,67.74841201348893,63.64835979589358,,-65.91925725768596,0.5942476487112174,0.9416724872464374,-0.34742483853522,,61.39954004659935,66.35244140625,,,,DWARKESH.BO,2023-08-21 22:11:13.998650
467,2021-09-08 00:00:00+05:30,65.30790630431095,67.0650651938577,64.9174240684686,65.45433807373047,114867,0.0,0.0,2021-09-08,,,,,,,-146.8557374202102,,561508,118398.65295151557,141651.1150101377,68.1393827505201,,65.81227577868559,66.70712748890257,64.55948636351347,67.95991690407469,63.66463465329649,68.85476861429167,62.41184523812437,,,0.7462909112843761,1.0285286968802423,-0.2822377855958662,,64.202408024326,66.91863708496093,,,,DWARKESH.BO,2023-08-21 22:11:13.998650
468,2021-09-07 00:00:00+05:30,66.86982779985112,67.55316612670333,65.16147453489143,65.45433807373047,161807,0.0,0.0,2021-09-07,,,,,,,-213.67856798604328,,676375,166781.8506457545,147464.2305247932,68.31700761965178,,66.05632624510841,66.95117795532539,64.55948636351349,68.44801783692031,63.6646346532965,69.3428695471373,62.16779477170158,,,0.9536800589491463,1.0990881432792088,-0.14540808433006247,,67.22088123110855,67.63126220703126,,,,DWARKESH.BO,2023-08-21 22:11:13.998650
469,2021-09-06 00:00:00+05:30,68.57818052194415,68.91984968266559,66.67458987804673,66.86982727050781,93135,0.0,0.0,2021-09-06,,,,,,,-123.83767523498557,,838182,98074.51467205024,142634.82549455288,68.61118390138077,,67.48808894374004,68.30158800943335,66.05632820481449,69.73334874835889,65.24282913912118,70.5468478140522,63.81106840019564,,,1.2047513152934357,1.1354401643617242,0.06931115093171147,,70.67554834139362,68.33412628173828,,,,DWARKESH.BO,2023-08-21 22:11:13.998650
470,2021-09-03 00:00:00+05:30,69.2615183178415,69.7008136192893,68.04126600464608,68.28531646728516,57866,0.0,0.0,2021-09-03,,,,,,,3.6529986136212265,,931317,62224.84687616745,153774.90320017852,68.72065997540403,,68.67579869707352,69.31033138950096,67.65078377485773,70.33534631171675,67.01625108243029,70.96987900414419,65.9912361602145,,,1.3685405587289807,1.1181123766287961,0.2504281821001846,,75.92257566061886,68.69532012939453,,,,DWARKESH.BO,2023-08-21 22:11:13.998650
471,2021-09-02 00:00:00+05:30,69.70081220514868,69.70081220514868,68.13889076551372,68.52936553955078,76434,0.0,0.0,2021-09-02,,,,,,,,,989183,82485.25976233896,176662.4172811813,68.73835610269067,,68.7896895034044,69.44048824129509,67.87856680166013,70.35161094303936,67.22776806376945,71.00240968093004,66.31664536202517,,,1.4181007213429524,1.0555053311037499,0.3625953902392025,,79.90657078436817,68.72460632324218,,,,DWARKESH.BO,2023-08-21 22:11:13.998650
472,2021-09-01 00:00:00+05:30,68.96865806320125,69.74961502775119,68.33412540912225,69.01746368408203,117139,0.0,0.0,2021-09-01,,,,,,,,,1065617,127313.23540368567,200206.70666089185,68.7502138839332,,69.03373470698516,69.73334400484806,68.31785438621912,70.4492243256141,67.61824508835622,71.148833623477,66.90236476759019,,,1.436031237249182,0.964856483543949,0.4711747537052329,,84.02115168734854,69.05651550292968,,,,DWARKESH.BO,2023-08-21 22:11:13.998650
473,2021-08-31 00:00:00+05:30,70.18891069350943,70.62819852302574,68.82222668815064,68.96865844726562,148849,0.0,0.0,2021-08-31,,,,,,,,,948478,161663.04215064034,218430.0744751934,68.7247621945404,,69.47302788614734,70.12382908414403,68.31785724926893,71.27899972102244,67.66705605127223,71.92980091901914,66.51188541439382,,,1.3891594102396851,0.8470627951176408,0.5420966151220443,,88.1078424191788,69.28104248046876,,,,DWARKESH.BO,2023-08-21 22:11:13.998650
474,2021-08-30 00:00:00+05:30,70.28653100044843,70.28653100044843,68.04126383658036,68.67579650878906,132782,0.0,0.0,2021-08-30,,,,,,,,,799629,143600.50206711242,232621.83255633165,68.69118318295553,,69.00119711527262,69.96113039396488,67.7158632300968,71.2464642791407,66.75592995140454,72.20639755783296,65.47059606622872,,,1.3129079745846184,0.7115386413371299,0.6013693332474885,,91.60690337246392,69.12485046386719,,,,DWARKESH.BO,2023-08-21 22:11:13.998650
475,2021-08-27 00:00:00+05:30,70.92106510554844,70.92106510554844,67.9436465169365,68.43174743652344,140757,0.0,0.0,2021-08-27,,,,,,,,,666847,151684.31667150345,254877.16517863644,68.6933375032715,,69.09881968633613,70.25399285573576,67.27657426712382,72.07623827494807,66.12140109772419,73.2314114443477,64.29915567851188,,,1.224232949018841,0.5611963080252577,0.6630366409935834,,95.64802397090722,68.0900779724121,,,,DWARKESH.BO,2023-08-21 22:11:13.998650
476,2021-08-26 00:00:00+05:30,71.26273193650688,72.87346640819916,69.89604791665197,70.18891143798828,220576,0.0,0.0,2021-08-26,,,,,,,,,807604,243803.4299362676,280675.37730541965,68.73892993845664,,70.98614192094647,72.07623592524097,69.09881743369377,73.96356041249366,68.00872342939927,75.05365441678816,66.12139894214657,,,1.1161881969036784,0.3954371477768618,0.7207510491268166,,100.0,,,,,DWARKESH.BO,2023-08-21 22:11:13.998650
477,2021-08-25 00:00:00+05:30,68.33412671251241,71.3115452126891,67.84602580742303,70.14009857177734,215923,0.0,0.0,2021-08-25,,,,,,,,,587028,238494.47627261482,289893.3641477076,68.19409882436891,,69.76588986396315,71.68575392050327,68.22023451523721,73.23140926922922,66.30037045869709,75.15127332576934,64.75471510997114,,,0.7878922005376836,0.21524938549515754,0.572642815042526,,100.0,,,,,DWARKESH.BO,2023-08-21 22:11:13.998650
478,2021-08-24 00:00:00+05:30,64.42932269652627,68.82223106219851,63.59955260590956,68.18769836425781,281939,0.0,0.0,2021-08-24,,,,,,,,,371105,302743.08611648076,302743.08611648076,67.06184217608966,,66.86982734412196,70.14010208233435,64.9174236260454,72.09250580041092,61.647148887833005,75.36278053862331,59.69474516975645,,,0.36044340867263003,0.07208868173452601,0.28835472693810404,,100.0,,,,,DWARKESH.BO,2023-08-21 22:11:13.998650
479,2021-08-23 00:00:00+05:30,67.55316581731469,67.74841065825625,61.988818187490516,63.50193405151367,89166,0.0,0.0,2021-08-23,,,,,,,,,89166,,,63.50193405151367,,64.41305429908681,66.8372904106831,61.07769793991737,70.17264676985255,58.65346182832108,72.59688288144883,55.31810546915164,,,0.0,0.0,0.0,,,,,,,DWARKESH.BO,2023-08-21 22:11:13.998650
>>>>>>> Stashed changes
