<<<<<<< Updated upstream
Trading Day,Date,Open,High,Low,Close,Volume,Dividends,Stock Splits,date_only,Close_ema_12,Close_ema_26,rsi,ADX,Close_ema_20,sma_20,Close_ema_5,macd,macd_ema_9,RollingMean,RollingStd,UpperBand1,LowerBand1,UpperBand2,LowerBand2,symbol,created_on
1,2023-08-21 00:00:00+05:30,498.04998779296875,502.0,466.0,472.3999938964844,66181,0.0,0.0,2023-08-21,497.4162951220719,485.65143507628767,46.43315232521671,41.407803941758345,492.30930838639273,511.3874969482422,493.4890454286111,11.764860045784246,18.212602613253473,511.3874969482422,26.02262912996223,537.4101260782044,485.36486781827995,563.4327552081667,459.3422386883177,IONEXCHANG.BO,2023-08-21 12:14:43.768611
2,2023-08-18 00:00:00+05:30,506.6499938964844,508.0,490.6000061035156,501.29998779296875,12418,0.0,0.0,2023-08-18,501.96471352672415,486.71155037067194,55.2005622139854,43.72447926160318,494.40502570111994,513.4474960327149,504.03357119467444,15.25316315605221,19.82453825512078,513.4474960327149,24.35090515212339,537.7984011848382,489.09659088059146,562.1493063369617,464.74568572846806,IONEXCHANG.BO,2023-08-21 12:14:43.768611
3,2023-08-17 00:00:00+05:30,513.25,513.25,501.54998779296875,507.0,17534,0.0,0.0,2023-08-17,502.08557275104334,485.54447537688816,57.17781891767678,44.698512299174396,493.6792402177674,512.7124969482422,505.4003628955273,16.541097374155186,20.96738202988792,512.7124969482422,24.951306619943956,537.6638035681862,487.76119032829826,562.6151101881302,462.80988370835433,IONEXCHANG.BO,2023-08-21 12:14:43.768611
4,2023-08-16 00:00:00+05:30,502.3500061035156,519.5,497.6499938964844,513.25,28468,0.0,0.0,2023-08-16,501.1920405239603,483.82803340703924,59.342044564698455,44.948525673471316,492.27705497753243,507.9824966430664,504.6005443432909,17.364007116921073,22.0739531938211,507.9824966430664,33.5694832660109,541.5519799090773,474.4130133770555,575.1214631750881,440.8435301110446,IONEXCHANG.BO,2023-08-21 12:14:43.768611
5,2023-08-14 00:00:00+05:30,501.70001220703125,514.4500122070312,490.1499938964844,512.7999877929688,28341,0.0,0.0,2023-08-14,498.9996842555895,481.47427607960236,59.23889468645872,45.21777084579108,490.06937655411474,503.40999603271484,500.2758165149363,17.52540817598714,23.251439713046107,503.40999603271484,38.656937098997616,542.0669331317124,464.7530589337172,580.7238702307101,426.0961218347196,IONEXCHANG.BO,2023-08-21 12:14:43.768611
6,2023-08-11 00:00:00+05:30,502.0,517.0,486.8999938964844,500.20001220703125,25376,0.0,0.0,2023-08-11,496.4905381578842,478.96821914253303,56.36031583106514,45.65427964696389,487.67668063423537,497.9149963378906,494.01373087592003,17.522319015351172,24.682947597310847,497.9149963378906,44.6052894449493,542.5202857828399,453.30970689294134,587.1255752277892,408.704417447992,IONEXCHANG.BO,2023-08-21 12:14:43.768611
7,2023-08-10 00:00:00+05:30,472.0,507.5,472.0,498.8999938964844,34394,0.0,0.0,2023-08-10,495.8160883307666,477.26967569737315,56.063046405418746,46.124366048226925,486.35843520552,492.8324951171875,490.92059021036437,18.54641263339346,26.473104742800764,492.8324951171875,49.817853666779065,542.6503487839666,443.0146414504084,592.4682024507456,393.19678778362936,IONEXCHANG.BO,2023-08-21 12:14:43.768611
8,2023-08-09 00:00:00+05:30,477.04998779296875,498.0,466.54998779296875,469.54998779296875,30446,0.0,0.0,2023-08-09,495.2553782279088,475.5392502414442,48.7432346796046,46.88973951731748,485.03827113278686,487.8149948120117,486.93088836730425,19.716127986464585,28.45477777015259,487.8149948120117,54.048429937264046,541.8634247492757,433.7665648747477,595.9118546865398,379.7181349374836,IONEXCHANG.BO,2023-08-21 12:14:43.768611
9,2023-08-08 00:00:00+05:30,472.04998779296875,483.8500061035156,470.75,479.1499938964844,28480,0.0,0.0,2023-08-08,499.9290855797161,476.01839123732225,51.34108078415912,47.98187290403446,486.66861674750453,484.7124954223633,495.62133865447197,23.910694342393867,30.63944021607459,484.7124954223633,56.85984646293204,541.5723418852954,427.85264895943124,598.4321883482273,370.9928024964992,IONEXCHANG.BO,2023-08-21 12:14:43.768611
10,2023-08-07 00:00:00+05:30,498.1000061035156,503.20001220703125,470.1000061035156,476.75,16315,0.0,0.0,2023-08-07,503.7071022493946,475.76786302458925,50.73151070008083,49.58063218972862,487.46005073182243,480.49999542236327,503.8570110334657,27.939239224805362,32.32162668449477,480.49999542236327,60.30983228649875,540.809827708862,420.1901631358645,601.1196599953607,359.8803308493658,IONEXCHANG.BO,2023-08-21 12:14:43.768611
11,2023-08-04 00:00:00+05:30,515.0499877929688,515.0499877929688,490.3500061035156,495.3999938964844,22131,0.0,0.0,2023-08-04,508.60839356746635,475.6892920665564,55.773118094209956,51.30237295893771,488.58742449306686,476.1749954223633,517.4105165501985,32.91910150090996,33.417223549417116,476.1749954223633,63.60450507304594,539.7795004954093,412.5704903493173,603.3840055684552,348.9659852762714,IONEXCHANG.BO,2023-08-21 12:14:43.768611
12,2023-08-03 00:00:00+05:30,485.1000061035156,518.25,485.1000061035156,515.0499877929688,10122,0.0,0.0,2023-08-03,511.00992078037217,474.11243592016217,61.77983258941121,52.06067193749817,487.87031192428606,471.7399963378906,528.4157778770556,36.89748486021,33.541754061543905,471.7399963378906,65.26420661434996,537.0042029522406,406.47578972354063,602.2684095665905,341.21158310919066,IONEXCHANG.BO,2023-08-21 12:14:43.768611
13,2023-07-28 00:00:00+05:30,519.8499755859375,544.0,516.0499877929688,521.2000122070312,40570,0.0,0.0,2023-07-28,510.2753631417183,470.8374317703376,63.77600122671569,52.877301606717126,485.0092934117931,466.7724975585937,535.0986729190989,39.43793137138067,32.702821361877376,466.7724975585937,65.57443348637142,532.3469310449651,401.19806407222234,597.9213645313366,335.6236305858509,IONEXCHANG.BO,2023-08-21 12:14:43.768611
14,2023-07-26 00:00:00+05:30,603.0,609.0,535.7999877929688,549.5499877929688,74939,0.0,0.0,2023-07-26,508.2890633116614,466.8084253354021,74.01242888744429,51.87269272208451,481.199744064926,461.554997253418,542.0480032751327,41.48063797625929,31.01904385950155,461.554997253418,65.16601262512407,526.7210098785421,396.3889846282939,591.8870225036661,331.22297200316984,IONEXCHANG.BO,2023-08-21 12:14:43.768611
15,2023-07-24 00:00:00+05:30,548.9500122070312,575.0,526.7000122070312,570.1500244140625,29416,0.0,0.0,2023-07-24,500.7870770423328,460.1891003387967,83.0013081539704,49.33135177066229,474.0049815672373,454.48999786376953,538.2970110162146,40.59797670353606,28.40364533031211,454.48999786376953,62.73821754439776,517.2282154081673,391.7517803193718,579.966432952565,329.013562774974,IONEXCHANG.BO,2023-08-21 12:14:43.768611
16,2023-07-21 00:00:00+05:30,528.7000122070312,540.3499755859375,528.7000122070312,538.3499755859375,8334,0.0,0.0,2023-07-21,488.17563206565467,451.39222641277547,79.41820456392315,46.854130995222306,463.8844507412557,446.24499664306643,522.3705043172905,36.783405652879196,25.355062487006116,446.24499664306643,57.34169495123857,503.586691594305,388.90330169182783,560.9283865455436,331.5616067405893,IONEXCHANG.BO,2023-08-21 12:14:43.768611
17,2023-07-20 00:00:00+05:30,528.5999755859375,537.5,522.0,529.25,6787,0.0,0.0,2023-07-20,479.053024152876,444.4356064789225,78.1969961629151,44.56768092772645,456.04597444181553,439.979997253418,514.380768682967,34.61741767395347,22.497976695537844,439.979997253418,53.46268090290084,493.44267815631883,386.51731635051715,546.9053590592197,333.0546354476163,IONEXCHANG.BO,2023-08-21 12:14:43.768611
18,2023-07-19 00:00:00+05:30,525.0,530.9500122070312,523.0999755859375,527.0499877929688,6407,0.0,0.0,2023-07-19,469.92630127158077,437.65045499723635,77.90266033998063,42.14306622825538,448.34028754095397,435.14924774169924,506.9461530244504,32.27584627434442,19.468116450933934,435.14924774169924,49.164064417602,484.31331215930123,385.98518332409725,533.4773765769032,336.82111890649526,IONEXCHANG.BO,2023-08-21 12:14:43.768611
19,2023-07-17 00:00:00+05:30,543.9500122070312,543.9500122070312,517.6500244140625,525.6500244140625,33483,0.0,0.0,2023-07-17,459.5401764495102,430.4984923735778,77.72496919909966,39.617960473941864,440.0550559354787,429.1119979858398,496.8942356401911,29.041684075932437,16.266183995081313,429.1119979858398,44.4748756438299,473.5868736296697,384.63712234200995,518.0617492734996,340.16224669818,IONEXCHANG.BO,2023-08-21 12:14:43.768611
20,2023-07-14 00:00:00+05:30,516.3499755859375,526.1500244140625,516.3499755859375,524.7999877929688,24302,0.0,0.0,2023-07-14,447.52020409231886,422.88636981033903,77.62352583395405,36.898615815450384,431.04505925352254,423.5947463989258,482.5163412532553,24.63383428197983,13.072308974868534,423.5947463989258,38.281862033755445,461.8766084326812,385.31288436517036,500.1584704664367,347.0310223314149,IONEXCHANG.BO,2023-08-21 12:14:43.768611
21,2023-07-10 00:00:00+05:30,492.70001220703125,518.9000244140625,483.8999938964844,513.5999755859375,50308,0.0,0.0,2023-07-10,433.46933432856434,414.73328037172865,76.30310878675817,34.207037326991106,421.17611940726505,417.9932464599609,461.3745179833985,18.73605395683569,10.18192764809071,417.9932464599609,29.992680431764406,447.98592689172534,388.0005660281965,477.9786073234897,358.0078855964321,IONEXCHANG.BO,2023-08-21 12:14:43.768611
22,2023-07-07 00:00:00+05:30,462.0,497.70001220703125,462.0,486.6000061035156,69000,0.0,0.0,2023-07-07,418.90012682722374,406.82394475459193,72.69650181554724,31.413971237083217,411.44729244108896,411.99774780273435,435.2617891821289,12.07618207263181,8.043396070904464,411.99774780273435,20.290959411363513,432.2887072140979,391.7067883913708,452.57966662546136,371.41582898000735,IONEXCHANG.BO,2023-08-21 12:14:43.768611
23,2023-06-30 00:00:00+05:30,428.95001220703125,428.95001220703125,401.0,412.3999938964844,82115,0.0,0.0,2023-06-30,406.5910578678979,400.441859846678,55.358327967124545,28.752593600365245,403.536480476623,406.8477478027344,409.5926807214355,6.149198021219888,7.035199570472629,406.8477478027344,11.546752637310576,418.39450044004496,395.3009951654238,429.94125307735555,383.7542425281132,IONEXCHANG.BO,2023-08-21 12:14:43.768611
24,2023-06-28 00:00:00+05:30,400.04998779296875,425.5,400.04998779296875,421.79998779296875,53938,0.0,0.0,2023-06-28,405.5348876808822,399.4852091226935,59.827478957310994,28.114749897174026,402.603479064006,405.4914978027344,408.18902413391106,6.0496785581887025,7.256699957785814,405.4914978027344,12.420251768872882,417.9117495716073,393.0712460338615,430.33200134048013,380.65099426498864,IONEXCHANG.BO,2023-08-21 12:14:43.768611
25,2023-06-27 00:00:00+05:30,399.70001220703125,405.5,396.3500061035156,402.8999938964844,22900,0.0,0.0,2023-06-27,402.57759675141193,397.7000268290715,52.697747884700085,27.62811952260906,400.5827939346415,403.44849853515626,401.3835423043822,4.877569922340456,7.558455307685091,403.44849853515626,12.94588450071432,416.3943830358706,390.50261403444193,429.3402675365849,377.5567295337276,IONEXCHANG.BO,2023-08-21 12:14:43.768611
26,2023-06-26 00:00:00+05:30,405.95001220703125,405.95001220703125,393.25,398.54998779296875,13952,0.0,0.0,2023-06-26,402.5189790886715,397.28402946367845,50.83281960409778,28.54825071494864,400.3388781491844,402.4407485961914,400.625316508331,5.234949624993021,8.22867665402125,402.4407485961914,13.750302546452154,416.1910511426435,388.69044604973925,429.9413536890957,374.94014350328706,IONEXCHANG.BO,2023-08-21 12:14:43.768611
27,2023-06-23 00:00:00+05:30,410.0,410.0,394.6499938964844,398.54998779296875,37929,0.0,0.0,2023-06-23,403.24061386970834,397.18275279733524,50.83281960409778,29.539161229775882,400.52718239720707,401.31274871826173,401.66298086601216,6.0578610723731,8.977108411278307,401.31274871826173,14.958543600046816,416.27129231830855,386.3542051182149,431.2298359183554,371.3956615181681,IONEXCHANG.BO,2023-08-21 12:14:43.768611
28,2023-06-22 00:00:00+05:30,401.0,410.0,392.5,407.5,33511,0.0,0.0,2023-06-22,404.0934549745701,397.0733739976846,54.6556004169599,30.44980101122321,400.73530814502163,401.4529998779297,403.2194774025338,7.020080976885481,9.706920246004607,401.4529998779297,14.944419899411747,416.39741977734144,386.50857997851796,431.3418396767532,371.5641600791062,IONEXCHANG.BO,2023-08-21 12:14:43.768611
29,2023-06-21 00:00:00+05:30,387.8500061035156,401.1499938964844,387.8500061035156,394.8999938964844,37894,0.0,0.0,2023-06-21,403.47408315176466,396.2392439174994,49.71175978811183,31.430490006628023,400.02323531818183,400.7929992675781,401.0792161038007,7.23483923426528,10.378630063284389,400.7929992675781,14.95478341317892,415.74778268075704,385.8382158543992,430.70256609393596,370.8834324412203,IONEXCHANG.BO,2023-08-21 12:14:43.768611
30,2023-06-20 00:00:00+05:30,402.04998779296875,411.0,386.54998779296875,390.25,74410,0.0,0.0,2023-06-20,405.03300847090657,396.3463839191806,47.75992841525481,33.15789828595934,400.56252388888686,401.2970001220703,404.16882720745883,8.68662455172597,11.164577770539164,401.2970001220703,14.915531660106883,416.21253178217717,386.38146846196344,431.1280634422841,371.4659368018565,IONEXCHANG.BO,2023-08-21 12:14:43.768611
31,2023-06-19 00:00:00+05:30,417.70001220703125,423.20001220703125,405.0,406.70001220703125,28857,0.0,0.0,2023-06-19,407.72082819288954,396.83409463271505,54.739061305689056,35.01818412523923,401.648052719296,401.68274993896483,411.1282408111882,10.886733560174491,11.784066075242462,401.68274993896483,14.713185258316765,416.3959351972816,386.9695646806481,431.1091204555984,372.2563794223313,IONEXCHANG.BO,2023-08-21 12:14:43.768611
32,2023-06-16 00:00:00+05:30,427.6000061035156,427.6000061035156,411.3999938964844,415.70001220703125,23155,0.0,0.0,2023-06-16,407.90643109940925,396.0448212267697,59.12869213584032,35.04752525240904,401.1162675100607,401.3487487792969,413.34235511326665,11.86160987263952,12.008399204009454,401.3487487792969,14.669049598246273,416.01779837754316,386.67969918105064,430.6868479757894,372.0106495828044,IONEXCHANG.BO,2023-08-21 12:14:43.768611
33,2023-06-15 00:00:00+05:30,403.1499938964844,420.0,402.70001220703125,416.8500061035156,32276,0.0,0.0,2023-06-15,406.4894163525689,394.4724059483488,59.69669640171728,34.22905461457901,399.581136489327,400.09399871826173,412.16352656638435,12.017010404220116,12.045096536851936,400.09399871826173,14.448493805454465,414.5424925237162,385.64550491280727,428.99098632917065,371.1970111073528,IONEXCHANG.BO,2023-08-21 12:14:43.768611
34,2023-06-14 00:00:00+05:30,410.5,416.20001220703125,406.3500061035156,408.25,31559,0.0,0.0,2023-06-14,404.60567276148777,392.68219793593545,56.81603817208837,33.763381688031124,397.76336074046503,398.14124908447263,409.82028679781865,11.923474825552319,12.052118070009891,398.14124908447263,14.701659108889858,412.8429081933625,383.43958997558275,427.54456730225235,368.7379308666929,IONEXCHANG.BO,2023-08-21 12:14:43.768611
35,2023-06-13 00:00:00+05:30,413.04998779296875,416.20001220703125,402.6000061035156,405.25,55036,0.0,0.0,2023-06-13,403.943067809031,391.43677377081025,55.792545547376854,33.48440714854555,396.6595039763034,396.8799987792969,410.605430196728,12.506294038220744,12.084278881124282,396.8799987792969,14.869849589930856,411.7498483692278,382.010149189366,426.6196979591586,367.1402995994352,IONEXCHANG.BO,2023-08-21 12:14:43.768611
36,2023-06-12 00:00:00+05:30,433.0,439.79998779296875,410.1499938964844,413.04998779296875,50327,0.0,10.0,2023-06-12,403.70544377430934,390.33171567247507,59.17877902767434,33.18397302909955,395.755241236967,396.1314987182617,413.2831452950919,13.373728101834274,11.978775091850167,396.1314987182617,14.802976483151886,410.9344752014136,381.3285222351098,425.7374516845655,366.5255457519579,IONEXCHANG.BO,2023-08-21 12:14:43.768611
37,2023-06-09 00:00:00+05:30,407.5050048828125,435.3699951171875,407.5050048828125,432.635009765625,120200,0.0,0.0,2023-06-09,402.0064357709167,388.5142539028356,68.93641382681014,31.904021973592275,393.9347415994931,395.16199951171876,413.3997240461535,13.492181868081104,11.63003683935414,395.16199951171876,14.261668506997252,409.423668018716,380.9003310047215,423.68533652571324,366.6386624977243,IONEXCHANG.BO,2023-08-21 12:14:43.768611
38,2023-06-08 00:00:00+05:30,420.0050048828125,420.2749938964844,402.8550109863281,406.30499267578125,34380,0.0,0.0,2023-06-08,396.43760413551524,384.98459343381245,60.88776608487892,30.725793078629962,389.86102916095297,393.09824829101564,403.7820811864177,11.453010701702794,11.164500582172398,393.09824829101564,11.214548857884449,404.3127971489001,381.8836994331312,415.5273460067845,370.66915057524676,IONEXCHANG.BO,2023-08-21 12:14:43.768611
39,2023-06-07 00:00:00+05:30,419.9949951171875,422.7449951171875,405.29998779296875,415.30499267578125,69920,0.0,0.0,2023-06-07,394.64353349183045,383.2789614944549,66.34382159177153,30.253954239683573,388.13008563307636,392.03799896240236,402.5206254417359,11.364571997375549,11.092373052289798,392.03799896240236,10.898158279222045,402.9361572416244,381.1398406831803,413.8343155208464,370.2416824039583,IONEXCHANG.BO,2023-08-21 12:14:43.768611
40,2023-06-06 00:00:00+05:30,398.4949951171875,416.7900085449219,398.4949951171875,412.7699890136719,46130,0.0,0.0,2023-06-06,390.88690454929394,380.71687899994885,65.53446427588281,29.425518993473204,385.26956910226534,390.4467498779297,396.12844182471315,10.170025549345098,11.024323316018359,390.4467498779297,9.56383514921011,400.01058502713977,380.8829147287196,409.5744201763499,371.31907957950943,IONEXCHANG.BO,2023-08-21 12:14:43.768611
41,2023-06-05 00:00:00+05:30,385.17498779296875,399.20001220703125,385.17498779296875,393.69000244140625,33280,0.0,0.0,2023-06-05,386.908161919407,378.152630198851,58.588041037475605,28.86858867050012,382.37478805895944,388.79400024414065,387.80766823023373,8.755531720556007,11.237897757686675,388.79400024414065,8.271968562105874,397.06596880624653,380.52203168203476,405.3379373683524,372.2500631199289,IONEXCHANG.BO,2023-08-21 12:14:43.768611
42,2023-06-02 00:00:00+05:30,390.0,390.0,381.4949951171875,383.6000061035156,19730,0.0,0.0,2023-06-02,385.67510000631626,376.9096404194466,54.039303003774855,29.5072502435761,381.18371286080713,388.39925079345704,384.86650112464747,8.765459586869667,11.85848926696934,388.39925079345704,8.214205781481446,396.6134565749385,380.1850450119756,404.8276623564199,371.97083923049416,IONEXCHANG.BO,2023-08-21 12:14:43.768611
43,2023-06-01 00:00:00+05:30,381.0,387.19000244140625,381.0,385.2749938964844,12820,0.0,0.0,2023-06-01,386.05238980682543,376.3744111647211,54.967220903923526,31.055644619905507,380.92936620367993,387.31875,385.49974863521334,9.677978642104335,12.631746686994257,387.31875,10.086617006760353,397.4053670067604,377.23213299323965,407.4919840135207,367.1455159864793,IONEXCHANG.BO,2023-08-21 12:14:43.768611
44,2023-05-31 00:00:00+05:30,385.0,385.0,377.0050048828125,380.94000244140625,31430,0.0,0.0,2023-05-31,386.19373451779654,375.66236454618,53.02521121826621,33.01319274983678,380.47193170970047,386.1490005493164,385.61212600457776,10.531369971616527,13.370188698216735,386.1490005493164,11.581845023364354,397.7308455726807,374.56715552595205,409.3126905960451,362.98531050258765,IONEXCHANG.BO,2023-08-21 12:14:43.768611
45,2023-05-30 00:00:00+05:30,378.9049987792969,384.2699890136719,374.68499755859375,382.7449951171875,44130,0.0,0.0,2023-05-30,387.1489585316857,375.24015351456194,53.92283696436929,35.346747563691565,380.42266110636297,383.909001159668,387.9481877861635,11.908805017123768,14.079893379866785,383.909001159668,16.09520460292927,400.0042057625973,367.8137965567387,416.0994103655265,351.71859195380944,IONEXCHANG.BO,2023-08-21 12:14:43.768611
46,2023-05-29 00:00:00+05:30,385.0,395.5799865722656,374.5,375.989990234375,95110,0.0,0.0,2023-05-29,387.94967915250356,374.6397661863519,51.03206247524043,37.93244662675227,380.1782048946972,381.2135009765625,390.54978412065145,13.309912966151671,14.622665470552537,381.2135009765625,20.272529797116896,401.4860307736794,360.9409711794456,421.7585605707963,340.6684413823287,IONEXCHANG.BO,2023-08-21 12:14:43.768611
47,2023-05-26 00:00:00+05:30,397.2950134277344,410.0,397.2900085449219,401.3550109863281,36270,0.0,0.0,2023-05-26,390.12416804670875,374.53174826251006,65.31133703264285,40.717045617740716,380.61906959578374,378.8092514038086,397.82968106378956,15.592419784198682,14.950853596652752,378.8092514038086,23.516440883823837,402.3256922876325,355.29281051998476,425.8421331714563,331.77636963616095,IONEXCHANG.BO,2023-08-21 12:14:43.768611
48,2023-05-25 00:00:00+05:30,409.8399963378906,410.54998779296875,391.3800048828125,394.29998779296875,12400,0.0,0.0,2023-05-25,388.0821966031416,372.38588724460465,62.6077243811921,40.94934032324018,378.4363389230948,375.3317504882813,396.06701610252026,15.69630935853695,14.790462049766267,375.3317504882813,25.0963046724895,400.4280551607708,350.23544581579176,425.5243598332603,325.13914114330225,IONEXCHANG.BO,2023-08-21 12:14:43.768611
49,2023-05-24 00:00:00+05:30,398.0400085449219,413.5350036621094,397.9649963378906,404.9800109863281,29640,0.0,0.0,2023-05-24,386.95168911408217,370.6327592007355,70.30476022328975,41.1995038522396,376.76648114731864,371.7355010986328,396.950530257296,16.318929913346665,14.564000222573595,371.7355010986328,27.29240192941132,399.02790302804414,344.4430991692215,426.32030495745545,317.1506972398102,IONEXCHANG.BO,2023-08-21 12:14:43.768611
50,2023-05-23 00:00:00+05:30,402.5,404.6400146484375,396.4150085449219,397.9649963378906,28160,0.0,0.0,2023-05-23,383.6738124100375,367.8849790578881,67.89574609054176,40.44590369649433,373.7966359011071,368.0389999389648,392.93578989277995,15.788833352149425,14.125267799880326,368.0389999389648,27.558034454829606,395.59703439379444,340.4809654841352,423.155068848624,312.92293102930563,IONEXCHANG.BO,2023-08-21 12:14:43.768611
51,2023-05-22 00:00:00+05:30,383.114990234375,404.70001220703125,383.114990234375,400.0199890136719,27230,0.0,0.0,2023-05-22,381.07541533224605,365.4785776754879,69.42291625252227,40.15393548974765,371.252597960393,364.4252502441406,390.42118667022453,15.596837656758169,13.709376411813052,364.4252502441406,28.15946002463453,392.58471026877515,336.2657902195061,420.7441702934097,308.10633019487153,IONEXCHANG.BO,2023-08-21 12:14:43.768611
52,2023-05-19 00:00:00+05:30,389.8949890136719,394.3999938964844,380.8299865722656,390.6050109863281,15330,0.0,0.0,2023-05-19,377.6309473901686,362.71526476843314,66.1805465805825,39.839508190174314,368.22445153373206,361.01600036621096,385.6217854985008,14.91568262173547,13.237511100576773,361.01600036621096,27.747762768009025,388.76376313421997,333.26823759820195,416.511525902229,305.52047483019294,IONEXCHANG.BO,2023-08-21 12:14:43.768611
53,2023-05-18 00:00:00+05:30,397.0350036621094,397.0350036621094,375.5,377.7950134277344,32370,0.0,0.0,2023-05-18,375.27202673632144,360.4840850710016,60.945613858064476,40.18540641020533,365.8686031703009,358.53625030517577,383.13017275458714,14.787941665319863,12.817968220287097,358.53625030517577,27.174461053188303,385.71071135836405,331.3617892519875,412.8851724115524,304.18732819879915,IONEXCHANG.BO,2023-08-21 12:14:43.768611
54,2023-05-17 00:00:00+05:30,390.2799987792969,394.82501220703125,381.9949951171875,383.0249938964844,13770,0.0,0.0,2023-05-17,374.81330188333726,359.09921080246295,64.74504829933608,40.55791218562335,364.61319156425526,356.4884994506836,385.7977524180135,15.714091080874312,12.325474859028905,356.4884994506836,27.189914098560006,383.6784135492436,329.2985853521236,410.8683276478036,302.1086712535636,IONEXCHANG.BO,2023-08-21 12:14:43.768611
55,2023-05-16 00:00:00+05:30,397.8949890136719,397.8949890136719,389.0,390.2799987792969,27440,0.0,0.0,2023-05-16,373.320266971856,357.18514815494126,70.40241464605239,39.9698404644917,362.67510710823115,354.03300018310546,387.18413167877804,16.135118816914712,11.478320803567552,354.03300018310546,26.883104228446992,380.91610441155245,327.14989595465846,407.79920863999945,300.26679172621147,IONEXCHANG.BO,2023-08-21 12:14:43.768611
56,2023-05-15 00:00:00+05:30,390.0050048828125,397.5,390.0050048828125,393.6600036621094,27340,0.0,0.0,2023-05-15,370.2366793705031,354.5375601049928,73.1662616965368,38.13760713707889,359.7693290375927,351.4764999389648,385.63619812851863,15.699119265510319,10.314121300230761,351.4764999389648,25.65794189670883,377.13444183567367,325.818558042256,402.79238373238246,300.1606161455472,IONEXCHANG.BO,2023-08-21 12:14:43.768611
57,2023-05-12 00:00:00+05:30,385.7200012207031,394.8999938964844,382.5,391.3599853515625,19470,0.0,0.0,2023-05-12,365.97789313566557,351.4077646204235,72.48369834653565,35.98540404647472,356.201889603433,348.67375030517576,381.6242953617232,14.570128515242061,8.967871808910871,348.67375030517576,23.801958979894838,372.4757092850706,324.8717913252809,396.2776682649654,301.0698323453861,IONEXCHANG.BO,2023-08-21 12:14:43.768611
58,2023-05-11 00:00:00+05:30,380.6050109863281,391.8999938964844,380.6050109863281,385.1000061035156,32390,0.0,0.0,2023-05-11,361.36296727822975,348.2115869619324,70.5932229574863,33.75976286908089,352.50103741941933,345.6887512207031,376.75645036680356,13.15138031629732,7.567307632328072,345.6887512207031,21.828615087401097,367.5173663081042,323.86013613330203,389.3459813955053,302.03152104590094,IONEXCHANG.BO,2023-08-21 12:14:43.768611
59,2023-05-10 00:00:00+05:30,380.2550048828125,386.0,375.19500732421875,383.4800109863281,43380,0.0,0.0,2023-05-10,357.0471420372687,345.2605134306057,70.09957848922326,31.469123624840577,349.0695670316197,343.12575073242186,372.5846724984475,11.786628606662987,6.1712894613357605,343.12575073242186,19.879964585932612,363.0057153183545,323.24578614648925,382.8856799042871,303.36582156055664,IONEXCHANG.BO,2023-08-21 12:14:43.768611
60,2023-05-09 00:00:00+05:30,385.79998779296875,391.9049987792969,371.3349914550781,379.7149963378906,78090,0.0,0.0,2023-05-09,352.2411658647124,342.202953626148,68.9741115961425,29.219475202701823,345.44741503638727,340.6987503051758,367.13700325450714,10.038212238564427,4.767454675003954,340.6987503051758,17.516579183864923,358.2153294890407,323.1821711213109,375.73190867290566,305.6655919374459,IONEXCHANG.BO,2023-08-21 12:14:43.768611
61,2023-05-08 00:00:00+05:30,362.0,389.3999938964844,362.0,385.7950134277344,59080,0.0,0.0,2023-05-08,347.24592396049815,339.20199020920853,73.09429391896477,26.796776901937008,341.8403012151764,338.4322509765625,360.8480067128154,8.043933751289615,3.4497652841138358,338.4322509765625,14.946634651619636,353.37888562818216,323.48561632494284,368.32552027980176,308.53898167332324,IONEXCHANG.BO,2023-08-21 12:14:43.768611
62,2023-05-05 00:00:00+05:30,366.0,368.5350036621094,353.5,361.989990234375,54710,0.0,0.0,2023-05-05,340.23699860281886,335.47454835172647,65.62797424688583,24.275886406695847,337.2134894033282,336.33325042724607,348.37450335535584,4.762450251092389,2.301223167319891,336.33325042724607,10.110605533889645,346.44385596113574,326.2226448933564,356.55446149502535,316.1120393594668,IONEXCHANG.BO,2023-08-21 12:14:43.768611
63,2023-05-04 00:00:00+05:30,341.8999938964844,367.0,338.1700134277344,361.8800048828125,66520,0.0,0.0,2023-05-04,336.2819092152632,333.35331300111454,65.58700733431127,22.467438952630395,334.60543668427067,335.07225036621094,341.5667599158462,2.9285962141486834,1.6859163963767663,335.07225036621094,8.118797425079363,343.1910477912903,326.95345294113156,351.30984521636964,318.83465551605224,IONEXCHANG.BO,2023-08-21 12:14:43.768611
64,2023-05-03 00:00:00+05:30,332.0,336.9750061035156,326.1050109863281,336.1400146484375,21140,0.0,0.0,2023-05-03,331.62771000298153,331.0711776505787,53.560227372447685,20.60146459679505,331.7344295054768,334.0402496337891,331.41013743236306,0.5565323524028258,1.3752464419337866,334.0402496337891,5.3825613330879545,339.422810966877,328.6576883007011,344.805372299965,323.2751269676132,IONEXCHANG.BO,2023-08-21 12:14:43.768611
65,2023-05-02 00:00:00+05:30,330.0050048828125,332.4949951171875,326.3999938964844,328.8349914550781,7820,0.0,0.0,2023-05-02,330.807290976535,330.66567069075,48.84575908286349,20.987780319543123,331.2706837009546,333.50799865722655,329.0451988243258,0.1416202857849953,1.579924964316527,333.50799865722655,5.681984008482395,339.18998266570895,327.82601464874415,344.87196667419136,322.14403064026175,IONEXCHANG.BO,2023-08-21 12:14:43.768611
66,2023-04-28 00:00:00+05:30,332.3399963378906,335.1400146484375,325.3949890136719,327.9049987792969,21500,0.0,0.0,2023-04-28,331.16589088952713,330.81212502960375,48.224825580103634,21.976183610543718,331.52707235841524,333.33199920654295,329.1503025089496,0.35376585992338505,1.9395011339494097,333.33199920654295,5.885229404501806,339.21722861104473,327.44676980204116,345.1024580155466,321.5615403975393,IONEXCHANG.BO,2023-08-21 12:14:43.768611
67,2023-04-27 00:00:00+05:30,325.9150085449219,332.2799987792969,318.635009765625,331.80499267578125,11850,0.0,0.0,2023-04-27,331.75878036411444,331.0446951296283,50.61736994306223,23.04061792392897,331.9083432614803,333.56199951171874,329.772954373776,0.7140852344861628,2.335934952455916,333.56199951171874,5.750314228920445,339.3123137406392,327.8116852827983,345.0626279695596,322.06137105387785,IONEXCHANG.BO,2023-08-21 12:14:43.768611
68,2023-04-26 00:00:00+05:30,330.5199890136719,331.0,320.5,322.375,20390,0.0,0.0,2023-04-26,331.7503781256296,330.98387132593604,44.427016452394014,24.547245851246267,331.9192222705013,333.75525054931643,328.75693522277334,0.7665067996935591,2.741397381948354,333.75525054931643,5.7531039277808675,339.50835447709727,328.0021466215356,345.26145840487817,322.2490426937547,IONEXCHANG.BO,2023-08-21 12:14:43.768611
69,2023-04-25 00:00:00+05:30,326.760009765625,334.114990234375,326.0,331.04998779296875,11180,0.0,0.0,2023-04-25,333.4549923302895,331.67258103201095,49.7513990128248,25.9162314819682,332.9238772463435,334.8662506103516,331.94790283415995,1.7824112982785323,3.235120027512053,334.8662506103516,5.582725049619384,340.448975659971,329.2835255607322,346.0317007095904,323.7008005111128,IONEXCHANG.BO,2023-08-21 12:14:43.768611
70,2023-04-24 00:00:00+05:30,333.9949951171875,335.989990234375,324.7749938964844,325.69000244140625,12710,0.0,0.0,2023-04-24,333.8922658825296,331.7223884911344,46.03892240070112,26.605634759813384,333.1211287677514,335.3310012817383,332.3968603547555,2.1698773913952323,3.5982972098204327,335.3310012817383,5.634959222013311,340.9659605037516,329.69604205972496,346.6009197257649,324.06108283771164,IONEXCHANG.BO,2023-08-21 12:14:43.768611
71,2023-04-21 00:00:00+05:30,342.3999938964844,342.3999938964844,330.43499755859375,331.8349914550781,42090,0.0,0.0,2023-04-21,335.3835865081884,332.2049793751126,49.96564427243534,27.348069059031275,333.9033525915772,335.6030014038086,335.75028931143015,3.1786071330757864,3.9554021644267325,335.6030014038086,5.264190716118422,340.86719211992704,330.33881068769017,346.1313828360455,325.07461997157174,IONEXCHANG.BO,2023-08-21 12:14:43.768611
72,2023-04-20 00:00:00+05:30,337.0050048828125,350.9949951171875,334.2650146484375,341.010009765625,87910,0.0,0.0,2023-04-20,336.0287856087539,332.2345784087153,56.676845988653305,27.313877213569818,334.12107481647183,334.67950134277345,337.7079382396061,3.7942072000385565,4.149600922264469,334.67950134277345,7.217655868774956,341.8971572115484,327.4618454739985,349.11481308032336,320.24418960522354,IONEXCHANG.BO,2023-08-21 12:14:43.768611
73,2023-04-19 00:00:00+05:30,334.0350036621094,340.0350036621094,334.0350036621094,336.8399963378906,13850,0.0,0.0,2023-04-19,335.12310848932276,331.5325439001626,54.07496779903483,26.669236040263662,333.3959237691925,333.490251159668,336.05690247659663,3.5905645891601807,4.238449352820947,333.490251159668,8.03313635992663,341.5233875195946,325.45711479974136,349.55652387952125,317.42397843981473,IONEXCHANG.BO,2023-08-21 12:14:43.768611
74,2023-04-18 00:00:00+05:30,337.5050048828125,340.2449951171875,332.3349914550781,333.9150085449219,11310,0.0,0.0,2023-04-18,334.81094706231045,331.10794770514434,52.20868261062373,26.947515105368602,333.0333898145927,332.13300170898435,335.6653555459496,3.7029993571661066,4.400420543736138,332.13300170898435,9.581354235586899,341.71435594457125,322.55164747339745,351.29571018015815,312.97029323781055,IONEXCHANG.BO,2023-08-21 12:14:43.768611
75,2023-04-17 00:00:00+05:30,339.5,341.0,335.5050048828125,339.1499938964844,12060,0.0,0.0,2023-04-17,334.9738449745629,330.88338283796213,55.99308296235796,27.24720025240469,332.9405878429791,331.1290008544922,336.5405290464634,4.090462136600763,4.574775840378646,331.1290008544922,10.401735450699658,341.53073630519185,320.7272654037925,351.93247175589147,310.3255299530929,IONEXCHANG.BO,2023-08-21 12:14:43.768611
76,2023-04-13 00:00:00+05:30,333.55499267578125,340.0,331.6549987792969,337.6050109863281,23470,0.0,0.0,2023-04-13,334.2145451705772,330.22205395328035,55.103260236525585,27.08190931332333,332.28696615313646,329.70300140380857,335.2357966214529,3.9924912172968448,4.695854266323115,329.70300140380857,11.170753461702825,340.8737548655114,318.53224794210576,352.0445083272142,307.36149448040294,IONEXCHANG.BO,2023-08-21 12:14:43.768611
77,2023-04-12 00:00:00+05:30,332.0,340.67498779296875,330.7099914550781,331.6600036621094,14590,0.0,0.0,2023-04-12,333.59809684044063,329.63141739063656,51.59157952219033,26.98718562942884,331.72717196016896,328.830500793457,334.0511894390153,3.966679449804076,4.8716950285796825,328.830500793457,11.202505306062829,340.03300609951987,317.6279954873942,351.23551140558266,306.4254901813314,IONEXCHANG.BO,2023-08-21 12:14:43.768611
78,2023-04-11 00:00:00+05:30,334.82000732421875,337.55499267578125,333.0,333.8399963378906,9590,0.0,0.0,2023-04-11,333.950477418319,329.4691304889187,53.001995711673274,26.885175508311697,331.7342423073331,329.1945007324219,335.2467823274682,4.481346929400274,5.0979489232735835,329.1945007324219,11.415530500363355,340.6100312327852,317.77897023205855,352.0255617331486,306.36343973169517,IONEXCHANG.BO,2023-08-21 12:14:43.768611
79,2023-04-10 00:00:00+05:30,335.0,354.0,332.1000061035156,334.94000244140625,29070,0.0,0.0,2023-04-10,333.9705648874878,329.11946122100096,53.68971477815104,27.012587007347143,331.512583988327,329.7165008544922,335.950175322257,4.851103666486836,5.25209942174191,329.7165008544922,11.868832104214892,341.5853329587071,317.8476687502773,353.454165062922,305.9788366460624,IONEXCHANG.BO,2023-08-21 12:14:43.768611
80,2023-04-06 00:00:00+05:30,350.9949951171875,350.9949951171875,332.04998779296875,334.385009765625,27060,0.0,0.0,2023-04-06,333.79430351404807,328.65381792336854,53.40903841716443,27.14979939092378,331.1518030985292,330.38825073242185,336.4552617626823,5.140485590679532,5.352348360555679,330.38825073242185,12.541182682429332,342.9294334148512,317.8470680499925,355.4706160972805,305.3058853675632,IONEXCHANG.BO,2023-08-21 12:14:43.768611
81,2023-04-05 00:00:00+05:30,339.8999938964844,354.864990234375,337.9750061035156,343.81500244140625,33350,0.0,0.0,2023-04-05,333.6869023773977,328.195322575988,59.11298706158367,27.5107043340875,330.81146555462436,331.13549957275393,337.4903877612109,5.491579801409728,5.405314053024716,331.13549957275393,13.218789767991169,344.3542893407451,317.9167098047628,357.57307910873624,304.6979200367716,IONEXCHANG.BO,2023-08-21 12:14:43.768611
82,2023-04-03 00:00:00+05:30,348.0,348.0,334.125,336.7699890136719,17520,0.0,0.0,2023-04-03,331.845429638487,326.94574818675454,55.83887355589131,27.21374717648772,329.44267219812104,331.09199981689454,334.3280804211132,4.8996814517324765,5.3837476159284625,331.09199981689454,13.176231574190426,344.26823139108495,317.91576824270413,357.4444629652754,304.73953666851367,IONEXCHANG.BO,2023-08-21 12:14:43.768611
83,2023-03-31 00:00:00+05:30,333.1050109863281,344.0,333.1050109863281,341.239990234375,25220,0.0,0.0,2023-03-31,330.9500552066352,326.1598089206011,58.601691194084374,27.342470790563244,328.671375691221,331.27050018310547,333.1071261248339,4.790246286034119,5.504764156977458,331.27050018310547,13.280966043960978,344.55146622706644,317.9895341391445,357.8324322710274,304.7085680951835,IONEXCHANG.BO,2023-08-21 12:14:43.768611
84,2023-03-29 00:00:00+05:30,329.4949951171875,329.6099853515625,322.1199951171875,325.4949951171875,15570,0.0,0.0,2023-03-29,329.0791579288644,324.9533944154992,50.61157116859442,27.757072759411425,327.3483636340469,331.13925018310545,329.0406940700633,4.1257635133652,5.683393624713293,331.13925018310545,13.189915192929712,344.3291653760352,317.9493349901757,357.51908056896485,304.75941979724604,IONEXCHANG.BO,2023-08-21 12:14:43.768611
85,2023-03-28 00:00:00+05:30,334.5,334.5,323.3999938964844,325.31500244140625,17250,0.0,0.0,2023-03-28,329.7308238946239,324.9100663593641,50.51014032920254,29.355273822698635,327.5434550568742,331.7072509765625,330.81354354650114,4.820757535259759,6.0728011525503165,331.7072509765625,13.178657389926126,344.8859083664886,318.52859358663636,358.0645657564147,305.34993619671025,IONEXCHANG.BO,2023-08-21 12:14:43.768611
86,2023-03-27 00:00:00+05:30,333.1000061035156,335.6199951171875,323.79998779296875,332.5050048828125,55050,0.0,0.0,2023-03-27,330.53370052248164,324.8776714728007,54.67505117398494,30.943921859877747,327.77802901639717,332.2155014038086,333.5628140990486,5.65602904968091,6.385812056872956,332.2155014038086,13.11501692163403,345.33051832544265,319.1004844821746,358.4455352470767,305.98546756054054,IONEXCHANG.BO,2023-08-21 12:14:43.768611
87,2023-03-24 00:00:00+05:30,343.45001220703125,343.70001220703125,332.0050048828125,335.6700134277344,26810,0.0,0.0,2023-03-24,330.175281547876,324.26748479999975,56.5852385641819,32.615525591193006,327.2804526094061,332.35125122070315,334.0917187071666,5.907796747876262,6.5682578086709675,332.35125122070315,13.132211011317926,345.48346223202105,319.21904020938524,358.615673243339,306.0868291980673,IONEXCHANG.BO,2023-08-21 12:14:43.768611
88,2023-03-23 00:00:00+05:30,343.0,348.0249938964844,338.9599914550781,344.5950012207031,27960,0.0,0.0,2023-03-23,329.1762393879018,323.355282509781,62.2696299011283,33.59087864824682,326.3973409443189,332.0125,333.3025713468827,5.820956878120796,6.733373073869643,332.0125,13.129478429806234,345.1419784298062,318.88302157019376,358.27145685961244,305.75354314038754,IONEXCHANG.BO,2023-08-21 12:14:43.768611
89,2023-03-22 00:00:00+05:30,335.7950134277344,354.5950012207031,334.9800109863281,340.3450012207031,58530,0.0,0.0,2023-03-22,326.3728281455742,321.65610501290723,60.51471742978277,33.86857051028949,324.4817977573311,330.9227493286133,327.65635640997243,4.716723132666971,6.961477122806855,330.9227493286133,12.933190241464132,343.85593957007745,317.98955908714913,356.78912981154156,305.05636884568503,IONEXCHANG.BO,2023-08-21 12:14:43.768611
90,2023-03-21 00:00:00+05:30,316.06500244140625,335.989990234375,312.2550048828125,331.1300048828125,25050,0.0,0.0,2023-03-21,323.83243304100534,320.16099331628357,56.43750688595305,34.167623284796974,322.8119868664498,330.7799987792969,321.3120340046071,3.671439724721779,7.522665620341826,330.7799987792969,12.839132317431726,343.6191310967286,317.94086646186514,356.45826341416034,305.1017341444334,IONEXCHANG.BO,2023-08-21 12:14:43.768611
91,2023-03-20 00:00:00+05:30,319.42498779296875,325.0,307.3299865722656,313.364990234375,16580,0.0,0.0,2023-03-20,322.50560179704036,319.28347239096126,46.54910848168793,35.77929308353547,321.9364060226221,330.4517486572266,316.4030485655043,3.222129406079091,8.485472094246838,330.4517486572266,12.913419717040574,343.36516837426717,317.538328940186,356.2785880913077,304.62490922314544,IONEXCHANG.BO,2023-08-21 12:14:43.768611
92,2023-03-17 00:00:00+05:30,310.0050048828125,320.0,306.3800048828125,317.2250061035156,38140,0.0,0.0,2023-03-17,324.1675311720704,319.7569509634881,48.78264882173239,38.52421699954655,322.8386603161218,330.71924896240233,317.92207773106895,4.410580208582303,9.801307766288774,330.71924896240233,12.592258859105618,343.311507821508,318.1269901032967,355.90376668061356,305.5347312441911,IONEXCHANG.BO,2023-08-21 12:14:43.768611
93,2023-03-16 00:00:00+05:30,311.9949951171875,312.6449890136719,303.20001220703125,309.69500732421875,45100,0.0,0.0,2023-03-16,325.4298084572622,319.9595065522859,43.90722534501603,40.97061177191033,323.42957128586977,331.02549896240237,318.27061354484556,5.4703019049762815,11.148989655715392,331.02549896240237,12.318300568555859,343.3437995309582,318.7071983938465,355.6621000995141,306.38889782529066,IONEXCHANG.BO,2023-08-21 12:14:43.768611
94,2023-03-15 00:00:00+05:30,317.2850036621094,320.6300048828125,310.2550048828125,313.8349914550781,18250,0.0,0.0,2023-03-15,328.29068139054283,320.78066649053125,46.15001073318818,42.76148911188555,324.8753148607804,331.5092483520508,322.5584166551589,7.5100149000115834,12.568661593400169,331.5092483520508,11.605921074964675,343.1151694270155,319.90332727708613,354.72109050198014,308.29740620212146,IONEXCHANG.BO,2023-08-21 12:14:43.768611
95,2023-03-14 00:00:00+05:30,321.5,328.135009765625,305.0249938964844,310.6300048828125,53120,0.0,0.0,2023-03-14,330.9189886515364,321.3363204933675,44.10062538165293,45.32812255933209,326.0374541666438,331.67624816894534,326.9201292551993,9.582668158168872,13.833323266747314,331.67624816894534,11.359634367046016,343.03588253599133,320.31661380189934,354.3955169030374,308.9569794348533,IONEXCHANG.BO,2023-08-21 12:14:43.768611
96,2023-03-13 00:00:00+05:30,337.1449890136719,341.0,316.45001220703125,320.1549987792969,33720,0.0,0.0,2023-03-13,334.6078947913044,322.1928257422119,49.28178168025434,48.09218934888989,327.65929093336285,331.46749725341795,335.0651914413927,12.415069049092494,14.895987043891925,331.46749725341795,11.796700491597944,343.2641977450159,319.67079676182,355.0608982366138,307.8740962702221,IONEXCHANG.BO,2023-08-21 12:14:43.768611
97,2023-03-10 00:00:00+05:30,343.6000061035156,343.6000061035156,336.5050048828125,338.94000244140625,17740,0.0,0.0,2023-03-10,337.2356940662149,322.3558518992451,62.805049782546114,51.37310832440919,328.4492164232645,331.21924743652346,342.5202877724406,14.879842166969752,15.516216542591783,331.21924743652346,12.095741667992069,343.3149891045155,319.1235057685314,355.4107307725076,307.02776410053934,IONEXCHANG.BO,2023-08-21 12:14:43.768611
98,2023-03-09 00:00:00+05:30,349.69000244140625,353.0,343.30499267578125,344.2799987792969,27600,0.0,0.0,2023-03-09,336.9258198161801,321.02911985587224,67.70809192851837,51.95366103936026,327.344923158197,328.63924713134764,344.3104304379578,15.896699960307842,15.675310136497291,328.63924713134764,15.411005894821981,344.0502530261696,313.22824123652566,359.4612589209916,297.8172353417037,IONEXCHANG.BO,2023-08-21 12:14:43.768611
99,2023-03-08 00:00:00+05:30,347.7550048828125,350.3999938964844,342.3699951171875,348.375,14050,0.0,0.0,2023-03-08,335.58869636834066,319.1690495419983,71.6987115134968,51.14659030829902,325.56228361913384,325.832746887207,344.3256462672882,16.419646826342387,15.619962680544651,325.832746887207,17.39585642452547,343.22860331173246,308.43689046268156,360.62445973625796,291.04103403815606,IONEXCHANG.BO,2023-08-21 12:14:43.768611
100,2023-03-06 00:00:00+05:30,348.0,350.8999938964844,342.1050109863281,349.3299865722656,18350,0.0,0.0,2023-03-06,333.2639138898571,316.83257350535814,72.61960349827449,50.416614678638744,323.16094505272685,322.9259963989258,342.30096940093233,16.43134038449898,15.420041644095216,322.9259963989258,18.266172037021747,341.19216843594756,304.65982436190404,359.4583404729693,286.3936523248823,IONEXCHANG.BO,2023-08-21 12:14:43.768611
101,2023-03-03 00:00:00+05:30,340.5,344.5,335.3450012207031,342.94500732421875,26640,0.0,0.0,2023-03-03,330.3428097657829,314.23278046000553,70.23560014359245,49.63048707746614,320.4063091033017,319.92049713134764,338.7864608152657,16.110029305777346,15.167216958994272,319.92049713134764,18.634533128982444,338.5550302603301,301.2859640023652,357.1895633893125,282.65143087338276,IONEXCHANG.BO,2023-08-21 12:14:43.768611
102,2023-03-02 00:00:00+05:30,341.7300109863281,344.45001220703125,338.0,340.3399963378906,12110,0.0,0.0,2023-03-02,328.0515011187945,311.9358023108685,69.21746202289681,49.128783354528245,318.0338145537315,316.53624725341797,336.7071875607891,16.11569880792598,14.931513872298503,316.53624725341797,20.304314800923056,336.84056205434104,296.2319324524949,357.1448768552641,275.92761765157184,IONEXCHANG.BO,2023-08-21 12:14:43.768611
103,2023-03-01 00:00:00+05:30,339.1000061035156,339.8999938964844,334.135009765625,338.614990234375,8710,0.0,0.0,2023-03-01,325.81722926077697,309.6634667887067,68.55543444764737,48.03726508445457,315.68579541855684,313.57124786376954,334.89078317223834,16.15376247207024,14.635467638391631,313.57124786376954,20.96435427793718,334.5356021417067,292.6068935858324,355.4999564196439,271.64253930789516,IONEXCHANG.BO,2023-08-21 12:14:43.768611
104,2023-02-28 00:00:00+05:30,337.0950012207031,340.25,330.92498779296875,336.8550109863281,48160,0.0,0.0,2023-02-28,323.4903636292137,307.3473449130533,67.90333559187209,47.08407450896179,313.2721959642602,310.11474761962893,333.02867964116996,16.143018716160384,14.255893929971979,310.11474761962893,22.275831235174472,332.3905788548034,287.8389163844545,354.6664100899779,265.56308514927997,IONEXCHANG.BO,2023-08-21 12:14:43.768611
105,2023-02-27 00:00:00+05:30,334.5950012207031,336.42498779296875,328.0,335.4800109863281,30020,0.0,0.0,2023-02-27,321.06042774610194,304.9867316271913,67.4112768872854,46.05756158150803,310.7897943829899,306.3397476196289,331.11551396859085,16.07369611891062,13.784112733424877,306.3397476196289,23.847650462191048,330.18739808181994,282.49209715743785,354.035048544011,258.6444466952468,IONEXCHANG.BO,2023-08-21 12:14:43.768611
106,2023-02-24 00:00:00+05:30,330.5450134277344,336.0249938964844,326.30499267578125,335.2200012207031,34480,0.0,0.0,2023-02-24,318.4386853387881,302.54726927846036,67.32363730404853,45.136435124629195,308.1908242142174,302.257746887207,328.9332654597222,15.891416060327742,13.211716887053441,302.257746887207,25.525335767412653,327.78308265461965,276.7324111197944,353.30841842203233,251.2070753523817,IONEXCHANG.BO,2023-08-21 12:14:43.768611
107,2023-02-23 00:00:00+05:30,327.875,336.2349853515625,315.0,328.8949890136719,68430,0.0,0.0,2023-02-23,315.38753699662175,299.9334507230809,65.2084314124791,44.16355019794603,305.3456476872189,297.9307464599609,325.78989757923165,15.454086273540838,12.541792093734866,297.9307464599609,26.939424676768237,324.87017113672914,270.9913217831927,351.80959581349737,244.05189710642443,IONEXCHANG.BO,2023-08-21 12:14:43.768611
108,2023-02-22 00:00:00+05:30,339.69500732421875,339.69500732421875,319.8599853515625,322.79998779296875,118640,0.0,0.0,2023-02-22,312.93163662988536,297.61652765983365,63.06924533428951,43.115827969210315,302.86676965285545,294.0814971923828,324.2373518620115,15.31510897005171,11.81371854878337,294.0814971923828,27.769454525897714,321.8509517182805,266.3120426664851,349.62040624417824,238.54258814058738,IONEXCHANG.BO,2023-08-21 12:14:43.768611
109,2023-02-21 00:00:00+05:30,323.0,342.7200012207031,319.864990234375,337.489990234375,107810,0.0,0.0,2023-02-21,311.13739096387025,295.6018508491828,73.12320261659535,41.18561433610143,300.76853616442247,290.7537475585938,324.95603389653286,15.535540114687421,10.938370943466284,290.7537475585938,28.132281815753778,318.8860293743476,262.62146574284,347.0183111901013,234.48918392708623,IONEXCHANG.BO,2023-08-21 12:14:43.768611
110,2023-02-20 00:00:00+05:30,326.0,330.6199951171875,319.1300048828125,324.56500244140625,44480,0.0,0.0,2023-02-20,306.3460092783239,292.2507996983675,69.10040458708747,39.10610519702885,296.90311994653274,287.1399978637695,318.68905572761173,14.095209579956418,9.789078650660999,287.1399978637695,26.40160284247658,313.5416007062461,260.73839502129294,339.9432035487227,234.33679217881635,IONEXCHANG.BO,2023-08-21 12:14:43.768611
111,2023-02-17 00:00:00+05:30,323.3500061035156,327.7850036621094,314.4100036621094,318.7149963378906,74870,0.0,0.0,2023-02-17,303.0334650668543,289.6656634789244,67.02529876027522,37.270709162238134,293.9913428418092,284.6334976196289,315.75108237071447,13.367801587929932,8.712545918337144,284.6334976196289,25.004192507432755,309.63769012706166,259.6293051121961,334.6418826344944,234.6251126047634,IONEXCHANG.BO,2023-08-21 12:14:43.768611
112,2023-02-16 00:00:00+05:30,321.57000732421875,329.3900146484375,316.0199890136719,323.3500061035156,29240,0.0,0.0,2023-02-16,300.1822775630295,287.3417168502071,70.51295610605497,35.400391841580095,291.38885300011646,282.0694976806641,314.2691253871264,12.840560712822423,7.548732000938945,282.0694976806641,23.9316363526045,306.0011340332686,258.13786132805956,329.9327703858731,234.2062249754551,IONEXCHANG.BO,2023-08-21 12:14:43.768611
113,2023-02-15 00:00:00+05:30,320.4949951171875,322.80999755859375,311.3999938964844,319.3699951171875,67410,0.0,0.0,2023-02-15,295.96996328294114,284.4610537099424,69.23801594335302,33.13680278176296,288.0245210944955,279.43799743652346,309.72868502893175,11.508909572998732,6.225774822968075,279.43799743652346,21.96645286184327,301.4044502983667,257.4715445746802,323.37090316021,235.50509171283693,IONEXCHANG.BO,2023-08-21 12:14:43.768611
114,2023-02-14 00:00:00+05:30,312.19500732421875,319.8349914550781,308.54998779296875,317.17498779296875,93430,0.0,0.0,2023-02-14,291.7154120403509,281.6683383973628,68.53982431850609,30.92210181135067,284.7249975131595,277.2772476196289,304.9080299848039,10.047073642988096,4.904991135460411,277.2772476196289,19.855812911682076,297.13306053131095,257.42143470794684,316.98887344299305,237.56562179626474,IONEXCHANG.BO,2023-08-21 12:14:43.768611
115,2023-02-13 00:00:00+05:30,320.0,323.7950134277344,302.17498779296875,306.4549865722656,116790,0.0,0.0,2023-02-13,287.0863982671476,278.8278064457143,64.93927646274872,28.642016147419472,281.3092090626533,275.28574829101564,298.7745510807214,8.2585918214333,3.6194705085784893,275.28574829101564,17.501377914752133,292.7871262057678,257.7843703762635,310.2885041205199,240.28299246151136,IONEXCHANG.BO,2023-08-21 12:14:43.768611
116,2023-02-10 00:00:00+05:30,288.69500732421875,326.0,288.69500732421875,315.19000244140625,269300,0.0,0.0,2023-02-10,283.56483675712616,276.61763203559025,71.09964727036072,26.18653927857049,278.66228511427306,273.69774932861327,294.93433333494926,6.947204721535911,2.4596901803647864,273.69774932861327,15.891174470771038,289.5889237993843,257.80657485784224,305.48009827015534,241.9154003870712,IONEXCHANG.BO,2023-08-21 12:14:43.768611
117,2023-02-09 00:00:00+05:30,291.8450012207031,297.43499755859375,285.0,287.3399963378906,51430,0.0,0.0,2023-02-09,277.8148066327116,273.531842403125,59.82206138901443,23.5421795736562,274.81726223773273,271.7517486572266,284.80649878172073,4.282964229586639,1.3378115450720054,271.7517486572266,12.580959028606031,284.3327076858326,259.1707896286206,296.91366671443865,246.58983060001452,IONEXCHANG.BO,2023-08-21 12:14:43.768611
118,2023-02-08 00:00:00+05:30,288.67999267578125,292.07501220703125,286.32501220703125,288.1499938964844,6700,0.0,0.0,2023-02-08,276.0829539590427,272.4271900883437,60.459224624335285,21.84834205270064,273.499079700874,270.80724945068357,283.53975000363573,3.6557638706989906,0.6015233739433469,270.80724945068357,12.046830756674982,282.85408020735855,258.7604186940086,294.9009109640335,246.7135879373336,IONEXCHANG.BO,2023-08-21 12:14:43.768611
119,2023-02-07 00:00:00+05:30,298.4949951171875,298.4949951171875,281.29998779296875,290.239990234375,39230,0.0,0.0,2023-02-07,273.8889466976897,271.16936578369246,62.04249532569323,20.32144999384892,271.95687820659924,270.0982498168945,281.2346280572114,2.71958091399722,-0.16203675024556408,270.0982498168945,11.370726724337263,281.46897654123177,258.72752309255725,292.839703265569,247.35679636822,IONEXCHANG.BO,2023-08-21 12:14:43.768611
120,2023-02-06 00:00:00+05:30,280.0050048828125,294.70001220703125,277.4150085449219,289.2200012207031,87200,0.0,0.0,2023-02-06,270.9160296910196,269.64371582763783,61.58662186944216,18.677104699700912,270.0323400984123,269.66200103759763,276.7319469686296,1.2723138633817825,-0.88244116630626,269.66200103759763,10.705192175507593,280.3671932131052,258.95680886209004,291.0723853886128,248.25161668658245,IONEXCHANG.BO,2023-08-21 12:14:43.768611
121,2023-02-03 00:00:00+05:30,286.8949890136719,286.8949890136719,272.5899963378906,275.260009765625,40050,0.0,0.0,2023-02-03,267.5880348674408,268.0776129961926,54.667388980298796,17.109416672808855,268.01258629606593,269.12825164794924,270.4879198425928,-0.48957812875181617,-1.4211299237282706,269.12825164794924,9.915740863364158,279.0439925113134,259.2125107845851,288.95973337467757,249.2967699212209,IONEXCHANG.BO,2023-08-21 12:14:43.768611
122,2023-02-02 00:00:00+05:30,304.0950012207031,304.0950012207031,268.760009765625,281.0400085449219,76270,0.0,0.0,2023-02-02,266.1931303404982,267.50302125463804,58.73490683567417,15.865073363617277,267.24969961505974,269.280500793457,268.1018748810767,-1.309890914139828,-1.654017872472384,269.280500793457,10.03747436976595,279.31797516322297,259.24302642369105,289.3554495329889,249.20555205392512,IONEXCHANG.BO,2023-08-21 12:14:43.768611
123,2023-02-01 00:00:00+05:30,261.3550109863281,274.3949890136719,261.3550109863281,269.4849853515625,27370,0.0,0.0,2023-02-01,263.4936979396939,266.4200622714153,52.11864152006172,14.525011338334043,265.7980881487585,269.1447509765625,261.63280804915405,-2.926364331721402,-1.7400496120555227,269.1447509765625,9.887300591237533,279.0320515678,259.25745038532494,288.91935215903754,249.3701497940874,IONEXCHANG.BO,2023-08-21 12:14:43.768611
124,2023-01-31 00:00:00+05:30,251.0050048828125,264.5,251.0050048828125,261.3550109863281,13130,0.0,0.0,2023-01-31,262.4043729557178,266.1748684250035,46.518749340147096,15.3951306210971,265.4099937063581,269.56825103759763,257.70671939794977,-3.77049546928572,-1.4434709321390526,269.56825103759763,10.082118074346324,279.650369111944,259.4861329632513,289.73248718629026,249.40401488890498,IONEXCHANG.BO,2023-08-21 12:14:43.768611
125,2023-01-30 00:00:00+05:30,250.0,256.7799987792969,247.51499938964844,253.83999633789062,17990,0.0,0.0,2023-01-30,262.59516604106136,266.56045702009754,40.54657171980919,15.62007803775493,265.83683399267704,270.4567504882813,255.88257360376053,-3.965290979036183,-0.8617147978523857,270.4567504882813,10.103200393281952,280.5599508815632,260.3535500949993,290.6631512748452,250.25034970171737,IONEXCHANG.BO,2023-08-21 12:14:43.768611
126,2023-01-27 00:00:00+05:30,252.89500427246094,253.6649932861328,243.11000061035156,248.67999267578125,32740,0.0,0.0,2023-01-27,264.18701507800154,267.5780938746741,35.992394581234166,14.711530699000283,267.0996590089703,271.4625,256.9038622366955,-3.3910787966725593,-0.08582075255643629,271.4625,9.33389127728606,280.79639127728603,262.1286087227139,290.1302825545721,252.79471744542786,IONEXCHANG.BO,2023-08-21 12:14:43.768611
127,2023-01-25 00:00:00+05:30,258.5150146484375,260.7699890136719,247.5,251.91000366210938,28180,0.0,0.0,2023-01-25,267.0064736965871,269.0899419705855,37.66962386907572,13.21893992747813,269.0385712545692,272.2100006103516,261.0157970171526,-2.0834682739984487,0.7404937584725946,272.2100006103516,7.902162254661342,280.1121628650129,264.30783835569025,288.01432511967425,256.4056761010289,IONEXCHANG.BO,2023-08-21 12:14:43.768611
128,2023-01-24 00:00:00+05:30,264.9700012207031,267.7950134277344,254.2050018310547,256.2449951171875,45410,0.0,0.0,2023-01-24,269.7512864301285,270.4643370352636,39.989293394943026,11.985048929510759,270.84157836956496,273.11074981689455,265.56869369467415,-0.7130506051350949,1.4464842665903554,273.11074981689455,6.3384525028884635,279.449202319783,266.7722973140061,285.78765482267147,260.43384481111764,IONEXCHANG.BO,2023-08-21 12:14:43.768611
129,2023-01-23 00:00:00+05:30,276.5,276.55999755859375,263.75,265.2149963378906,16470,0.0,0.0,2023-01-23,272.2069757597542,271.6018843887097,45.362754565993846,11.291407361075796,272.3780608171836,273.7845001220703,270.2305429834175,0.6050913710444661,1.986367984521718,273.7845001220703,5.033092214081313,278.8175923361516,268.751407907989,283.8506845502329,263.7183156939077,IONEXCHANG.BO,2023-08-21 12:14:43.768611
130,2023-01-20 00:00:00+05:30,267.30999755859375,277.0,266.2049865722656,274.43499755859375,28970,0.0,0.0,2023-01-20,273.4782447455476,272.1128354327752,52.03654619563089,11.653087219317076,273.13206760447764,273.26300048828125,272.7383163061809,1.3654093127723854,2.3316871378910307,273.26300048828125,6.3387428636484815,279.6017433519297,266.9242576246328,285.94048621557823,260.58551476098427,IONEXCHANG.BO,2023-08-21 12:14:43.768611
131,2023-01-19 00:00:00+05:30,269.70001220703125,272.8949890136719,265.79998779296875,267.43499755859375,16790,0.0,0.0,2023-01-19,273.3042896886301,271.9270624627097,46.48618033967485,12.369947445013304,272.9949170829917,271.87550048828126,271.88997567997444,1.3772272259203646,2.573256594170692,271.87550048828126,8.675213021304806,280.55071350958605,263.2002874669765,289.2259265308909,254.52507444567163,IONEXCHANG.BO,2023-08-21 12:14:43.768611
132,2023-01-18 00:00:00+05:30,276.30999755859375,282.5,268.80999755859375,270.7200012207031,17100,0.0,0.0,2023-01-18,274.3714337122731,272.286427655039,48.95878670740277,12.542724877457022,273.58017176977046,271.2477508544922,274.1174647406648,2.085006057234068,2.8722639362332734,271.2477508544922,9.434467912053625,280.6822187665458,261.8132829424386,290.1166866785995,252.37881503038497,IONEXCHANG.BO,2023-08-21 12:14:43.768611
133,2023-01-17 00:00:00+05:30,275.3999938964844,282.0,274.9200134277344,276.1549987792969,24220,0.0,0.0,2023-01-17,275.03533052892215,272.4117417697859,53.30398986667697,13.106711534970566,273.88124235388284,270.4880004882813,275.81619650064556,2.6235887591362257,3.0690784059830745,270.4880004882813,10.069643450524941,280.5576439388062,260.4183570377563,290.6272873893312,250.3487135872314,IONEXCHANG.BO,2023-08-21 12:14:43.768611
134,2023-01-16 00:00:00+05:30,275.0050048828125,278.2250061035156,270.6000061035156,277.3450012207031,14390,0.0,0.0,2023-01-16,274.83175448339944,272.11228120902507,54.28442101085668,13.67817761297462,273.6418995722603,270.29450073242185,275.64679536131985,2.7194732743743657,3.180450817694786,270.29450073242185,9.991897172101952,280.2863979045238,260.3026035603199,290.27829507662574,250.31070638821794,IONEXCHANG.BO,2023-08-21 12:14:43.768611
135,2023-01-13 00:00:00+05:30,272.7950134277344,278.510009765625,271.875,274.69500732421875,13510,0.0,0.0,2023-01-13,274.3748005311624,271.69366360809084,52.476930206507475,14.655193813155906,273.25209939874,270.03650054931643,274.7976924316282,2.6811369230715627,3.2956952035248905,270.03650054931643,9.866091083483306,279.9025916327997,260.17040946583313,289.768682716283,250.3043183823498,IONEXCHANG.BO,2023-08-21 12:14:43.768611
136,2023-01-12 00:00:00+05:30,268.1300048828125,276.7250061035156,266.6099853515625,276.2699890136719,17890,0.0,0.0,2023-01-12,274.31658111424304,271.4535561108006,53.64373986361303,15.685311859180004,273.1002143539527,270.1195007324219,274.8490349853329,2.8630250034424307,3.4493347736382223,270.1195007324219,9.914209420526548,280.03371015294846,260.20529131189534,289.947919573475,250.2910818913688,IONEXCHANG.BO,2023-08-21 12:14:43.768611
137,2023-01-11 00:00:00+05:30,275.1099853515625,275.2950134277344,267.5,268.45001220703125,18420,0.0,0.0,2023-01-11,273.9614160416196,271.06824147857094,48.33010661360435,16.758892318741886,272.76655386345595,270.8405014038086,274.1385579711633,2.8931745630486603,3.5959122161871697,270.8405014038086,10.863893882092123,281.7043952859007,259.9766075217165,292.5682891679929,249.11271363962436,IONEXCHANG.BO,2023-08-21 12:14:43.768611
138,2023-01-10 00:00:00+05:30,284.25,284.3900146484375,272.2699890136719,273.9700012207031,27980,0.0,0.0,2023-01-10,274.9634894660902,271.2776998202941,52.256278446573425,17.73456301276277,273.2209266693954,271.8710006713867,276.98283085322936,3.685789645796092,3.7715966294717966,271.8710006713867,11.579147868998557,283.45014854038527,260.2918528023881,295.0292964093838,248.71270493338957,IONEXCHANG.BO,2023-08-21 12:14:43.768611
139,2023-01-09 00:00:00+05:30,280.2049865722656,289.8500061035156,279.5249938964844,281.5150146484375,22880,0.0,0.0,2023-01-09,275.1441236925242,271.0623157082614,58.26809253191524,18.844510660075308,273.14207671662615,272.8387512207031,278.48924566949245,4.081807984262809,3.7930483753907227,272.8387512207031,12.53331272044736,285.3720639411505,260.3054385002557,297.9053766615978,247.7721257798084,IONEXCHANG.BO,2023-08-21 12:14:43.768611
140,2023-01-06 00:00:00+05:30,278.7699890136719,281.5950012207031,275.385009765625,278.5450134277344,18310,0.0,0.0,2023-01-06,273.98577988235814,270.2260997930473,56.43744285240872,19.07106358201754,272.26071482906707,273.66100006103517,276.9763611800199,3.759680089310848,3.7208584731727004,273.66100006103517,13.624420659743386,287.2854207207786,260.03657940129176,300.9098413805219,246.4121587415484,IONEXCHANG.BO,2023-08-21 12:14:43.768611
141,2023-01-05 00:00:00+05:30,282.5,282.5,276.1050109863281,278.30499267578125,15350,0.0,0.0,2023-01-05,273.1568283286534,269.5605867022723,56.29357877526035,20.271534206520112,271.5992097134179,273.7459991455078,276.1920350561627,3.5962416263810724,3.711153069138163,273.7459991455078,13.661746122900832,287.40774526840863,260.084253022607,301.0694913913095,246.42250689970615,IONEXCHANG.BO,2023-08-21 12:14:43.768611
142,2023-01-04 00:00:00+05:30,277.5,280.5,274.2099914550781,278.32501220703125,21170,0.0,0.0,2023-01-04,272.22079844735737,268.8610342243916,56.30796818323664,21.467890899728804,270.8933378226428,274.28699951171876,275.13555624635336,3.3597642229657936,3.7398809298274354,274.28699951171876,14.060205981784387,288.34720549350317,260.22679352993435,302.4074114752875,246.16658754814998,IONEXCHANG.BO,2023-08-21 12:14:43.768611
143,2023-01-03 00:00:00+05:30,280.5249938964844,284.45001220703125,271.44500732421875,277.9549865722656,38000,0.0,0.0,2023-01-03,271.11094140014393,268.1039159857804,56.11526691484226,22.992788675860204,270.1110563084967,275.4652496337891,273.5408282660144,3.007025414363511,3.834910106542846,275.4652496337891,15.34507272857717,290.81032236236626,260.1201769052119,306.15539509094344,244.77510417663476,IONEXCHANG.BO,2023-08-21 12:14:43.768611
144,2023-01-02 00:00:00+05:30,273.9549865722656,284.3399963378906,271.5,279.125,31050,0.0,0.0,2023-01-02,269.86656955066724,267.3158303388616,56.851514399689705,24.63498628092479,269.2853794386263,276.4197509765625,271.33374911288877,2.5507392118056487,4.041881279587679,276.4197509765625,16.084022544411567,292.50377352097405,260.335728432151,308.58779606538565,244.25170588773938,IONEXCHANG.BO,2023-08-21 12:14:43.768611
145,2022-12-30 00:00:00+05:30,269.2349853515625,280.2149963378906,265.6499938964844,273.9549865722656,36640,0.0,0.0,2022-12-30,268.1832185598795,266.37109676597055,54.3964586515255,26.415104442244896,268.24962990585016,276.9860015869141,267.4381236693331,1.8121217939089433,4.4146667965331865,276.9860015869141,16.380888906244177,293.3668904931583,260.6051126806699,309.7477793994024,244.22422377442572,IONEXCHANG.BO,2023-08-21 12:14:43.768611
146,2022-12-29 00:00:00+05:30,270.2349853515625,277.20001220703125,257.3999938964844,263.6300048828125,33520,0.0,0.0,2022-12-29,267.1338061939911,265.76438558146697,49.01994751546815,28.134708276559934,267.64906604622746,277.24900207519534,264.1796922178668,1.3694206125241521,5.065303047189246,277.24900207519534,16.3718868254149,293.6208889006102,260.87711524978045,309.9927757260251,244.50522842436553,IONEXCHANG.BO,2023-08-21 12:14:43.768611
147,2022-12-28 00:00:00+05:30,270.0050048828125,273.57501220703125,265.875,269.92498779296875,44550,0.0,0.0,2022-12-28,267.7708609778418,265.9351360373593,52.52465221347795,29.66811100233584,268.0721251160606,277.9335021972656,264.45453588539385,1.8357249404824643,5.98927365585552,277.9335021972656,16.055646711452688,293.98914890871833,261.8778554858129,310.044795620171,245.82220877436026,IONEXCHANG.BO,2023-08-21 12:14:43.768611
148,2022-12-27 00:00:00+05:30,259.42498779296875,272.5,257.31500244140625,269.7200012207031,41700,0.0,0.0,2022-12-27,267.3792015569096,265.61594789691054,52.424223212264685,31.762754989185268,267.877086939544,278.0782531738281,261.71930993160635,1.7632536599990658,7.027660834698783,278.0782531738281,15.992571474684864,294.07082464851294,262.08568169914327,310.06339612319783,246.09311022445837,IONEXCHANG.BO,2023-08-21 12:14:43.768611
149,2022-12-26 00:00:00+05:30,248.30499267578125,261.9949951171875,244.0449981689453,254.78500366210938,55220,0.0,0.0,2022-12-26,266.9536016180381,265.28762363100714,44.24923911817209,34.12237965130265,267.68309596257984,277.7885025024414,257.71896428705793,1.6659779870309421,8.343762628373712,277.7885025024414,16.203086030433433,293.99158853287486,261.585416472008,310.1946745633083,245.38233044157454,IONEXCHANG.BO,2023-08-21 12:14:43.768611
150,2022-12-23 00:00:00+05:30,250.0,254.9499969482422,245.28500366210938,246.68499755859375,39470,0.0,0.0,2022-12-23,269.16607397366147,266.12783322851897,38.96582523405083,35.7382309653405,269.04078988894514,278.60950164794923,259.18594459953215,3.0382407451425024,10.013208788709404,278.60950164794923,15.370787180558025,293.98028882850724,263.2387144673912,309.3510760090653,247.86792728683318,IONEXCHANG.BO,2023-08-21 12:14:43.768611
151,2022-12-22 00:00:00+05:30,259.9800109863281,260.5,247.89999389648438,254.8800048828125,63180,0.0,0.0,2022-12-22,273.2535424127647,267.683260082113,42.77660930749163,36.62385406029772,271.3940311868769,279.3667510986328,265.43641812000135,5.5702823306517075,11.756950799601128,279.3667510986328,14.02980005608875,293.3965511547215,265.33695104254406,307.4263512108103,251.3071509864553,IONEXCHANG.BO,2023-08-21 12:14:43.768611
152,2022-12-21 00:00:00+05:30,276.9949951171875,277.8999938964844,254.11000061035156,255.52499389648438,61410,0.0,0.0,2022-12-21,276.59418560002877,268.707520498057,43.08196598027746,37.78181529894195,273.13234974519946,279.5187515258789,270.7146247385958,7.886665101971744,13.303617916838483,279.5187515258789,13.764504763973264,293.28325628985215,265.7542467619056,307.0477610538254,251.98974199793236,IONEXCHANG.BO,2023-08-21 12:14:43.768611
153,2022-12-20 00:00:00+05:30,273.0199890136719,275.385009765625,270.7149963378906,272.2850036621094,35020,0.0,0.0,2022-12-20,280.42494772794595,269.7621226261828,52.131107140877255,39.53397183715095,274.9857556240116,279.2195014953613,278.30944015965144,10.662825101763133,14.657856120555167,279.2195014953613,14.365537646074952,293.58503914143625,264.8539638492864,307.95057678751124,250.48842620321142,IONEXCHANG.BO,2023-08-21 12:14:43.768611
154,2022-12-19 00:00:00+05:30,279.7250061035156,279.7250061035156,271.42999267578125,272.18499755859375,28930,0.0,0.0,2022-12-19,281.9049375580981,269.5602921433087,52.07533565288108,42.01329810747083,275.2700453042118,278.03700103759763,281.3216584084225,12.344645414789397,15.656613875253175,278.03700103759763,15.86184336907236,293.89884440667,262.1751576685253,309.7606877757423,246.3133142994529,IONEXCHANG.BO,2023-08-21 12:14:43.768611
155,2022-12-16 00:00:00+05:30,288.0249938964844,290.0249938964844,270.260009765625,276.3550109863281,88620,0.0,0.0,2022-12-16,283.6721993761898,269.35031571008585,54.535650681993225,44.595810946577025,275.5947871721716,276.96075134277345,285.8899888333368,14.321883666103929,16.48460599036912,276.96075134277345,16.971262395593698,293.9320137383671,259.9894889471798,310.90327613396084,243.01822655158605,IONEXCHANG.BO,2023-08-21 12:14:43.768611
156,2022-12-15 00:00:00+05:30,291.8900146484375,292.9949951171875,286.05999755859375,290.69000244140625,28410,0.0,0.0,2022-12-15,285.00259726525553,268.78994008798645,64.21695317757303,47.376978619460616,275.5147636127867,275.3917510986328,290.65747775684116,16.21265717726908,17.025286571435416,275.3917510986328,18.419007545854697,293.8107586444875,256.9727435527781,312.2297661903422,238.55373600692343,IONEXCHANG.BO,2023-08-21 12:14:43.768611
157,2022-12-14 00:00:00+05:30,293.3500061035156,294.2799987792969,285.2699890136719,289.05999755859375,30080,0.0,0.0,2022-12-14,283.9685235968645,267.0379350997129,63.53318665214957,48.259785746149234,273.91737005187935,273.3577507019043,290.6412154145586,16.930588497151575,17.228443919977,273.3577507019043,18.881055475865555,292.23880617776985,254.47669522603874,311.11986165363544,235.5956397501732,IONEXCHANG.BO,2023-08-21 12:14:43.768611
158,2022-12-13 00:00:00+05:30,298.5,302.1000061035156,289.2099914550781,293.32501220703125,43910,0.0,0.0,2022-12-13,283.04280105836824,265.27617010300247,66.63030579531019,49.210501113352365,272.3234092616989,271.334001159668,291.43182434254095,17.76663095536577,17.302907775683355,271.334001159668,19.27448259381456,290.6084837534826,252.05951856585344,309.8829663472971,232.78503597203888,IONEXCHANG.BO,2023-08-21 12:14:43.768611
159,2022-12-12 00:00:00+05:30,272.0050048828125,302.5,272.0050048828125,297.9599914550781,145580,0.0,0.0,2022-12-12,281.17330812224765,263.03226273468016,70.06948354817192,49.632387226362916,270.1127142148218,268.6862503051758,290.4852304102958,18.141045387567488,17.18697698076275,268.6862503051758,19.72650009970587,288.41275040488165,248.95975020546993,308.13925050458755,229.23325010576406,IONEXCHANG.BO,2023-08-21 12:14:43.768611
160,2022-12-09 00:00:00+05:30,290.80499267578125,291.54998779296875,277.19000244140625,280.2449951171875,59350,0.0,0.0,2022-12-09,278.12118387991484,260.23804443704836,63.35049659964476,50.08672611729735,267.1814218737422,265.97375106811523,286.74784988790464,17.88313944286648,16.948459879061563,265.97375106811523,19.21248100131249,285.1862320694277,246.76127006680275,304.3987130707402,227.54878906549027,IONEXCHANG.BO,2023-08-21 12:14:43.768611
161,2022-12-08 00:00:00+05:30,301.5,302.3949890136719,287.2550048828125,289.125,67270,0.0,0.0,2022-12-08,277.7350363822289,258.63748838263723,70.74473468516513,51.268946091390774,265.8063089007479,263.99275131225585,289.99927727326315,19.097547999591654,16.714789988110333,263.99275131225585,19.699950135711532,283.69270144796735,244.29280117654432,303.3926515836789,224.59285104083278,IONEXCHANG.BO,2023-08-21 12:14:43.768611
162,2022-12-07 00:00:00+05:30,298.4949951171875,305.5,294.7250061035156,301.8900146484375,54630,0.0,0.0,2022-12-07,275.6641339062705,256.1984874532482,83.80694472632221,50.90217864971323,263.35170983766875,261.53150100708007,290.43641590989466,19.46564645302226,16.11910048524,261.53150100708007,19.468393611101757,280.9998946181818,242.0631073959783,300.4682882292836,222.59471378487655,IONEXCHANG.BO,2023-08-21 12:14:43.768611
163,2022-12-06 00:00:00+05:30,293.3949890136719,298.260009765625,291.2200012207031,297.0450134277344,56980,0.0,0.0,2022-12-06,270.8957919531492,252.54316527763305,82.67907266592408,49.0379324942134,259.29504617337733,257.62175064086915,284.7096165406232,18.352626675516177,15.282463993294435,257.62175064086915,18.776267661305653,276.3980183021748,238.84548297956349,295.17428596348043,220.06921531825785,IONEXCHANG.BO,2023-08-21 12:14:43.768611
164,2022-12-05 00:00:00+05:30,285.6099853515625,292.4849853515625,285.239990234375,290.45001220703125,101840,0.0,0.0,2022-12-05,266.1413880486792,248.98301742562495,81.00747709163625,47.267062081304395,255.3213654097608,253.69300003051757,278.54191809706754,17.158370623054225,14.514923322739,253.69300003051757,18.30786504156268,272.0008650720803,235.3851349889549,290.3087301136429,217.0772699473922,IONEXCHANG.BO,2023-08-21 12:14:43.768611
165,2022-12-02 00:00:00+05:30,275.2200012207031,282.0,275.2200012207031,279.2149963378906,61720,0.0,0.0,2022-12-02,261.72163820170607,245.66565784311246,77.58689710730354,45.57695948018945,251.6236131153113,249.64574966430663,272.5878710420857,16.055980358593615,13.854061497660192,249.64574966430663,18.69742001019445,268.3431696745011,230.94832965411217,287.04058968469553,212.25090964391774,IONEXCHANG.BO,2023-08-21 12:14:43.768611
166,2022-12-01 00:00:00+05:30,271.7149963378906,278.3699951171875,271.7149963378906,277.32000732421875,54210,0.0,0.0,2022-12-01,258.5410276314907,242.9817107635302,76.9383857223846,44.24221143595493,248.71925698661875,246.02474975585938,269.2743083941832,15.55931686796049,13.303581782426836,246.02474975585938,19.657448747363546,265.68219850322293,226.36730100849582,285.3396472505865,206.70985226113228,IONEXCHANG.BO,2023-08-21 12:14:43.768611
167,2022-11-30 00:00:00+05:30,266.69000244140625,274.6700134277344,260.0,272.82000732421875,79210,0.0,0.0,2022-11-30,255.1266676873583,240.23464703867515,75.36229234651732,43.006105201308294,245.708651687924,242.4734992980957,265.25145892916544,14.892020648683143,12.739648011043421,242.4734992980957,20.11640199133392,262.58990128942963,222.35709730676177,282.70630328076356,202.24069531542787,IONEXCHANG.BO,2023-08-21 12:14:43.768611
168,2022-11-29 00:00:00+05:30,272.0050048828125,276.3599853515625,262.7200012207031,263.92498779296875,85120,0.0,0.0,2022-11-29,251.90969684429277,237.62781821583167,71.82613595706522,41.89350987469207,242.85482477884037,239.25774917602538,261.4671847316388,14.2818786284611,12.20155485163349,239.25774917602538,20.15055182602312,259.4083010020485,219.10719735000225,279.5588528280716,198.95664552397915,IONEXCHANG.BO,2023-08-21 12:14:43.768611
169,2022-11-28 00:00:00+05:30,260.9800109863281,273.5,260.9800109863281,271.2049865722656,86360,0.0,0.0,2022-11-28,249.72509848998806,235.5240446496607,80.61434059985265,40.072851999000406,240.63691288261631,236.5137496948242,260.2382832009738,14.201053840327347,11.681473907426588,236.5137496948242,20.350348553003126,256.8640982478273,216.16340114182108,277.21444680083044,195.81305258881795,IONEXCHANG.BO,2023-08-21 12:14:43.768611
170,2022-11-25 00:00:00+05:30,256.0050048828125,264.875,255.8000030517578,261.8299865722656,118260,0.0,0.0,2022-11-25,245.8196642932103,232.66956929585228,77.28985603291785,38.25207969284826,237.41922091528482,232.96075057983398,254.75493151532783,13.150094997358025,11.051578924201397,232.96075057983398,20.177273186529682,253.13802376636366,212.7834773933043,273.31529695289333,192.60620420677463,IONEXCHANG.BO,2023-08-21 12:14:43.768611
171,2022-11-24 00:00:00+05:30,243.88499450683594,259.70001220703125,243.88499450683594,257.9200134277344,158170,0.0,0.0,2022-11-24,242.90869660610932,230.3367359137392,75.67519109037708,36.77544233536563,234.84966663560263,229.89075088500977,251.21740398685887,12.571960692370112,10.52694990591224,229.89075088500977,20.224586616208843,250.11533750121862,209.6661642688009,270.3399241174275,189.4415776525921,IONEXCHANG.BO,2023-08-21 12:14:43.768611
172,2022-11-23 00:00:00+05:30,249.02000427246094,252.11000061035156,246.97999572753906,249.5399932861328,98710,0.0,0.0,2022-11-23,240.17936627490474,228.13007371261958,71.66604043623954,35.53571748095704,232.42120907853612,227.08175048828124,247.8660992664211,12.04929256228516,10.015697209297771,227.08175048828124,20.02716499234989,247.10891548063114,207.05458549593135,267.136080472981,187.02742050358148,IONEXCHANG.BO,2023-08-21 12:14:43.768611
173,2022-11-22 00:00:00+05:30,250.0800018310547,255.0,247.10000610351562,248.63499450683594,129780,0.0,0.0,2022-11-22,238.4774340910451,226.4172801467385,71.19253852507515,34.81932135887711,230.61923179352596,224.8167510986328,247.02915225656523,12.060153944306592,9.507298371050924,224.8167510986328,19.914855094333703,244.73160619296652,204.9018960042991,264.6464612873002,184.9870409099654,IONEXCHANG.BO,2023-08-21 12:14:43.768611
174,2022-11-21 00:00:00+05:30,241.39500427246094,255.0,240.3000030517578,250.66000366210938,123470,0.0,0.0,2022-11-21,236.63060492453766,224.63986299793072,73.7747453872112,34.01981671398666,228.72283571844068,222.4285011291504,246.2262311314298,11.990741926606944,8.869084477737006,222.4285011291504,19.77171192942839,242.20021305857878,202.656789199722,261.9719249880072,182.8850772702936,IONEXCHANG.BO,2023-08-21 12:14:43.768611
175,2022-11-18 00:00:00+05:30,250.9499969482422,255.0,242.5,244.97500610351562,36290,0.0,0.0,2022-11-18,234.07980515407007,222.55825174479645,71.04621002827463,33.158811711796936,226.41366014542294,220.05325088500976,244.00934486609003,11.521553409273622,8.088670115519522,220.05325088500976,19.04165122055675,239.09490210556652,201.011599664453,258.13655332612325,181.96994844389627,IONEXCHANG.BO,2023-08-21 12:14:43.768611
176,2022-11-17 00:00:00+05:30,248.74000549316406,255.90499877929688,247.25999450683594,250.00999450683594,64630,0.0,0.0,2022-11-17,232.09885952689814,220.7649113960989,77.69324727671996,31.76951085744684,224.45983425509738,218.16900024414062,243.5265142473772,11.333948130799229,7.230449292080997,218.16900024414062,18.295676789761806,236.46467703390243,199.8733234543788,254.76035382366422,181.57764666461702,IONEXCHANG.BO,2023-08-21 12:14:43.768611
177,2022-11-16 00:00:00+05:30,240.3699951171875,250.5500030517578,238.80499267578125,248.5850067138672,69180,0.0,0.0,2022-11-16,228.8422895305458,218.42530474723995,77.13240152966091,29.218984411861776,221.7703437022828,216.06350021362306,240.28477411764783,10.41698478330585,6.204574582401438,216.06350021362306,16.80044636448716,232.86394657811022,199.2630538491359,249.66439294259737,182.46260748464874,IONEXCHANG.BO,2023-08-21 12:14:43.768611
178,2022-11-15 00:00:00+05:30,243.74000549316406,251.0,236.1999969482422,240.3699951171875,90070,0.0,0.0,2022-11-15,225.25270458812372,216.01252858990978,73.55898168703622,26.754445486557998,218.9477475958002,213.60074996948242,236.13465781953812,9.240175998213942,5.151472032175336,213.60074996948242,15.327827756023076,228.9285777255055,198.27292221345934,244.2564054815286,182.94509445743626,IONEXCHANG.BO,2023-08-21 12:14:43.768611
179,2022-11-14 00:00:00+05:30,243.88999938964844,246.6699981689453,239.6999969482422,243.7100067138672,26340,0.0,0.0,2022-11-14,222.5041063101121,214.06393126772755,78.16770700870252,24.10032664392316,216.69277417249626,211.50725021362305,234.01698917071343,8.440175042384539,4.129296040665684,211.50725021362305,14.3043775227526,225.81162773637564,197.20287269087046,240.11600525912826,182.89849516811785,IONEXCHANG.BO,2023-08-21 12:14:43.768611
180,2022-11-11 00:00:00+05:30,240.2050018310547,242.89999389648438,233.90499877929688,240.625,87450,0.0,0.0,2022-11-11,218.64848805488387,211.69224523203638,76.9257697150415,21.47645315196358,213.84885495761512,209.19574966430665,229.17048039913652,6.956242822847486,3.05157629023597,209.19574966430665,12.440542288841751,221.6362919531484,196.7552073754649,234.07683424199016,184.31466508662314,IONEXCHANG.BO,2023-08-21 12:14:43.768611
181,2022-11-10 00:00:00+05:30,223.4499969482422,241.85000610351562,223.4499969482422,239.89999389648438,157190,0.0,0.0,2022-11-10,214.6527586103173,209.3776248505993,76.63418758740325,18.869046495900168,211.0303133742062,207.07574996948242,223.44322059870478,5.275133759718017,2.0754096570830916,207.07574996948242,10.216720608525243,217.29247057800765,196.85902936095718,227.50919118653292,186.64230875243192,IONEXCHANG.BO,2023-08-21 12:14:43.768611
182,2022-11-09 00:00:00+05:30,220.0,227.5,218.98500061035156,223.69500732421875,95790,0.0,0.0,2022-11-09,210.06235219465057,206.9358353269285,68.40749646248571,16.12243896711604,207.991399635019,205.00175018310546,215.21483394981496,3.1265168677220743,1.2754786314243602,205.00175018310546,6.862206824093189,211.86395700719865,198.13954335901227,218.72616383129184,191.27733653491907,IONEXCHANG.BO,2023-08-21 12:14:43.768611
183,2022-11-07 00:00:00+05:30,209.94000244140625,220.625,206.68499755859375,218.47000122070312,47180,0.0,0.0,2022-11-07,207.58368762563816,205.59510156714526,64.67952256892781,14.189906479755823,206.33838829931378,204.0125,210.97474726261302,1.9885860584928992,0.8127190723499316,204.0125,5.266025650400491,209.27852565040047,198.7464743495995,214.54455130080098,193.480448699199,IONEXCHANG.BO,2023-08-21 12:14:43.768611
184,2022-11-04 00:00:00+05:30,203.9149932861328,210.0,203.9149932861328,209.5050048828125,34760,0.0,0.0,2022-11-04,205.60435788108092,204.56510959486064,56.516871316035854,12.787308884207064,205.06137641285173,203.44150009155274,207.22712028356796,1.0392482862202712,0.5187523258141895,203.44150009155274,4.107603746306282,207.54910383785904,199.33389634524644,211.6567075841653,195.22629259894018,IONEXCHANG.BO,2023-08-21 12:14:43.768611
185,2022-11-03 00:00:00+05:30,207.0800018310547,208.80499267578125,205.10000610351562,206.7949981689453,48620,0.0,0.0,2022-11-03,204.89514933531154,204.1699179718245,53.498681559805654,12.70446688127316,204.5936260475927,203.42149963378907,206.08817798394568,0.7252313634870404,0.3886283357126691,203.42149963378907,4.077388575364266,207.49888820915334,199.3441110584248,211.5762767845176,195.26672248306053,IONEXCHANG.BO,2023-08-21 12:14:43.768611
186,2022-11-02 00:00:00+05:30,209.11000061035156,210.42999267578125,203.2100067138672,206.2949981689453,101140,0.0,0.0,2022-11-02,204.54972227465086,203.95991155605486,52.93904963760067,12.810914161111603,204.36190266639767,203.5317497253418,205.73476789144587,0.5898107185959987,0.3044775787690762,203.5317497253418,4.201333914810961,207.73308364015276,199.33041581053084,211.93441755496372,195.12908189571988,IONEXCHANG.BO,2023-08-21 12:14:43.768611
187,2022-11-01 00:00:00+05:30,209.94500732421875,211.59500122070312,205.89999389648438,208.5050048828125,87980,0.0,0.0,2022-11-01,204.23239938477914,203.77310462702363,55.68979519021542,12.925549693245312,204.15841892928742,203.6604995727539,205.45465275269612,0.4592947577555151,0.2331442938123456,203.6604995727539,4.328015942969624,207.98851551572352,199.3324836297843,212.31653145869316,195.00446768681465,IONEXCHANG.BO,2023-08-21 12:14:43.768611
188,2022-10-31 00:00:00+05:30,200.14500427246094,211.0,200.11500549316406,209.0449981689453,25570,0.0,0.0,2022-10-31,203.45556202150036,203.39455260656052,56.354176164109695,12.528357499583514,203.7008835657585,203.9947494506836,203.92947668763793,0.06100941493983214,0.17660667782655323,203.9947494506836,4.937122873701683,208.9318723243853,199.0576265769819,213.86899519808696,194.12050370328024,IONEXCHANG.BO,2023-08-21 12:14:43.768611
189,2022-10-28 00:00:00+05:30,196.68499755859375,202.0,196.68499755859375,200.14500427246094,13450,0.0,0.0,2022-10-28,202.43930090378308,202.94251696156974,46.60538989045544,12.180292040530041,203.13834518647565,203.74499969482423,201.37171594698424,-0.5032160577866591,0.20550599354823348,203.74499969482423,4.7924227757204205,208.53742247054464,198.95257691910382,213.32984524626508,194.16015414338338,IONEXCHANG.BO,2023-08-21 12:14:43.768611
190,2022-10-27 00:00:00+05:30,202.02999877929688,205.0,199.4499969482422,200.42999267578125,5330,0.0,0.0,2022-10-27,202.85644574584165,203.16631797669845,46.911494921767606,13.0509442565267,203.45343370374036,203.78899917602538,201.98507178424583,-0.30987223085679716,0.3826865063819566,203.78899917602538,4.761571780403026,208.5505709564284,199.02742739562237,213.31214273683145,194.26585561521932,IONEXCHANG.BO,2023-08-21 12:14:43.768611
191,2022-10-25 00:00:00+05:30,202.75999450683594,205.55499267578125,201.11500549316406,201.74000549316406,4770,0.0,0.0,2022-10-25,203.2976190313072,203.38522400077184,48.2893850157491,13.620428114796809,203.77169065405184,204.0817497253418,202.7626113384781,-0.08760496946464968,0.5558261906916451,204.0817497253418,4.7240248596768,208.8057745850186,199.357724865665,213.5297994446954,194.6337000059882,IONEXCHANG.BO,2023-08-21 12:14:43.768611
192,2022-10-24 00:00:00+05:30,203.98500061035156,205.2449951171875,201.8000030517578,204.24000549316406,2630,0.0,0.0,2022-10-24,203.58082149278778,203.51684148138045,50.94084759117941,13.923974465426275,203.98555224993476,204.01824951171875,203.2739142611351,0.0639800114073239,0.7166839807307187,204.01824951171875,4.76551274256403,208.78376225428278,199.25273676915472,213.5492749968468,194.4872240265907,IONEXCHANG.BO,2023-08-21 12:14:43.768611
193,2022-10-21 00:00:00+05:30,204.5050048828125,209.3000030517578,200.0,200.8699951171875,25600,0.0,0.0,2022-10-21,203.46096985635572,203.4589883604378,47.32022777202247,14.126216645610205,203.9587676980159,204.45624923706055,202.79086864512058,0.0019814959179313973,0.8798599730615673,204.45624923706055,5.172182239338802,209.62843147639936,199.28406699772174,214.80061371573817,194.11188475838293,IONEXCHANG.BO,2023-08-21 12:14:43.768611
194,2022-10-20 00:00:00+05:30,206.4149932861328,206.4149932861328,200.25,203.15499877929688,9130,0.0,0.0,2022-10-20,203.93205617256814,203.66610781989783,49.63144463952383,14.344015916577513,204.28390165389257,205.2139991760254,203.7513054090871,0.26594835267030703,1.0993295923474762,205.2139991760254,5.702118019253037,210.91611719527845,199.51188115677235,216.61823521453147,193.80976313751933,IONEXCHANG.BO,2023-08-21 12:14:43.768611
195,2022-10-19 00:00:00+05:30,209.6750030517578,214.11500549316406,205.11000061035156,207.2899932861328,10280,0.0,0.0,2022-10-19,204.07333933498109,203.70699654314592,54.052650672530376,14.965461662498805,204.40273353542898,205.87574920654296,204.0494587239822,0.3663427918351658,1.3076749022667684,205.87574920654296,6.19708795911724,212.0728371656602,199.67866124742574,218.26992512477744,193.48157328830848,IONEXCHANG.BO,2023-08-21 12:14:43.768611
196,2022-10-18 00:00:00+05:30,200.4199981689453,211.89999389648438,197.60000610351562,207.89999389648438,30390,0.0,0.0,2022-10-18,203.48849316204442,203.42035680370697,54.72120170455732,14.839151993387325,204.0988114564075,206.40199966430663,202.42919144290687,0.0681363583374548,1.543007929874669,206.40199966430663,6.746074784219206,213.14807444852585,199.6559248800874,219.89414923274504,192.90985009586822,IONEXCHANG.BO,2023-08-21 12:14:43.768611
197,2022-10-17 00:00:00+05:30,193.60000610351562,200.0,193.60000610351562,199.3300018310547,10600,0.0,0.0,2022-10-17,202.68640211941897,203.06198583628475,46.00954247839984,14.978695083109063,203.698686989031,207.12099990844726,199.6937902161181,-0.3755837168657763,1.9117258227589724,207.12099990844726,7.6234010128295,214.74440092127676,199.49759889561776,222.36780193410627,191.87419788278825,IONEXCHANG.BO,2023-08-21 12:14:43.768611
198,2022-10-14 00:00:00+05:30,200.97500610351562,202.5,197.5449981689453,198.5,10450,0.0,0.0,2022-10-14,203.29665671730342,203.36054455670316,45.058902878387826,15.307973914046654,204.15854858460744,207.80999984741212,199.87568440864976,-0.06388783939974019,2.4835532076651594,207.80999984741212,7.503973253141456,215.31397310055357,200.30602659427066,222.81794635369502,192.8020533411292,IONEXCHANG.BO,2023-08-21 12:14:43.768611
199,2022-10-13 00:00:00+05:30,198.4149932861328,200.69500732421875,196.8000030517578,197.47999572753906,9460,0.0,0.0,2022-10-13,204.16877612044948,203.74938812123943,43.93235777813101,16.29223053606029,204.75418527772402,209.08724975585938,200.5635266129746,0.4193879992100449,3.1204134694313845,209.08724975585938,7.993926654727769,217.08117641058715,201.0933231011316,225.07510306531492,193.09939644640383,IONEXCHANG.BO,2023-08-21 12:14:43.768611
200,2022-10-12 00:00:00+05:30,204.0,204.0,195.84500122070312,198.22500610351562,12040,0.0,0.0,2022-10-12,205.38491801006955,204.25093951273547,44.55614324926835,17.032670294117445,205.51988944090138,210.40974960327148,202.10529205569236,1.133978497334084,3.795669836986719,210.40974960327148,8.15879557108057,218.56854517435204,202.25095403219092,226.72734074543263,194.09215846111033,IONEXCHANG.BO,2023-08-21 12:14:43.768611
201,2022-10-11 00:00:00+05:30,206.9199981689453,206.98500061035156,198.0,198.4199981689453,15570,0.0,0.0,2022-10-11,206.68672017489754,204.73301418547305,44.705463599717646,17.83006695664053,206.2877718974683,211.59199905395508,204.0454350317807,1.953705989424492,4.461092671899877,211.59199905395508,8.012056494186025,219.6040555481411,203.57994255976905,227.61611204232713,195.56788606558302,IONEXCHANG.BO,2023-08-21 12:14:43.768611
202,2022-10-10 00:00:00+05:30,200.90499877929688,210.4949951171875,200.90499877929688,203.91000366210938,36860,0.0,0.0,2022-10-10,208.18976053961615,205.23805546679526,49.12244358860967,19.001321353166635,207.1159586057339,212.62324905395508,206.85815346319836,2.951705072820886,5.087939342518723,212.62324905395508,7.54091992607449,220.16416898002956,205.0823291278806,227.70508890610407,197.5414092018061,IONEXCHANG.BO,2023-08-21 12:14:43.768611
203,2022-10-07 00:00:00+05:30,210.3000030517578,211.05999755859375,206.14999389648438,207.0500030517578,8430,0.0,0.0,2022-10-07,208.96789815370826,205.34429961117016,51.84280060190738,20.231504143741937,207.45342754716808,213.3869987487793,208.33222836374284,3.6235985425381045,5.6219979099431825,213.3869987487793,7.383885796112468,220.77088454489177,206.0031129526668,228.15477034100422,198.61922715655436,IONEXCHANG.BO,2023-08-21 12:14:43.768611
204,2022-10-06 00:00:00+05:30,208.61000061035156,214.0,208.52499389648438,209.10499572753906,8440,0.0,0.0,2022-10-06,209.3166063540629,205.20784333592314,53.643763258901295,20.708887680509562,207.49589328352704,213.0269989013672,208.9733410197353,4.1087630181397685,6.121597751794451,213.0269989013672,7.868706431380473,220.89570533274767,205.15829246998672,228.76441176412814,197.28958603860625,IONEXCHANG.BO,2023-08-21 12:14:43.768611
205,2022-10-04 00:00:00+05:30,210.0050048828125,210.11500549316406,208.10000610351562,209.0,13000,0.0,0.0,2022-10-04,209.3550810134309,204.89607114459386,53.57070491912201,20.809996606262313,207.32651407889418,212.7672492980957,208.90751366583336,4.459009868837029,6.6248064352081215,212.7672492980957,8.087685158804096,220.8549344568998,204.67956413929159,228.94261961570388,196.5918789804875,IONEXCHANG.BO,2023-08-21 12:14:43.768611
206,2022-10-03 00:00:00+05:30,215.1999969482422,215.1999969482422,207.5500030517578,208.8699951171875,18320,0.0,0.0,2022-10-03,209.41964119769105,204.56775683616138,53.48220570595089,21.396499057583757,207.1503576661462,212.7197494506836,208.86127049875003,4.85188436152967,7.166255576800894,212.7197494506836,8.113722922164074,220.83347237284767,204.60602652851952,228.94719529501174,196.49230360635545,IONEXCHANG.BO,2023-08-21 12:14:43.768611
207,2022-09-30 00:00:00+05:30,202.0,217.80499267578125,200.96499633789062,215.19000244140625,34600,0.0,0.0,2022-09-30,209.5195768486917,204.2235777736793,58.51746533505293,22.02811708208377,206.9693431976155,212.75149993896486,208.85690818953128,5.295999075012418,7.744848380618699,212.75149993896486,8.099094510251152,220.850594449216,204.6524054287137,228.94968895946715,196.55331091846256,IONEXCHANG.BO,2023-08-21 12:14:43.768611
208,2022-09-29 00:00:00+05:30,203.8000030517578,207.15499877929688,200.75,204.0500030517578,14810,0.0,0.0,2022-09-29,208.48859037728909,203.3462638002611,50.96061125975181,22.708321108468404,206.10401064563752,212.13249969482422,205.6903610635938,5.142326577027973,8.357060707020269,212.13249969482422,8.371427768915495,220.50392746373973,203.7610719259087,228.8753552326552,195.38964415699323,IONEXCHANG.BO,2023-08-21 12:14:43.768611
209,2022-09-28 00:00:00+05:30,205.10000610351562,207.5050048828125,200.0,201.02499389648438,26610,0.0,0.0,2022-09-28,209.2956062546584,203.28996466014138,48.59551102294403,24.11061145052517,206.32022197130905,211.98049926757812,206.5105400695118,6.005641594517016,9.160744239518342,211.98049926757812,8.551566621592634,220.53206588917075,203.4289326459855,229.08363251076338,194.87736602439287,IONEXCHANG.BO,2023-08-21 12:14:43.768611
210,2022-09-27 00:00:00+05:30,199.5,206.5050048828125,199.5,206.28500366210938,33870,0.0,0.0,2022-09-27,210.79935395614459,203.47116232123392,52.69195733263853,25.620770280432453,206.87761440023797,211.53649978637696,209.25331315602546,7.328191634910667,9.949519900768673,211.53649978637696,9.3441160629686,220.88061584934556,202.19238372340837,230.22473191231416,192.84826766043977,IONEXCHANG.BO,2023-08-21 12:14:43.768611
211,2022-09-26 00:00:00+05:30,207.0,211.1649932861328,198.10000610351562,200.47000122070312,46680,0.0,0.0,2022-09-26,211.62014491869644,203.24605501396388,48.20613587612059,27.11248566481811,206.93999447793573,210.3034996032715,210.73746790298347,8.374089904732557,10.604851967233174,210.3034996032715,11.46080601065353,221.76430561392502,198.84269359261796,233.22511162457855,187.38188758196443,IONEXCHANG.BO,2023-08-21 12:14:43.768611
212,2022-09-23 00:00:00+05:30,218.5,218.60499572753906,211.93499755859375,213.0,23600,0.0,0.0,2022-09-23,213.64744377287704,203.46813931742474,59.481555846099454,28.7189483864642,207.62104639974967,208.66424942016602,215.8712012441236,10.179304455452296,11.162542482858328,208.66424942016602,14.799622357733222,223.46387177789924,193.8646270624328,238.26349413563247,179.06500470469956,IONEXCHANG.BO,2023-08-21 12:14:43.768611
213,2022-09-22 00:00:00+05:30,215.0,223.69000244140625,213.9199981689453,216.02499389648438,43690,0.0,0.0,2022-09-22,213.76516082249105,202.70559046281872,62.76731036604184,29.606135097050416,207.05484075761808,206.4843780517578,217.30680186618537,11.059570359672335,11.408351989709836,206.4843780517578,17.151325503761313,223.63570355551911,189.3330525479965,240.78702905928043,172.18172704423517,IONEXCHANG.BO,2023-08-21 12:14:43.768611
214,2022-09-21 00:00:00+05:30,216.75999450683594,220.50999450683594,211.66000366210938,216.38999938964844,60490,0.0,0.0,2022-09-21,213.354282081765,201.64003818812546,63.16425898705468,30.25137881748672,206.11061411142165,204.1747268676758,217.94770585103583,11.714243893639548,11.495547397219209,204.1747268676758,18.82729994601584,223.00202681369163,185.34742692165995,241.82932675970747,166.5201269756441,IONEXCHANG.BO,2023-08-21 12:14:43.768611
215,2022-09-20 00:00:00+05:30,226.60000610351562,229.0,215.0,217.81500244140625,49030,0.0,0.0,2022-09-20,212.80233348033167,200.4600412920036,64.63113079852158,31.273206864482162,205.02857355581884,201.77014846801757,218.72655908172953,12.34229218832806,11.440873273114121,201.77014846801757,20.20569616174692,221.97584462976448,181.56445230627065,242.1815407915114,161.35875614452374,IONEXCHANG.BO,2023-08-21 12:14:43.768611
216,2022-09-19 00:00:00+05:30,214.2050018310547,223.89999389648438,209.24000549316406,222.27999877929688,58350,0.0,0.0,2022-09-19,211.89093912377265,199.0716444000514,69.29143712293573,31.873915806716084,203.68263367312542,199.17942123413087,219.18233740189115,12.819294723721242,11.215518544310635,199.17942123413087,21.33064150377033,220.5100627379012,177.84877973036055,241.84070424167152,156.51813822659022,IONEXCHANG.BO,2023-08-21 12:14:43.768611
217,2022-09-16 00:00:00+05:30,221.5800018310547,225.14500427246094,211.77499389648438,213.11000061035156,76170,0.0,0.0,2022-09-16,210.00201918640462,197.21497604971177,64.38907016076084,33.02409045439712,201.72501629352843,196.37724075317382,217.63350671318827,12.787043136692859,10.814574499457983,196.37724075317382,21.81198540956518,218.189226162739,174.56525534360864,240.0012115723042,152.75326993404346,IONEXCHANG.BO,2023-08-21 12:14:43.768611
218,2022-09-15 00:00:00+05:30,227.11000061035156,229.8000030517578,222.5,224.0449981689453,38970,0.0,0.0,2022-09-15,209.43693165477794,195.94337408486058,78.20758397185963,33.893319122128204,200.52659689175758,194.14869384765626,219.89525976460658,13.493557569917357,10.321457340149264,194.14869384765626,22.284219023725814,216.4329128713821,171.86447482393044,238.71713189510788,149.58025580020464,IONEXCHANG.BO,2023-08-21 12:14:43.768611
219,2022-09-14 00:00:00+05:30,218.30499267578125,234.1699981689453,217.38999938964844,223.92999267578125,71110,0.0,0.0,2022-09-14,206.78091956129296,193.6952441581338,78.15980000559732,33.02777713503925,198.0509757046852,191.3382438659668,217.82039056243718,13.085675403159172,9.52843228270724,191.3382438659668,21.855672843013696,213.1939167089805,169.4825710229531,235.0495895519942,147.62689817993942,IONEXCHANG.BO,2023-08-21 12:14:43.768611
220,2022-09-13 00:00:00+05:30,218.0,225.68499755859375,215.11500549316406,221.8699951171875,122300,0.0,0.0,2022-09-13,203.66290626774966,191.27646427672198,77.36878263479247,32.095654995097306,195.32686865509612,188.59347076416014,214.7655895057651,12.38644199102768,8.639121502594255,188.59347076416014,20.97654858292933,209.57001934708947,167.61692218123082,230.5465679300188,146.6403735983015,IONEXCHANG.BO,2023-08-21 12:14:43.768611
221,2022-09-12 00:00:00+05:30,221.10000610351562,224.0,216.68499755859375,219.0449981689453,121560,0.0,0.0,2022-09-12,200.35252647694278,188.82898180948473,76.27657817526968,31.7293549201829,192.53285534329703,185.8235870361328,211.21338670005386,11.523544667458054,7.7022913804858995,185.8235870361328,19.98534899519899,205.8089360313318,165.83823804093382,225.7942850265308,145.85288904573483,IONEXCHANG.BO,2023-08-21 12:14:43.768611
222,2022-09-09 00:00:00+05:30,200.41000366210938,221.39999389648438,200.0749969482422,219.18499755859375,141070,0.0,0.0,2022-09-09,196.95389526021503,186.41170050072787,76.44665642143424,31.474077703097286,189.742103466913,183.22397232055664,207.29758096560812,10.54219475948716,6.74697805874286,183.22397232055664,18.78184072449097,202.0058130450476,164.44213159606568,220.78765376953857,145.66029087157472,IONEXCHANG.BO,2023-08-21 12:14:43.768611
223,2022-09-08 00:00:00+05:30,205.0,207.5850067138672,196.50999450683594,199.85000610351562,34620,0.0,0.0,2022-09-08,192.91187666050982,183.78983673609858,67.01788208305366,31.413112810860962,186.6428514572624,180.30734634399414,201.3538726691153,9.12203992441124,5.798173883556785,180.30734634399414,17.3804905115207,197.68783685551483,162.92685583247345,215.06832736703555,145.54636532095273,IONEXCHANG.BO,2023-08-21 12:14:43.768611
224,2022-09-07 00:00:00+05:30,209.7949981689453,212.60499572753906,202.50999450683594,203.91000366210938,31620,0.0,0.0,2022-09-07,191.6503985799633,182.50502318670522,72.69342344114355,32.74314269670274,185.25262465239365,178.57358093261718,202.10580595191513,9.145375393258092,4.967207373343172,178.57358093261718,17.054880775627666,195.62846170824486,161.5187001569895,212.6833424838725,144.46381938136184,IONEXCHANG.BO,2023-08-21 12:14:43.768611
225,2022-09-06 00:00:00+05:30,211.2550048828125,212.30499267578125,203.0,208.0500030517578,15610,0.0,0.0,2022-09-06,189.42137947411857,180.7926247486729,79.03069026551219,33.11226441066339,183.288690019792,176.8526924133301,201.20370709681796,8.628754725445674,3.9226653683644406,176.8526924133301,16.071906872350258,192.92459928568036,160.78078554097982,208.9965061580306,144.70887866862958,IONEXCHANG.BO,2023-08-21 12:14:43.768611
226,2022-09-05 00:00:00+05:30,195.27000427246094,210.5,195.27000427246094,209.5050048828125,100230,0.0,0.0,2022-09-05,186.03435700545688,178.6120344844261,81.35315485841858,33.418548703555246,180.6822360164272,174.9276351928711,197.78055911934803,7.422322521030793,2.7461430290941315,174.9276351928711,14.352286651474742,189.27992184434584,160.57534854139635,203.63220849582058,146.2230618899216,IONEXCHANG.BO,2023-08-21 12:14:43.768611
227,2022-09-02 00:00:00+05:30,204.0800018310547,206.31500244140625,200.89999389648438,202.80999755859375,47260,0.0,0.0,2022-09-02,181.7669664823013,176.14059685255518,78.68384170325152,33.92690412551969,177.64826034628138,172.9468147277832,191.9183362376158,5.6263696297461365,1.5770981561099662,172.9468147277832,11.84349464259038,184.79030937037356,161.10332008519282,196.63380401296396,149.25982544260242,IONEXCHANG.BO,2023-08-21 12:14:43.768611
228,2022-09-01 00:00:00+05:30,192.14500427246094,203.21499633789062,191.0,201.00999450683594,126630,0.0,0.0,2022-09-01,177.94096083206634,174.0070447960721,77.89441993609145,33.452291976947784,174.99965642919585,171.58952255249022,186.47250557712678,3.93391603599423,0.5647802877009237,171.58952255249022,9.580210812070572,181.16973336456078,162.00931174041966,190.74994417663137,152.42910092834907,IONEXCHANG.BO,2023-08-21 12:14:43.768611
229,2022-08-30 00:00:00+05:30,184.0,197.3000030517578,183.9199981689453,192.14500427246094,134670,0.0,0.0,2022-08-30,173.74659107301733,171.846808819211,73.39021603172895,33.202003068156614,172.26172610523375,170.31586074829102,179.2037611122722,1.899782253806336,-0.27750364937240285,170.31586074829102,6.7332660333478405,177.04912678163885,163.58259471494318,183.7823928149867,156.84932868159532,IONEXCHANG.BO,2023-08-21 12:14:43.768611
230,2022-08-29 00:00:00+05:30,177.0,184.0,174.2100067138672,181.625,35880,10.0,0.0,2022-08-29,170.40142503675486,170.222953182951,65.68013293629684,33.475184124465926,170.16874945605193,169.31156845092772,172.7331395321778,0.17847185380387032,-0.8218251251670875,169.31156845092772,4.399498040224559,173.71106649115228,164.91207041070317,178.11056453137684,160.5125723704786,IONEXCHANG.BO,2023-08-21 12:14:43.768611
231,2022-08-26 00:00:00+05:30,169.86971311741485,169.9735229625435,167.03855123212458,167.68499755859375,6580,0.0,0.0,2022-08-26,168.36077504343754,169.3107894375871,46.66547669947604,35.41090088974481,168.96282834616267,168.95100479125978,168.28720929826667,-0.950014394149548,-1.071899369909827,168.95100479125978,3.5508885280379405,172.50189331929772,165.40011626322183,176.05278184733567,161.8492277351839,IONEXCHANG.BO,2023-08-21 12:14:43.768611
232,2022-08-25 00:00:00+05:30,170.73793095838602,171.09654939803966,168.92598911598398,169.40257263183594,10400,0.0,0.0,2022-08-25,168.4836436770455,169.44085278790658,49.82849450649879,35.79355648566234,169.0973368501173,169.3145736694336,168.58831516810312,-0.9572091108610721,-1.1023706138498965,169.3145736694336,3.7793443412564796,173.0939180106901,165.5352293281771,176.87326235194655,161.75588498692065,IONEXCHANG.BO,2023-08-21 12:14:43.768611
233,2022-08-24 00:00:00+05:30,167.51041113854254,171.4646028660437,164.30176676970515,169.83197021484375,556750,0.0,0.0,2022-08-24,168.3165656852654,169.44391520039224,50.625069908728875,36.50395248819007,169.06520676783114,169.49671173095703,168.18118643623671,-1.1273495151268378,-1.1386609895971025,169.49671173095703,3.8704873328152027,173.36719906377223,165.62622439814183,177.23768639658743,161.75573706532663,IONEXCHANG.BO,2023-08-21 12:14:43.768611
234,2022-08-23 00:00:00+05:30,162.50869589147814,169.07699806634085,162.50869589147814,168.29843139648438,12950,0.0,0.0,2022-08-23,168.04103758897844,169.41287079923612,47.871723976687996,37.26899433706609,168.98449482604033,169.78242263793945,167.3557945469332,-1.3718332102576767,-1.1414888582146687,169.78242263793945,4.100602820872994,173.88302545881245,165.68181981706644,177.98362827968543,161.58121699619346,IONEXCHANG.BO,2023-08-21 12:14:43.768611
235,2022-08-22 00:00:00+05:30,166.2788680294457,167.9822769028769,164.77363242991436,166.00045776367188,9030,0.0,0.0,2022-08-22,167.99423871488645,169.50202595145623,43.471514434148546,37.46260381173695,169.0567120291515,170.2278579711914,166.8844761221576,-1.5077872365697829,-1.0839027702039168,170.2278579711914,4.40358611511107,174.63144408630248,165.82427185608034,179.03503020141355,161.42068574096928,IONEXCHANG.BO,2023-08-21 12:14:43.768611
236,2022-08-19 00:00:00+05:30,170.57750997343592,170.57750997343592,165.53332187367099,166.23638916015625,19790,0.0,0.0,2022-08-19,168.35674434238,169.78215140647896,43.829998764469494,37.97464989787443,169.37842300446513,170.82122268676758,167.32648530140042,-1.4254070640989482,-0.9779316536124503,170.82122268676758,4.599171999180184,175.42039468594777,166.2220506875874,180.01956668512796,161.6228786884072,IONEXCHANG.BO,2023-08-21 12:14:43.768611
237,2022-08-18 00:00:00+05:30,169.12417907791658,172.70087390083145,168.08135742213034,168.5390625,29090,0.0,0.0,2022-08-18,168.7422634664207,170.0658123861848,47.30111102450096,38.62826665555025,169.70916340912922,171.34522399902343,167.8715333720225,-1.3235489197641073,-0.8660628009908258,171.34522399902343,4.646086806739859,175.9913108057633,166.69913719228356,180.63739761250315,162.0530503855437,IONEXCHANG.BO,2023-08-21 12:14:43.768611
238,2022-08-17 00:00:00+05:30,169.66681888253274,170.3746093632174,167.44434640515826,167.83599853515625,7920,0.0,0.0,2022-08-17,168.779209096679,170.1879523770796,46.0946463183929,39.67714278588285,169.83233192587966,171.79490661621094,167.53776880803372,-1.4087432804005857,-0.7516912712975053,171.79490661621094,4.793101079295,176.58800769550595,167.00180553691592,181.38110877480094,162.20870445762094,IONEXCHANG.BO,2023-08-21 12:14:43.768611
239,2022-08-16 00:00:00+05:30,167.03855626635166,172.28091760325933,167.03855626635166,169.03453063964844,127100,0.0,0.0,2022-08-16,168.9507019260468,170.37610868443346,47.837996651376784,40.25881482747764,170.04247228279792,172.22382736206055,167.38865394447242,-1.4254067583866572,-0.5874282690217352,172.22382736206055,4.804000368437826,177.02782773049836,167.41982699362273,181.8318280989362,162.6158266251849,IONEXCHANG.BO,2023-08-21 12:14:43.768611
240,2022-08-12 00:00:00+05:30,167.6991603085957,168.58153683172208,165.02842908242752,166.47232055664062,17680,0.0,0.0,2022-08-12,168.9354603417556,170.48343492801627,43.61341182190665,40.88523087227204,170.14857140312947,172.43923110961913,166.5657155968844,-1.5479745862606649,-0.37793364668050466,172.43923110961913,4.749748175659173,177.1889792852783,167.68948293395997,181.93872746093749,162.93973475830077,IONEXCHANG.BO,2023-08-21 12:14:43.768611
241,2022-08-11 00:00:00+05:30,163.2636661694332,170.912517711431,160.88548619090946,167.05270385742188,18690,0.0,0.0,2022-08-11,169.38330393904923,170.8043240777263,44.36940295567246,40.69845696755548,170.5355451764441,172.7964294433594,166.61241311700624,-1.421020138677079,-0.08542341178546459,172.7964294433594,4.541456255463705,177.3378856988231,168.25497318789567,181.8793419542868,163.713516932432,IONEXCHANG.BO,2023-08-21 12:14:43.768611
242,2022-08-10 00:00:00+05:30,165.53332453067458,165.53332453067458,158.54507405541344,160.85247802734375,20790,0.0,0.0,2022-08-10,169.80704940843603,171.10445369535066,32.808556804703855,40.497315839399185,170.90216005213063,172.92430419921874,166.3922677467984,-1.2974042869146274,0.24847576993743903,172.92430419921874,4.40517826519769,177.32948246441643,168.51912593402105,181.73466072961412,164.11394766882336,IONEXCHANG.BO,2023-08-21 12:14:43.768611
243,2022-08-08 00:00:00+05:30,170.18114331736624,170.91252104724202,164.29704460012564,165.17469787597656,24670,0.0,0.0,2022-08-08,171.43515329590733,171.9246117487912,37.9051706667823,38.96990072683125,171.96002131789768,173.40088272094727,169.16216260652573,-0.48945845288386636,0.6349457841504555,173.40088272094727,3.4403770123476463,176.84125973329492,169.9605057085996,180.28163674564257,166.52012869625196,IONEXCHANG.BO,2023-08-21 12:14:43.768611
244,2022-08-05 00:00:00+05:30,168.9259951304414,171.28529673840845,166.56669352247434,169.4922332763672,146380,0.0,0.0,2022-08-05,172.57341791771293,172.46460485861638,44.29457651190218,37.733245340456016,172.67426589073148,173.81965866088868,171.1558949718003,0.1088130590965477,0.916046843409036,173.81965866088868,2.8444998036226896,176.66415846451136,170.975158857266,179.50865826813407,168.13065905364329,IONEXCHANG.BO,2023-08-21 12:14:43.768611
245,2022-08-04 00:00:00+05:30,172.88491465944875,174.116463218981,167.03855821007934,169.54885864257812,22010,0.0,0.0,2022-08-04,173.1336333070485,172.70239458519632,44.39107945187449,36.5798197265853,173.0092166922435,173.79465026855468,171.98772581951687,0.43123872185219625,1.117855289487158,173.79465026855468,2.8864378071556867,176.68108807571036,170.908212461399,179.56752588286605,168.0217746542433,IONEXCHANG.BO,2023-08-21 12:14:43.768611
246,2022-08-03 00:00:00+05:30,171.8515362626307,173.5219114464436,164.30177105658493,169.8885955810547,96580,0.0,0.0,2022-08-03,173.7854105187704,172.95467746060575,44.90587662404385,35.374241373470525,173.37346490799774,173.8569351196289,173.20715940798624,0.8307330581646397,1.2895094313958986,173.8569351196289,2.802209411463522,176.6591445310924,171.0547257081654,179.46135394255595,168.25251629670186,IONEXCHANG.BO,2023-08-21 12:14:43.768611
247,2022-08-02 00:00:00+05:30,175.42822389985383,178.07536770319106,174.37597023399448,175.66415405273438,7290,0.0,0.0,2022-08-02,174.4939223256278,173.19996401096984,54.96870853517022,33.93646976691059,173.74029325820226,173.83829650878906,174.86644132145202,1.2939583146579707,1.4042035247037132,173.83829650878906,2.8310845862089584,176.66938109499802,171.0072119225801,179.50046568120698,168.17612733637114,IONEXCHANG.BO,2023-08-21 12:14:43.768611
248,2022-08-01 00:00:00+05:30,173.83333521678452,178.30185292572997,172.88018257518453,175.53675842285156,6790,0.0,0.0,2022-08-01,174.28115292069933,173.00282880762867,54.75697017223042,33.20270811016358,173.53778159561992,173.38885040283202,174.46758495581082,1.2783241130706529,1.4317648272151486,173.38885040283202,3.213634285071639,176.60248468790365,170.17521611776039,179.8161189729753,166.96158183268875,IONEXCHANG.BO,2023-08-21 12:14:43.768611
249,2022-07-29 00:00:00+05:30,175.8859387046467,176.37667748180147,141.62416691956227,172.0591583251953,85090,0.0,0.0,2022-07-29,174.0528610112171,172.80011443841084,48.769162967277865,32.412503249051404,173.32736298222713,172.98942031860352,173.93299822229045,1.2527465728062452,1.4701250057512723,172.98942031860352,3.4223012173443594,176.4117215359479,169.56711910125915,179.83402275329223,166.1448178839148,IONEXCHANG.BO,2023-08-21 12:14:43.768611
250,2022-07-28 00:00:00+05:30,176.42856512457976,178.35376323261767,172.8801808156941,174.41372680664062,12800,0.0,0.0,2022-07-28,174.4153524086756,172.8593909274681,53.1827406662797,31.12570612625755,173.4608582092831,172.721875,174.869918170838,1.555961481207504,1.5244696139875291,172.721875,3.696989141474838,176.41886414147484,169.02488585852518,180.1158532829497,165.32789671705032,IONEXCHANG.BO,2023-08-21 12:14:43.768611
251,2022-07-27 00:00:00+05:30,174.24858461679196,177.69788252717902,171.94590386894748,174.9563751220703,9090,0.0,0.0,2022-07-27,174.41564797268197,172.7350440571343,54.229931285365005,31.545179493088508,173.36055625166648,172.2787986755371,175.09801385293667,1.680603915547664,1.5165966471825354,172.2787986755371,4.001988883598121,176.28078755913523,168.27680979193897,180.28277644273334,164.27482090834087,IONEXCHANG.BO,2023-08-21 12:14:43.768611
252,2022-07-26 00:00:00+05:30,175.4612563062961,176.5795629188439,172.6159392591684,173.0453338623047,15390,0.0,0.0,2022-07-26,174.31733394552043,172.55733757193943,51.06527065985604,32.1656347395411,173.19257531793977,171.84775390625,175.16883321836985,1.7599963735810036,1.4755948300912531,171.84775390625,4.159580052107704,176.00733395835772,167.6881738541423,180.1669140104654,163.5285938020346,IONEXCHANG.BO,2023-08-21 12:14:43.768611
253,2022-07-25 00:00:00+05:30,178.3631949459091,178.72181338502804,174.3240718949039,175.5461883544922,11990,0.0,0.0,2022-07-25,174.54860668792327,172.5182978687102,55.750328630349564,33.12229936695703,173.20807441853296,171.5150924682617,176.23058289640244,2.030308819213076,1.4044944442188156,171.5150924682617,4.321650826513286,175.836743294775,167.19344164174842,180.1583941212883,162.87179081523513,IONEXCHANG.BO,2023-08-21 12:14:43.768611
254,2022-07-22 00:00:00+05:30,178.81147467539512,179.87316039926267,176.47576032287282,177.20713806152344,6210,0.0,0.0,2022-07-22,174.36722820309257,172.27606662984763,59.09312306022269,33.464537261393474,172.9619571621162,171.1968231201172,176.57278016735756,2.091161573244932,1.2480408504702507,171.1968231201172,4.242826296647721,175.4396494167649,166.95399682346948,179.68247571341263,162.71117052682175,IONEXCHANG.BO,2023-08-21 12:14:43.768611
255,2022-07-21 00:00:00+05:30,178.34904441404146,180.1751415349989,176.95705072027062,177.8677520751953,7780,0.0,0.0,2022-07-21,173.85088095610513,171.88158091531355,60.4308645905327,32.88540083632869,172.51509601481018,170.69759521484374,176.25560122027463,1.9693000407915804,1.0372606697765803,170.69759521484374,4.082801396945603,174.78039661178934,166.61479381789815,178.86319800873494,162.53199242095255,IONEXCHANG.BO,2023-08-21 12:14:43.768611
256,2022-07-20 00:00:00+05:30,176.94762235714245,180.98202238687153,175.3433001277779,176.71641540527344,14750,0.0,0.0,2022-07-20,173.12054075263418,171.402687222523,58.92645290397563,32.04165176622232,171.95165853476965,170.10423049926757,175.44952579281426,1.7178535301111708,0.80425082702283,170.10423049926757,3.8410962991700655,173.94532679843763,166.2631342000975,177.7864230976077,162.42203790092745,IONEXCHANG.BO,2023-08-21 12:14:43.768611
257,2022-07-19 00:00:00+05:30,177.08445619831625,180.62340845189962,174.9846721011767,177.53271484375,19810,0.0,0.0,2022-07-19,172.46674536124522,170.977588967903,60.44813658690483,31.132998921492387,171.45010517997977,169.6649284362793,174.81608098658467,1.4891563933422276,0.5758501512507448,169.6649284362793,3.5353205093673803,173.20024894564668,166.12960792691192,176.73556945501406,162.59428741754454,IONEXCHANG.BO,2023-08-21 12:14:43.768611
258,2022-07-18 00:00:00+05:30,173.95602524597473,178.3254563656126,172.79525290448507,176.41441345214844,16680,0.0,0.0,2022-07-18,171.54566000078978,170.45317889783522,59.10888387006205,30.21149461521692,170.80983047853027,169.3537368774414,173.457764058002,1.0924811029545651,0.3475235907278741,169.3537368774414,3.046439276963477,172.40017615440487,166.30729760047794,175.44661543136837,163.26085832351444,IONEXCHANG.BO,2023-08-21 12:14:43.768611
259,2022-07-15 00:00:00+05:30,176.92874701345997,176.94762545885195,172.02140241407471,173.3426055908203,8700,0.0,0.0,2022-07-15,170.66043210054278,169.97628013349015,55.25230783733006,29.59234878481406,170.21987437604415,168.7379592895508,171.97943936092878,0.6841519670526282,0.16128421267120135,168.7379592895508,2.7768969034813895,171.5148561930322,165.9610623860694,174.29175309651356,163.184165482588,IONEXCHANG.BO,2023-08-21 12:14:43.768611
260,2022-07-14 00:00:00+05:30,169.82724943918575,176.94761993746525,169.82724943918575,173.6162872314453,12520,0.0,0.0,2022-07-14,170.1727641932196,169.70697409690374,55.68117423876581,29.162353453543826,169.89116582712035,168.4421028137207,171.29785624598298,0.46579009631585677,0.030567274075844655,168.4421028137207,2.567829263299102,171.0099320770198,165.8742735504216,173.57776134031892,163.3064442871225,IONEXCHANG.BO,2023-08-21 12:14:43.768611
261,2022-07-13 00:00:00+05:30,172.32339583365493,172.32339583365493,165.8211611544132,169.61019897460938,18430,0.0,0.0,2022-07-13,169.5466690953604,169.3942290461404,50.368339164422125,28.69928248331998,169.49904778455982,168.18305130004882,170.13864075325182,0.15244004921999021,-0.07823843148415836,168.18305130004882,2.26142600709856,170.44447730714737,165.92162529295027,172.70590331424594,163.6601992858517,IONEXCHANG.BO,2023-08-21 12:14:43.768611
262,2022-07-12 00:00:00+05:30,173.43226222664993,173.43226222664993,169.0911557381786,170.38404846191406,10060,0.0,0.0,2022-07-12,169.53511820822422,169.37695145186285,51.46846140352367,29.04122928897627,169.48734765929146,168.67708892822264,170.40286164257304,0.1581667563613678,-0.1359080516601955,168.67708892822264,3.38819388211644,172.06528281033908,165.2888950461062,175.45347669245552,161.90070116398977,IONEXCHANG.BO,2023-08-21 12:14:43.768611
263,2022-07-11 00:00:00+05:30,168.66175076348026,175.06017543044473,167.37829014119637,173.5502166748047,27650,0.0,0.0,2022-07-11,169.3807672530079,169.29638369105876,56.15739545183365,28.21959367591195,169.39295810112066,168.89084091186524,170.41226823290253,0.08438356194912444,-0.20942675366558633,168.89084091186524,3.627918812709446,172.5187597245747,165.2629220991558,176.14667853728415,161.63500328644633,IONEXCHANG.BO,2023-08-21 12:14:43.768611
264,2022-07-08 00:00:00+05:30,168.37391514960643,173.0783632138001,168.37391514960643,168.9920654296875,25290,0.0,0.0,2022-07-08,168.62268553995395,168.9560770523591,50.08301193643861,27.33475532338114,168.9553519354697,169.01258087158203,168.84329401195146,-0.333391512405143,-0.282879332569264,169.01258087158203,3.827842781164425,172.84042365274647,165.1847380904176,176.66826643391087,161.3568953092532,IONEXCHANG.BO,2023-08-21 12:14:43.768611
265,2022-07-07 00:00:00+05:30,169.32707699575286,172.70087536955012,167.97284019508453,170.7945556640625,5140,0.0,0.0,2022-07-07,168.5555255600024,168.95319798217284,52.762515466559655,26.704486879230462,168.951487357131,169.75576095581056,168.7689083030834,-0.3976724221704444,-0.2702512876102942,169.75576095581056,5.066222938355208,174.82198389416575,164.68953801745536,179.88820683252098,159.62331507910014,IONEXCHANG.BO,2023-08-21 12:14:43.768611
266,2022-07-06 00:00:00+05:30,167.92093314662338,169.86499540005903,166.21280105792573,169.5158233642578,3720,0.0,0.0,2022-07-06,168.14842917744602,168.80588936762166,51.032604792829765,26.087532011766427,168.75748016692768,170.178311920166,167.75608462259385,-0.657460190175641,-0.23839600397025665,170.178311920166,5.491966243774054,175.67027816394005,164.68634567639197,181.16224440771413,159.1943794326179,IONEXCHANG.BO,2023-08-21 12:14:43.768611
267,2022-07-05 00:00:00+05:30,165.3398591165768,173.64932713473135,164.30648382709538,166.67523193359375,21910,0.0,0.0,2022-07-05,167.89981205257112,168.7490946478908,47.03649590896758,25.90112069488429,168.6776545672087,170.67140579223633,166.87621525176183,-0.8492825953196643,-0.13362995741891057,170.67140579223633,5.859761108291953,176.5311669005283,164.81164468394437,182.39092800882023,158.95188357565243,IONEXCHANG.BO,2023-08-21 12:14:43.768611
268,2022-07-04 00:00:00+05:30,168.92599521403088,169.96409368206375,166.66107142927544,167.54815673828125,12990,0.0,0.0,2022-07-04,168.12246298329427,168.91500366503453,48.15434194767416,25.700370045934303,168.8884358970629,171.4471435546875,166.97670691084585,-0.7925406817402632,0.045283202056277866,171.4471435546875,6.3123610350321,177.7595045897196,165.1347825196554,184.0718656247517,158.8224214846233,IONEXCHANG.BO,2023-08-21 12:14:43.768611
269,2022-07-01 00:00:00+05:30,169.7564801100741,169.7564801100741,164.20267470587285,166.708251953125,5830,0.0,0.0,2022-07-01,168.22688230056937,169.02435141917482,47.02561656269388,26.140800715118058,169.02951791377674,172.21438903808593,166.69098199712812,-0.7974691186054486,0.2547391730054131,172.21438903808593,6.732114213891581,178.9465032519775,165.48227482419435,185.67861746586908,158.75016061030277,IONEXCHANG.BO,2023-08-21 12:14:43.768611
270,2022-06-30 00:00:00+05:30,167.04328069410323,168.84577621782896,164.53298027253462,165.5522003173828,9860,0.0,0.0,2022-06-30,168.50299690919562,169.2096393764588,45.50425472756407,26.653803525367284,169.2738616991085,173.15999755859374,166.68234701912965,-0.7066424672631797,0.5177912459081285,173.15999755859374,7.227966695323689,180.38796425391743,165.93203086327006,187.61593094924112,158.70406416794637,IONEXCHANG.BO,2023-08-21 12:14:43.768611
271,2022-06-29 00:00:00+05:30,165.51443301847826,168.3172843655455,165.2643476343139,166.33547973632812,4170,0.0,0.0,2022-06-29,169.03950538043432,169.5022345011849,46.33511653563236,27.369029982685138,169.66561552876382,173.59316482543946,167.24742037000306,-0.4627291207505664,0.8238996742009556,173.59316482543946,7.004169711953514,180.59733453739298,166.58899511348594,187.60150424934648,159.58482540153244,IONEXCHANG.BO,2023-08-21 12:14:43.768611
272,2022-06-28 00:00:00+05:30,167.9209279143939,169.11002512364456,164.584872032938,166.39210510253906,5940,0.0,0.0,2022-06-28,169.53114640663543,169.75557488237342,46.39562634670651,27.958857035703918,170.0161561384939,174.10230178833007,167.7033906868405,-0.2244284757379944,1.145556872938836,174.10230178833007,6.816415996928944,180.91871778525902,167.2858857914011,187.73513378218794,160.4694697944722,IONEXCHANG.BO,2023-08-21 12:14:43.768611
273,2022-06-27 00:00:00+05:30,170.95027757305544,172.53572131962179,167.89261754749091,169.18080139160156,8410,0.0,0.0,2022-06-27,170.10188118919842,170.02465246476015,49.16809868271265,28.59405540049337,170.3976351949102,174.5449073791504,168.3590334789912,0.077228724438271,1.4880532101080435,174.5449073791504,6.572453907155638,181.11736128630605,167.97245347199475,187.68981519346167,161.39999956483913,IONEXCHANG.BO,2023-08-21 12:14:43.768611
274,2022-06-24 00:00:00+05:30,166.67049706465872,169.90274302531577,165.62296661434442,167.2225799560547,9840,0.0,0.0,2022-06-24,170.26935024330695,170.09216055061282,47.10622563208497,28.499832228432705,170.52572296367953,174.65036849975587,167.94814952268598,0.1771896926941281,1.8407593315254867,174.65036849975587,6.498356269723516,181.14872476947937,168.15201223003237,187.6470810392029,161.65365596030884,IONEXCHANG.BO,2023-08-21 12:14:43.768611
275,2022-06-23 00:00:00+05:30,169.48278929111342,169.87915023894755,165.19358063415365,166.00045776367188,9630,0.0,0.0,2022-06-23,170.82330847735284,170.32172699817747,45.836375817398846,28.75811593769357,170.87342222764002,174.3259651184082,168.3109343060016,0.5015814791753712,2.256651741233326,174.3259651184082,7.028956309411309,181.3549214278195,167.29700880899688,188.38387773723082,160.26805249958556,IONEXCHANG.BO,2023-08-21 12:14:43.768611
276,2022-06-22 00:00:00+05:30,169.89802359185336,169.89802359185336,165.33514241720917,167.9303741455078,15780,0.0,0.0,2022-06-22,171.70019042529486,170.6674285369379,47.511949167087515,29.03946219397223,171.38636585542613,173.86212692260742,169.46617257716645,1.0327618883569585,2.695419306747815,173.86212692260742,7.863778631469419,181.72590555407683,165.998348291138,189.58968418554625,158.13456965966859,IONEXCHANG.BO,2023-08-21 12:14:43.768611
277,2022-06-21 00:00:00+05:30,167.3499830644093,172.1346392282021,163.69778879026896,171.3088836669922,5640,0.0,0.0,2022-06-21,172.38561156707433,170.8863928882523,50.51489379905956,29.31261306991901,171.75015445647017,173.496435546875,170.23407179299576,1.4992186788220465,3.111083661345529,173.496435546875,8.311458088374023,181.80789363524903,165.18497745850098,190.11935172362305,156.87351937012696,IONEXCHANG.BO,2023-08-21 12:14:43.768611
278,2022-06-20 00:00:00+05:30,179.21254748033672,179.21254748033672,162.94281252646073,164.09886169433594,18040,0.0,0.0,2022-06-20,172.5813802761802,170.85259362595312,43.43314734485227,29.60677555170785,171.79660401325734,172.84172897338868,169.69666585599754,1.7287866502270788,3.514049906976399,172.84172897338868,8.981554268154813,181.8232832415435,163.86017470523387,190.8048375096983,154.87862043707906,IONEXCHANG.BO,2023-08-21 12:14:43.768611
279,2022-06-17 00:00:00+05:30,167.02911514792117,168.73724713983464,163.82990287134524,167.42547607421875,9350,0.0,0.0,2022-06-17,174.12365638197005,171.3928921804825,46.27315328249083,29.92356591671122,172.60689267840698,172.43522186279296,172.49556793682834,2.7307642014875455,3.9603657211637286,172.43522186279296,9.56323493156066,181.99845679435361,162.8719869312323,191.56169172591427,153.30875199967164,IONEXCHANG.BO,2023-08-21 12:14:43.768611
280,2022-06-16 00:00:00+05:30,182.60994510067442,182.60994510067442,167.14236428029307,168.4352569580078,25200,0.0,0.0,2022-06-16,175.34150734701572,171.71028546898359,47.141297619173464,31.554582854454285,173.15230495253206,172.10232467651366,175.03061386813312,3.631221878032136,4.267766101082774,172.10232467651366,9.858137968111935,181.9604626446256,162.2441867084017,191.81860061273753,152.3860487402898,IONEXCHANG.BO,2023-08-21 12:14:43.768611
281,2022-06-15 00:00:00+05:30,176.4710340120995,181.85496191635283,175.46596924048575,179.49095153808594,9790,0.0,0.0,2022-06-15,176.59718923592627,171.97228774986164,58.25456851033379,32.71933909836886,173.64883632037674,171.62999267578124,178.32829232319574,4.62490148606463,4.426902156845434,171.62999267578124,10.261155147469712,181.89114782325095,161.36883752831153,192.15230297072065,151.10768238084182,IONEXCHANG.BO,2023-08-21 12:14:43.768611
282,2022-06-14 00:00:00+05:30,171.85152797419715,179.41072483815654,171.85152797419715,174.65908813476562,14620,0.0,0.0,2022-06-14,176.0710506355336,171.3707946468037,53.8419639418185,32.20298721148204,173.03387682377578,170.68721542358398,177.74696271575064,4.700255988729907,4.377402324540634,170.68721542358398,10.36655672005925,181.05377214364324,160.3206587035247,191.42032886370248,149.95410198346548,IONEXCHANG.BO,2023-08-21 12:14:43.768611
283,2022-06-13 00:00:00+05:30,182.10976783113682,182.1286462754051,174.58831339399808,175.98501586914062,26790,0.0,0.0,2022-06-13,176.32777109021868,171.10773116776673,55.33760097540286,31.91244252313636,172.86280194893476,170.04100341796874,179.29090000624313,5.220039922451946,4.296688908493316,170.04100341796874,10.507796044393208,180.54879946236196,159.53320737357552,191.05659550675514,149.02541132918233,IONEXCHANG.BO,2023-08-21 12:14:43.768611
284,2022-06-10 00:00:00+05:30,179.1134621262427,185.4930086461988,177.3062433863556,183.8556671142578,31890,0.0,0.0,2022-06-10,176.39009022132376,170.7175483916568,65.30522519763832,30.94070831470659,172.534147852071,169.40469970703126,180.94384207479436,5.6725418296669545,4.065851155003658,169.40469970703126,10.514223964779307,179.91892367181057,158.89047574225194,190.43314763658987,148.37625177747265,IONEXCHANG.BO,2023-08-21 12:14:43.768611
285,2022-06-09 00:00:00+05:30,177.31094478618277,180.60925816894402,174.83367814077863,179.24557495117188,13620,0.0,0.0,2022-06-09,175.03271260442668,169.6664988938487,61.53681584249534,29.208565627808074,171.3424089823671,168.10283660888672,179.4879295550626,5.366213710577966,3.6641784863378346,168.10283660888672,10.23909951336936,178.34193612225607,157.86373709551737,188.58103563562543,147.624637582148,IONEXCHANG.BO,2023-08-21 12:14:43.768611
286,2022-06-08 00:00:00+05:30,182.54387957447213,187.80041054030525,177.4242065358004,179.37770080566406,21590,0.0,0.0,2022-06-08,174.26673763229118,168.90017280926287,61.71233467468592,27.7537925095154,170.51049677512447,166.96706924438476,179.60910685700796,5.3665648230283125,3.2386696802778014,166.96706924438476,10.197805047673087,177.16487429205785,156.76926419671167,187.36267933973093,146.5714591490386,IONEXCHANG.BO,2023-08-21 12:14:43.768611
287,2022-06-07 00:00:00+05:30,181.78419420620466,184.02553079927273,180.10437256424484,182.1899871826172,15440,0.0,0.0,2022-06-07,173.33747160076882,168.06197056955077,65.45983693653034,25.504914701701683,169.57710687717292,165.98088150024415,179.7248098826799,5.275501031218056,2.7066958945901733,165.98088150024415,9.883308628956357,175.8641901292005,156.0975728712878,185.74749875815687,146.21426424233144,IONEXCHANG.BO,2023-08-21 12:14:43.768611
288,2022-06-06 00:00:00+05:30,187.3285506189848,189.683129052759,179.38714761767625,182.89306640625,50000,0.0,0.0,2022-06-06,171.72792331316003,166.93172924050546,66.39243728985736,23.374718511969125,168.2494352660735,164.84346237182618,178.49222123271124,4.796194072654572,2.064494610433203,164.84346237182618,9.205457732820935,174.04892010464712,155.63800463900523,183.25437783746804,146.4325469061843,IONEXCHANG.BO,2023-08-21 12:14:43.768611
289,2022-06-03 00:00:00+05:30,175.7019088266378,192.83517097484847,175.44239140033667,185.62042236328125,73110,0.0,0.0,2022-06-03,169.69789729623457,165.6548222672459,70.00424794202574,21.080661076872524,166.70800040921281,164.10570831298827,176.29179864594187,4.043075028988682,1.3815697448778608,164.10570831298827,8.221437457159967,172.32714577014823,155.8842708558283,180.5485832273082,147.66283339866834,IONEXCHANG.BO,2023-08-21 12:14:43.768611
290,2022-06-02 00:00:00+05:30,175.2583673351428,175.81043584849957,172.30924031924556,174.21554565429688,6670,0.0,0.0,2022-06-02,166.80289273858972,164.05757425956307,61.98534547139217,18.61013768523003,164.71721915088983,162.93832550048828,171.62748678727218,2.7453184790266505,0.7161934238501555,162.93832550048828,6.478587188419276,169.41691268890756,156.459738312069,175.8954998773268,149.98115112364974,IONEXCHANG.BO,2023-08-21 12:14:43.768611
291,2022-06-01 00:00:00+05:30,176.4757532948812,178.3679177176312,174.21553841184908,176.51821899414062,30710,0.0,0.0,2022-06-01,165.4551376630066,163.24493654798434,65.25345805629038,17.630850121025958,163.71739530842595,161.99436950683594,170.33345735375983,2.2102011150222722,0.2089121600560317,161.99436950683594,6.11409877933525,168.1084682861712,155.8802707275007,174.22256706550644,149.76617194816544,IONEXCHANG.BO,2023-08-21 12:14:43.768611
292,2022-05-31 00:00:00+05:30,171.5495424278432,176.664506736822,171.5495424278432,175.2442169189453,53280,0.0,0.0,2022-05-31,163.44366833007314,162.18307395229183,64.28804581656769,16.06063394904625,162.3699401836139,161.05088500976564,167.2410765335694,1.2605943777813025,-0.29141007868552843,161.05088500976564,5.131957352985093,166.18284236275073,155.91892765678054,171.31479971573583,150.78697030379544,IONEXCHANG.BO,2023-08-21 12:14:43.768611
293,2022-05-30 00:00:00+05:30,167.98227826690493,175.53204358227143,165.24549410009837,171.29002380371094,58230,0.0,0.0,2022-05-30,161.29811404118726,161.13818251495954,61.17238152923276,14.580364881977689,161.01475315884218,160.21993865966797,163.23950634088146,0.159931526227723,-0.6794111928022362,160.21993865966797,3.9137150430077545,164.13365370267573,156.30622361666022,168.04736874568349,152.39250857365246,IONEXCHANG.BO,2023-08-21 12:14:43.768611
294,2022-05-27 00:00:00+05:30,161.35735703077313,165.33985943254166,158.52148619352045,160.73451232910156,17390,0.0,0.0,2022-05-27,159.48140317527384,160.32603521185942,50.438284707005344,13.125886003264624,159.93314572254022,159.71622772216796,159.21424760946672,-0.8446320365855797,-0.8892468725597259,159.71622772216796,2.941505288889407,162.65773301105736,156.77472243327855,165.59923829994676,153.83321714438915,IONEXCHANG.BO,2023-08-21 12:14:43.768611
295,2022-05-26 00:00:00+05:30,161.84809001904156,161.84809001904156,153.84534301104256,156.72369384765625,12330,0.0,0.0,2022-05-26,159.25356514730518,160.29335704248007,45.08512056299299,13.127031595360968,159.8487913429022,159.74430236816406,158.4541152496493,-1.0397918951748863,-0.9004005815532624,159.74430236816406,2.9543869584542466,162.6986893266183,156.7899154097098,165.65307628507256,153.83552845125556,IONEXCHANG.BO,2023-08-21 12:14:43.768611
296,2022-05-25 00:00:00+05:30,159.02165639169215,161.84809519540252,151.5190655317026,160.61654663085938,23760,0.0,0.0,2022-05-25,159.71354174724135,160.57893009806597,49.94439631910886,13.850050626786341,160.17774897398073,159.94342651367188,159.3193259506458,-0.8653883508246167,-0.8655527531478564,159.94342651367188,2.87317687463874,162.81660338831063,157.07024963903314,165.68978026294937,154.1970727643944,IONEXCHANG.BO,2023-08-21 12:14:43.768611
297,2022-05-24 00:00:00+05:30,156.94073803238072,159.0169204640711,156.30844696091336,158.21475219726562,2440,0.0,0.0,2022-05-24,159.54935904112898,160.57592077544248,46.65021143927811,14.628686506782898,160.13155974694087,160.04794311523438,158.670715610539,-1.0265617343135034,-0.8655938537286663,160.04794311523438,2.936278206296959,162.98422132153132,157.11166490893743,165.9204995278283,154.17538670264045,IONEXCHANG.BO,2023-08-21 12:14:43.768611
298,2022-05-23 00:00:00+05:30,162.9711251401626,163.65531398729343,155.71391086899018,155.96871948242188,13480,0.0,0.0,2022-05-23,159.7920148309223,160.76481426169664,43.40803509914114,14.298940659463982,160.33332896269613,160.32681274414062,158.89869731717567,-0.9727994307743302,-0.8253518835824569,160.32681274414062,3.0167598174058887,163.34357256154652,157.31005292673473,166.3603323789524,154.29329310932886,IONEXCHANG.BO,2023-08-21 12:14:43.768611
299,2022-05-20 00:00:00+05:30,159.88515581717186,166.09483961722927,158.85650373236896,160.7675323486328,26710,0.0,0.0,2022-05-20,160.48715943974057,161.1485018440386,49.34898966712852,13.943829746966687,160.79276153956712,160.84444351196288,160.36368623455257,-0.6613424042980398,-0.7884899967844885,160.84444351196288,3.116158584512436,163.96060209647533,157.72828492745043,167.07676068098775,154.612126342938,IONEXCHANG.BO,2023-08-21 12:14:43.768611
300,2022-05-19 00:00:00+05:30,156.65762581685289,160.21073344085423,156.65762581685289,158.98861694335938,6500,0.0,0.0,2022-05-19,160.4361825472147,161.17897940367106,46.8438393473579,12.735208113119027,160.795417243876,160.94896087646484,160.16176317751246,-0.7427968564563514,-0.8202768949061007,160.94896087646484,3.1483326771351563,164.0972935536,157.80062819932968,167.24562623073516,154.65229552219452,IONEXCHANG.BO,2023-08-21 12:14:43.768611
301,2022-05-18 00:00:00+05:30,168.83161801040387,168.83161801040387,158.5545007392289,160.63540649414062,4390,0.0,0.0,2022-05-18,160.69937629337022,161.35420840049602,48.92675332455322,12.441637121374086,160.98560674919352,161.28020706176758,160.74833629458897,-0.6548321071257988,-0.839646904518538,161.28020706176758,3.2771043836788305,164.5573114454464,158.00310267808877,167.83441582912525,154.72599829440992,IONEXCHANG.BO,2023-08-21 12:14:43.768611
302,2022-05-17 00:00:00+05:30,164.48578735427833,164.48578735427833,160.14938985795655,161.73484802246094,7800,0.0,0.0,2022-05-17,160.71100716595743,161.41171255300443,50.31163064281161,11.595998555579676,161.02246993393592,161.4472457885742,160.80480119481314,-0.7007053870470088,-0.8858506038667227,161.4472457885742,3.3272662939858946,164.7745120825601,158.1199794945883,168.101778376546,154.7927132006024,IONEXCHANG.BO,2023-08-21 12:14:43.768611
303,2022-05-16 00:00:00+05:30,157.53056505916598,164.95291841039972,156.95961812446345,163.25894165039062,5860,0.0,0.0,2022-05-16,160.5248542829568,161.3858617154479,52.207751942909574,11.531612701840553,160.94748276672277,161.5387870788574,160.3397777809892,-0.8610074324911068,-0.9321369080716511,161.5387870788574,3.360613548211896,164.8994006270693,158.17817353064552,168.2600141752812,154.8175599824336,IONEXCHANG.BO,2023-08-21 12:14:43.768611
304,2022-05-13 00:00:00+05:30,159.1679332106478,161.18749488814413,154.4870723057779,157.8184051513672,19340,0.0,0.0,2022-05-13,160.02774748887794,161.23601532065248,45.36484684904376,11.462274090121497,160.70417130528406,161.37056884765624,158.88019584628847,-1.208267831774549,-0.949919276966787,161.37056884765624,3.3541748727962473,164.7247437204525,158.01639397486,168.07891859324874,154.66221910206374,IONEXCHANG.BO,2023-08-21 12:14:43.768611
305,2022-05-12 00:00:00+05:30,159.0169263400646,161.16388501579962,151.5898495813318,156.5302276611328,32590,0.0,0.0,2022-05-12,160.42944609569807,161.50942413419529,43.58626422716856,12.197678951775769,161.0079361635911,161.53595581054688,159.4110911937491,-1.0799780384972166,-0.8853321382648465,161.53595581054688,3.2497296397640842,164.78568545031098,158.28622617078278,168.03541509007505,155.0364965310187,IONEXCHANG.BO,2023-08-21 12:14:43.768611
306,2022-05-11 00:00:00+05:30,163.16929674985965,163.16929674985965,150.0515853040479,159.65394592285156,29160,0.0,0.0,2022-05-11,161.13839490198265,161.9077598520403,47.02424899750261,12.994940858116584,161.47927390069196,161.81529693603517,160.8515229600572,-0.7693649500576498,-0.8366706632067539,161.81529693603517,3.0294505230597846,164.84474745909495,158.7858464129754,167.87419798215473,155.7563958899156,IONEXCHANG.BO,2023-08-21 12:14:43.768611
307,2022-05-10 00:00:00+05:30,167.3216779834881,167.3216779834881,158.0967997769894,159.4416046142578,23580,0.0,0.0,2022-05-10,161.4082947163701,162.08806496637538,46.76179224837632,13.853530603406691,161.67141368783305,162.16777648925782,161.45031147866,-0.6797702500052765,-0.8534970914940297,162.16777648925782,3.1715217570179055,165.33929824627572,158.99625473223992,168.51082000329362,155.82473297522202,IONEXCHANG.BO,2023-08-21 12:14:43.768611
308,2022-05-09 00:00:00+05:30,161.37623302950502,169.86971897842633,158.51676057870426,168.1379852294922,29730,0.0,0.0,2022-05-09,161.76587473493598,162.2997817945448,57.77255710749937,12.747395777419603,161.90613043241993,162.41927795410157,162.45466491086108,-0.533907059608822,-0.8969288018662179,162.41927795410157,3.143273026316732,165.5625509804183,159.27600492778484,168.70582400673504,156.1327319014681,IONEXCHANG.BO,2023-08-21 12:14:43.768611
309,2022-05-06 00:00:00+05:30,152.97712616601567,165.15111703300627,149.69296787070581,162.27276611328125,32060,0.0,0.0,2022-05-06,160.6073091904712,161.832725519749,50.46499102630421,11.430642885749851,161.25014571693862,162.3369384765625,159.6130047515455,-1.225416329277806,-0.9876842374305669,162.3369384765625,3.0040713277728437,165.34100980433533,159.33286714878966,168.3450811321082,156.3287958210168,IONEXCHANG.BO,2023-08-21 12:14:43.768611
310,2022-05-05 00:00:00+05:30,159.48879090880268,160.4325115650678,154.2983272993446,155.33642578125,22840,0.0,0.0,2022-05-05,160.30449884086934,161.79752227226643,38.84695427956601,10.838583457800421,161.142501464692,162.6703079223633,158.28312407067762,-1.4930234313970914,-0.928251214468757,162.6703079223633,3.346955358836287,166.01726328119958,159.323352563527,169.36421864003586,155.97639720469073,IONEXCHANG.BO,2023-08-21 12:14:43.768611
311,2022-05-04 00:00:00+05:30,160.15882930383046,165.15110494000203,156.05836214631745,157.64852905273438,30990,0.0,0.0,2022-05-04,161.20778485170925,162.31440999154773,41.883134165573516,11.231962191068055,161.75366732610695,163.2780632019043,159.75647321539142,-1.106625139838485,-0.7870581602366734,163.2780632019043,3.034114212217979,166.3121774141223,160.24394898968632,169.34629162634025,157.20983477746836,IONEXCHANG.BO,2023-08-21 12:14:43.768611
312,2022-05-02 00:00:00+05:30,160.43250860437348,161.20164322904108,158.1439831751572,158.6252899169922,10100,0.0,0.0,2022-05-02,161.8549222697047,162.6876804666528,43.21365265363957,11.160354309723438,162.1857871443567,163.4911087036133,160.81044529671993,-0.8327581969481059,-0.7071664153362205,163.4911087036133,2.754755137827686,166.24586384144098,160.7363535657856,169.00061897926867,157.98159842795792,IONEXCHANG.BO,2023-08-21 12:14:43.768611
313,2022-04-29 00:00:00+05:30,162.19726822222492,165.24077316695698,159.01693414729024,161.21580505371094,61230,0.0,0.0,2022-04-29,162.44212815201607,163.01267171062568,46.867428231906445,11.97250732947079,162.56057632618456,163.31510391235352,161.9030229865838,-0.5705435586096144,-0.6757684699332491,163.31510391235352,3.164046869037768,166.4791507813913,160.15105704331575,169.64319765042904,156.987010174278,IONEXCHANG.BO,2023-08-21 12:14:43.768611
314,2022-04-28 00:00:00+05:30,162.9333611191771,165.15111036118375,160.177698605726,161.29600524902344,17620,0.0,0.0,2022-04-28,162.66509598807156,163.15642104317885,46.98136188781716,12.704732882797083,162.70213119697127,162.66936264038085,162.24663195302023,-0.4913250551072963,-0.7020746977641577,162.66936264038085,4.604859539169239,167.2742221795501,158.0645031012116,171.87908171871933,153.45964356204237,IONEXCHANG.BO,2023-08-21 12:14:43.768611
315,2022-04-27 00:00:00+05:30,161.48003457203635,162.79180564733818,158.37990890413545,160.7061767578125,37020,0.0,0.0,2022-04-27,162.91402157698937,163.3052543067113,46.0837724172011,13.182305611762537,162.85014445465,162.04981079101563,162.7219453050186,-0.3912327297219349,-0.754762108428373,162.04981079101563,5.5383136723811415,167.58812446339678,156.51149711863448,173.1264381357779,150.97318344625336,IONEXCHANG.BO,2023-08-21 12:14:43.768611
316,2022-04-26 00:00:00+05:30,164.01864977299672,165.39176502936272,161.75843481285878,162.70687866210938,8070,0.0,0.0,2022-04-26,163.31544790774882,163.5131805106232,48.677792646382755,14.117284819321577,163.07582526484342,161.70157852172852,163.72982957862163,-0.19773260287436756,-0.8456444531049825,161.70157852172852,5.838088586626287,167.53966710835482,155.86348993510222,173.3777556949811,150.02540134847595,IONEXCHANG.BO,2023-08-21 12:14:43.768611
317,2022-04-25 00:00:00+05:30,166.0948253397885,166.0948253397885,161.37622234718089,163.79214477539062,27130,0.0,0.0,2022-04-25,163.42609686150146,163.5776846585043,50.10510535901754,14.37007762673519,163.11466174934176,161.33258361816405,164.24130503687775,-0.15158779700283276,-1.007622415662636,161.33258361816405,6.002122493848084,167.33470611201213,155.33046112431597,173.3368286058602,149.3283386304679,IONEXCHANG.BO,2023-08-21 12:14:43.768611
318,2022-04-22 00:00:00+05:30,163.7968791852179,169.39785901637785,163.26839791791883,166.3213348388672,19590,0.0,0.0,2022-04-22,163.3595426953398,163.56052784915337,53.485219615657726,14.642316034719082,163.04334774659978,160.69415664672852,164.4658851676213,-0.2009851538135763,-1.221631070327587,160.69415664672852,6.393079424991157,167.08723607171967,154.30107722173736,173.48031549671083,147.9079977967462,IONEXCHANG.BO,2023-08-21 12:14:43.768611
319,2022-04-21 00:00:00+05:30,165.73150729267311,166.09483455925914,162.3671408681917,162.85787963867188,15000,0.0,0.0,2022-04-21,162.82103503288027,163.33966328997627,49.12701609863417,14.411913554702133,162.69829647372953,160.134765625,163.53816033199834,-0.5186282570959975,-1.4767925494560896,160.134765625,6.364188738100282,166.49895436310027,153.77057688689973,172.86314310120056,147.40638814879944,IONEXCHANG.BO,2023-08-21 12:14:43.768611
320,2022-04-20 00:00:00+05:30,163.50903324971898,169.75647369181323,162.3765713593202,165.61354064941406,17190,0.0,0.0,2022-04-20,162.81433601364543,163.3782059820806,52.79073858570062,14.864207257718979,162.68149824584086,159.76506271362305,163.87830067866156,-0.5638699684351707,-1.7163336225461125,159.76506271362305,6.412257311107086,166.17732002473014,153.35280540251597,172.58957733583722,146.94054809140889,IONEXCHANG.BO,2023-08-21 12:14:43.768611
321,2022-04-19 00:00:00+05:30,166.77903242528566,168.77499232171016,160.5268833141954,163.97618103027344,30180,0.0,0.0,2022-04-19,162.30538971623295,163.19937920869393,50.76479174601938,15.348845117416376,162.3728622033595,159.22407455444335,163.0106806932853,-0.8939894924609746,-2.0044495360738477,159.22407455444335,6.348971950494758,165.5730465049381,152.8751026039486,171.92201845543286,146.52613065345383,IONEXCHANG.BO,2023-08-21 12:14:43.768611
322,2022-04-18 00:00:00+05:30,159.86627612083518,166.18449293363273,159.46991516649013,163.565673828125,43110,0.0,0.0,2022-04-18,162.00160947731652,163.1372350629676,50.269364169487964,16.075858980112418,162.20409180052644,158.87961654663087,162.52793052479123,-1.13562558565107,-2.282064546977066,158.87961654663087,6.263893642925062,165.14351018955594,152.6157229037058,171.407403832481,146.35182926078073,IONEXCHANG.BO,2023-08-21 12:14:43.768611
323,2022-04-13 00:00:00+05:30,158.63944127935633,164.18379989729885,157.6013428419408,159.8945770263672,29010,0.0,0.0,2022-04-13,161.71723414080589,163.10295996175498,45.73037961048825,17.208996506900434,162.06076737656872,158.75575256347656,162.00905887312433,-1.3857258209490908,-2.5686742873085646,158.75575256347656,6.190415460181137,164.9461680236577,152.56533710329543,171.13658348383885,146.37492164311428,IONEXCHANG.BO,2023-08-21 12:14:43.768611
324,2022-04-12 00:00:00+05:30,162.9805520149467,162.9805520149467,157.41260598642407,161.1261444091797,30710,0.0,0.0,2022-04-12,162.0486263434311,163.35963059658602,47.06730885964276,17.97385706332277,162.28878741343203,158.80978088378907,163.06629979650288,-1.3110042531549198,-2.864411403898433,158.80978088378907,6.205574833665264,165.01535571745433,152.60420605012382,171.2209305511196,146.39863121645854,IONEXCHANG.BO,2023-08-21 12:14:43.768611
325,2022-04-11 00:00:00+05:30,167.03382653732785,168.2653894345077,160.6070914188086,162.11705017089844,33290,0.0,0.0,2022-04-11,162.2163503314768,163.5383094915785,48.118696512089315,18.519270023893483,162.41117088756386,158.97398834228517,164.03637749016445,-1.3219591601016987,-3.252763191584311,158.97398834228517,6.312622867957981,165.28661121024314,152.6613654743272,171.59923407820114,146.3487426063692,IONEXCHANG.BO,2023-08-21 12:14:43.768611
326,2022-04-08 00:00:00+05:30,163.73553153354865,170.05845696060103,162.2255727449835,166.7035369873047,38850,0.0,0.0,2022-04-08,162.2344049061274,163.6520102372329,53.238615186280434,19.728284299585443,162.4421309630023,159.39630355834962,164.99604114979746,-1.4176053311055057,-3.735464199454964,159.39630355834962,6.797842185699654,166.19414574404928,152.59846137264995,172.99198792974892,145.8006191869503,IONEXCHANG.BO,2023-08-21 12:14:43.768611
327,2022-04-07 00:00:00+05:30,169.86499397581437,169.86499397581437,163.40051615621553,164.4716339111328,29880,0.0,0.0,2022-04-07,161.42183543682242,163.40788809722716,50.880810112103894,21.12819382273526,161.9935619078126,159.66290435791015,164.14229323104382,-1.986052660404738,-4.314928916542328,159.66290435791015,7.192598370420293,166.85550272833044,152.47030598748987,174.04810109875075,145.27770761706955,IONEXCHANG.BO,2023-08-21 12:14:43.768611
328,2022-04-06 00:00:00+05:30,168.45413636264956,169.91218304181797,165.42950994533288,166.49119567871094,40290,0.0,0.0,2022-04-06,160.86732662331144,163.3227884321147,53.13430924876576,22.393905511374687,161.73271222325255,159.77449951171874,163.97762289099933,-2.45546180880325,-4.897147980576725,159.77449951171874,7.287817929814061,167.0623174415328,152.4866815819047,174.35013537134688,145.1988636520906,IONEXCHANG.BO,2023-08-21 12:14:43.768611
329,2022-04-05 00:00:00+05:30,169.30348230294462,172.32339996456355,167.02912643408501,168.94015502929688,41730,0.0,0.0,2022-04-05,159.84480497687514,163.06931585238698,55.923834870960626,23.336200904443608,161.23181922794114,159.7249542236328,162.72083649714352,-3.2245108755118395,-5.507569523520094,159.7249542236328,7.242982400547844,166.96793662418065,152.48197182308496,174.2109190247285,145.23898942253712,IONEXCHANG.BO,2023-08-21 12:14:43.768611
330,2022-04-04 00:00:00+05:30,162.79180672303227,167.9822701257956,162.31994641369013,167.4915313720703,50870,0.0,0.0,2022-04-04,158.1911049673439,162.59964871823416,54.614379107902664,24.013951252023794,160.42041545937738,159.5272445678711,159.61117723106685,-4.40854375089026,-6.078334185522157,159.5272445678711,7.029005997364331,166.55625056523542,152.49823857050677,173.58525656259977,145.46923257314242,IONEXCHANG.BO,2023-08-21 12:14:43.768611
331,2022-04-01 00:00:00+05:30,154.77962193553304,163.60813917328147,154.77962193553304,161.90943908691406,56440,0.0,0.0,2022-04-01,156.50011834830272,162.20829810592727,49.22389282500239,25.476357407463485,159.6760874685676,159.77851028442382,155.6710001605651,-5.708179757624549,-6.495781794180131,159.77851028442382,7.408276896950226,167.18678718137403,152.3702333874736,174.59506407832427,144.96195649052336,IONEXCHANG.BO,2023-08-21 12:14:43.768611
332,2022-03-31 00:00:00+05:30,150.89148509839484,159.96064057670992,148.50859636014158,155.10519409179688,109620,0.0,0.0,2022-03-31,155.51660548673703,162.23220682744835,41.33997816037729,26.970529909116138,159.44099782453114,160.23857345581055,152.5517806973906,-6.715601340711316,-6.692682303319026,160.23857345581055,7.821742051904166,168.0603155077147,152.4168314039064,175.8820575596189,144.59508935200222,IONEXCHANG.BO,2023-08-21 12:14:43.768611
333,2022-03-30 00:00:00+05:30,149.01347888434054,152.3731363593043,148.1641360934996,148.3009796142578,59630,0.0,0.0,2022-03-30,155.59140755854435,162.80236784630046,31.457715182322715,27.7717655827265,159.89739821745053,160.8902130126953,151.27507400018743,-7.210960287756109,-6.686952543970953,160.8902130126953,7.913911024057746,168.80412403675305,152.97630198863757,176.7180350608108,145.06239096457983,IONEXCHANG.BO,2023-08-21 12:14:43.768611
334,2022-03-29 00:00:00+05:30,155.62897798533433,156.46888879937055,147.40916467490626,148.90496826171875,56820,0.0,0.0,2022-03-29,156.91693991205096,163.96247890486384,31.89800162882905,26.51394234281881,161.11807385989187,162.10879211425782,152.7621211931522,-7.0455389928128795,-6.555950608024664,162.10879211425782,7.748025240587557,169.8568173548454,154.36076687367026,177.60484259543293,146.61274163308272,IONEXCHANG.BO,2023-08-21 12:14:43.768611
335,2022-03-28 00:00:00+05:30,154.77018340331588,158.07320561009396,152.45807073857804,153.7415313720703,62080,0.0,0.0,2022-03-28,158.3736620302932,165.16707975631545,35.63376423587451,25.159363469072073,162.40366392285745,163.28018493652343,154.69069765886894,-6.7934177260222555,-6.4335535118276095,163.28018493652343,7.410350736407603,170.69053567293102,155.86983420011583,178.10088640933864,148.4594834637082,IONEXCHANG.BO,2023-08-21 12:14:43.768611
336,2022-03-25 00:00:00+05:30,152.39200875055235,158.05905594439005,152.39200875055235,155.3269805908203,71520,0.0,0.0,2022-03-25,159.21586760451552,166.08112362705504,36.95397741307412,24.375501334622836,163.3154673492561,163.72939529418946,155.16528080226826,-6.865256022539512,-6.343587458278947,163.72939529418946,7.06599850576664,170.7953937999561,156.66339678842283,177.86139230572275,149.59739828265617,IONEXCHANG.BO,2023-08-21 12:14:43.768611
337,2022-03-24 00:00:00+05:30,156.42168829067427,157.60133903193122,150.80655364229776,151.0236053466797,63830,0.0,0.0,2022-03-24,159.92293797064193,166.9414550699538,30.48644673601116,23.52708594945138,164.15636069224934,164.72620010375977,155.0844309079922,-7.018517099311879,-6.213170317213805,164.72620010375977,7.222738954305768,171.94893905806555,157.50346114945398,179.1716780123713,150.28072219514823,IONEXCHANG.BO,2023-08-21 12:14:43.768611
338,2022-03-23 00:00:00+05:30,156.6198859532296,157.79009034726633,154.3879814242262,155.13351440429688,63160,0.0,0.0,2022-03-23,161.54099844772597,168.21488304781573,33.54020921218529,22.48392038392394,165.53875599178298,165.97710189819335,157.11484368864848,-6.673884600089764,-6.011833621689286,165.97710189819335,6.883138057977115,172.86023995617046,159.09396384021625,179.7433780141476,152.2108257822391,IONEXCHANG.BO,2023-08-21 12:14:43.768611
339,2022-03-22 00:00:00+05:30,155.43078773246862,157.4173156630532,153.66131151875646,155.4638214111328,57790,0.0,0.0,2022-03-22,162.70599554653126,169.26139253929725,33.79257891498709,21.84103387934024,166.6340445799394,167.36484298706054,158.10550833082428,-6.555396992765992,-5.846320877089166,167.36484298706054,7.36300907322518,174.72785206028573,160.00183391383536,182.0908611335109,152.63882484061017,IONEXCHANG.BO,2023-08-21 12:14:43.768611
340,2022-03-21 00:00:00+05:30,161.22995936091996,161.22995936091996,153.60469460310486,154.7937774658203,67740,0.0,0.0,2022-03-21,164.02275448024008,170.3651982295504,32.839872386725844,21.051168477520118,167.8098575450769,168.4055305480957,159.42635179067,-6.34244374931032,-5.669051848169959,168.4055305480957,7.056933778810518,175.46246432690623,161.34859676928517,182.51939810571673,154.29166299047466,IONEXCHANG.BO,2023-08-21 12:14:43.768611
341,2022-03-17 00:00:00+05:30,165.05673419155752,165.05673419155752,156.65762625477885,157.08702087402344,57340,0.0,0.0,2022-03-17,165.70075030104368,171.6109118906488,34.411433334992466,20.20054419863691,169.1799712376302,169.40587463378907,161.74263895309483,-5.91016158960511,-5.500703872884869,169.40587463378907,6.414662707045133,175.8205373408342,162.99121192674394,182.23520004787935,156.5765492196988,IONEXCHANG.BO,2023-08-21 12:14:43.768611
342,2022-03-16 00:00:00+05:30,165.60880948719813,165.60880948719813,160.90436173666725,161.08839416503906,25760,0.0,0.0,2022-03-16,167.2668829241383,172.7728231719788,37.307190488881695,19.668079454938308,170.45291338116778,170.47345886230468,164.0704479926305,-5.5059402478405275,-5.398339443704808,170.47345886230468,6.021248375789126,176.4947072380938,164.45221048651555,182.51595561388294,158.43096211072643,IONEXCHANG.BO,2023-08-21 12:14:43.768611
343,2022-03-15 00:00:00+05:30,165.15111009649243,166.09483072561525,160.52688477380426,160.9751434326172,51130,0.0,0.0,2022-03-15,168.39024451670178,173.70757749253397,37.17218253383701,19.68227733974449,171.43865224602342,171.19800033569337,165.5614749064262,-5.317332975832187,-5.371439242670878,171.19800033569337,5.695535627704668,176.89353596339802,165.5024647079887,182.5890715911027,159.80692908028402,IONEXCHANG.BO,2023-08-21 12:14:43.768611
344,2022-03-14 00:00:00+05:30,170.10565129626357,172.51214189225092,162.79181608102894,164.41029357910156,75910,0.0,0.0,2022-03-14,169.7384447138081,174.7261722173273,39.65180560663888,19.697567369535765,172.540074226382,171.6071029663086,167.8546406433307,-4.98772750351921,-5.3849658093805495,171.6071029663086,5.194400706466952,176.80150367277554,166.41270225984164,181.9959043792425,161.2183015533747,IONEXCHANG.BO,2023-08-21 12:14:43.768611
345,2022-03-11 00:00:00+05:30,174.30520346253647,174.30520346253647,167.03855724217746,170.5633544921875,56430,0.0,0.0,2022-03-11,170.7071994655729,175.55144250838535,44.589602196008414,20.027705654800908,173.39584061030627,172.28799743652343,169.57681417544524,-4.844243042812451,-5.4842753858458835,172.28799743652343,5.0929157863294865,177.3809132228529,167.19508165019394,182.4738290091824,162.10216586386446,IONEXCHANG.BO,2023-08-21 12:14:43.768611
346,2022-03-10 00:00:00+05:30,174.5883190471826,174.5883190471826,169.4025787191705,172.03555297851562,60910,0.0,0.0,2022-03-10,170.7333530970975,175.95048954968118,45.857061382123504,21.012508927681555,173.69399704379245,172.86366653442383,169.08354401707408,-5.217136452583674,-5.644283471604241,172.86366653442383,5.520465049598924,178.38413158402275,167.3432014848249,183.90459663362168,161.82273643522598,IONEXCHANG.BO,2023-08-21 12:14:43.768611
347,2022-03-09 00:00:00+05:30,168.15213723004524,168.15213723004524,165.15583570904082,166.7035369873047,49680,0.0,0.0,2022-03-09,170.4965894822942,176.26368447537442,40.12703907800228,22.448563647985317,173.86857010329527,173.4171585083008,167.6075395363533,-5.767094993080207,-5.751070226359382,173.4171585083008,5.969727417749723,179.3868859260505,167.44743109055108,185.35661334380023,161.47770367280134,IONEXCHANG.BO,2023-08-21 12:14:43.768611
348,2022-03-08 00:00:00+05:30,169.86972124365965,170.81344191723554,164.15549947717432,165.5002899169922,33470,0.0,0.0,2022-03-08,171.18623539047414,177.02849627442,38.7723761432497,22.787211472952105,174.6227841155048,174.1645851135254,168.0595408108776,-5.842260883945869,-5.747064034679175,174.1645851135254,6.020506060166208,180.1850911736916,168.14407905335918,186.20559723385782,162.12357299319297,IONEXCHANG.BO,2023-08-21 12:14:43.768611
349,2022-03-07 00:00:00+05:30,166.8309375369467,169.72344367103273,163.40995013595426,164.9859619140625,50250,0.0,0.0,2022-03-07,172.22004365837995,177.95075278301422,38.22074673198475,23.151909130608647,175.58304666271664,175.25764999389648,169.3391662578203,-5.730709124634274,-5.723264822362501,175.25764999389648,6.340672452781491,181.59832244667797,168.916977541115,187.93899489945946,162.5763050883335,IONEXCHANG.BO,2023-08-21 12:14:43.768611
350,2022-03-04 00:00:00+05:30,168.15686092855915,174.58831943218823,166.363797461972,172.516845703125,37240,0.0,0.0,2022-03-04,173.53533124825586,178.98793605253036,43.60713533214124,23.336556537487684,176.69852926783813,176.3653419494629,171.51576842969916,-5.4526048042745,-5.721403746794557,176.3653419494629,6.38673264490776,182.75207459437067,169.97860930455514,189.13880723927844,163.59187665964737,IONEXCHANG.BO,2023-08-21 12:14:43.768611
351,2022-03-03 00:00:00+05:30,174.39956937437748,174.39956937437748,166.47703092288626,171.11070251464844,33830,0.0,0.0,2022-03-03,173.72051043827963,179.50562328048278,42.19056984663497,23.908480793608085,177.13870648517636,177.08139038085938,171.01522979298625,-5.785112842203148,-5.788603482424572,177.08139038085938,6.726318970542413,183.8077093514018,170.35507141031695,190.5340283219442,163.62875243977456,IONEXCHANG.BO,2023-08-21 12:14:43.768611
352,2022-03-02 00:00:00+05:30,171.40326505253714,173.5974127093349,164.86328778388426,168.1379852294922,48440,0.0,0.0,2022-03-02,174.19502096984894,180.17721694174952,39.20351191379588,24.491906473918004,177.77323321891612,178.08220596313475,170.96749343215515,-5.98219597190058,-5.789476142479926,178.08220596313475,7.259192967089606,185.34139893022436,170.82301299604515,192.60059189731396,163.56382002895555,IONEXCHANG.BO,2023-08-21 12:14:43.768611
353,2022-02-28 00:00:00+05:30,174.57888131503643,175.81515301358056,169.77533245270754,172.6725616455078,94880,0.0,0.0,2022-02-28,175.29630019536833,181.1403554787301,42.29902299413947,24.9896404827084,178.78746984938178,178.8999397277832,172.38224753348663,-5.844055283361769,-5.741296185124762,178.8999397277832,6.996444208145931,185.89638393592912,171.90349551963726,192.89282814407505,164.90705131149133,IONEXCHANG.BO,2023-08-21 12:14:43.768611
354,2022-02-25 00:00:00+05:30,163.49959904003575,181.1943608409054,163.49959904003575,172.33282470703125,50490,0.0,0.0,2022-02-25,175.77334356807023,181.8177789853879,41.979734600403255,26.096237415706014,179.431144397158,179.24911651611328,172.23709047747604,-6.044435417317658,-5.71560641056551,179.24911651611328,6.841850502490139,186.0909670186034,172.40726601362314,192.93281752109357,165.56541551113298,IONEXCHANG.BO,2023-08-21 12:14:43.768611
355,2022-02-24 00:00:00+05:30,166.14201693936693,171.92701450993343,159.5831615534688,162.72573852539062,116890,0.0,0.0,2022-02-24,176.39889245189553,182.57657532765643,32.12169013920028,27.287957189703448,180.17833594348713,179.61362915039064,172.18922336269844,-6.177682875760894,-5.633399158877472,179.61362915039064,6.6453577496976335,186.25898690008827,172.968271400693,192.9043446497859,166.32291365099536,IONEXCHANG.BO,2023-08-21 12:14:43.768611
356,2022-02-23 00:00:00+05:30,180.7980035697564,181.4774835886871,174.49394214968456,175.26307678222656,23040,0.0,0.0,2022-02-23,178.8849204385328,184.1646422718377,40.44908670727772,27.102913108523552,182.0154514611815,180.36365127563477,176.92096578135232,-5.2797218333049045,-5.497328229656616,180.36365127563477,5.361489186709807,185.72514046234457,175.00216208892496,191.08662964905437,169.64067290221516,IONEXCHANG.BO,2023-08-21 12:14:43.768611
357,2022-02-22 00:00:00+05:30,176.00389874589828,179.2125431506892,173.83333840146483,176.04164123535156,72260,0.0,0.0,2022-02-22,179.54343746695213,184.87676751100656,41.063957757974144,28.782758548581196,182.72622774317676,181.0329849243164,177.74991028091517,-5.333330044054435,-5.551729828744543,181.0329849243164,5.524344099581046,186.55732902389744,175.50864082473535,192.08167312347848,169.9842967251543,IONEXCHANG.BO,2023-08-21 12:14:43.768611
358,2022-02-21 00:00:00+05:30,176.09827379551345,188.17788623504902,170.8134325531912,182.88833618164062,233400,0.0,0.0,2022-02-21,180.1801276908795,185.58357761305896,46.87460074969099,30.174531858514857,183.429868428211,181.7303955078125,178.60404480369698,-5.403449922179476,-5.60632977491707,181.7303955078125,5.737382121932852,187.46777762974534,175.99301338587964,193.2051597516782,170.25563126394678,IONEXCHANG.BO,2023-08-21 12:14:43.768611
359,2022-02-18 00:00:00+05:30,173.19161649616728,178.35376956719216,172.79525555397225,176.27757263183594,47160,0.0,0.0,2022-02-18,179.68772614710474,185.7991969275724,39.16070498476594,31.67336465382803,183.48687182258683,182.92302322387695,176.46189911472513,-6.11147078046767,-5.657049738101468,182.92302322387695,8.016989638992648,190.9400128628696,174.9060335848843,198.95700250186223,166.88904394589167,IONEXCHANG.BO,2023-08-21 12:14:43.768611
360,2022-02-17 00:00:00+05:30,179.31164263206347,179.31164263206347,169.9640909584656,174.8006591796875,88990,0.0,0.0,2022-02-17,180.3077540589718,186.56092687123132,37.26686121631282,31.254596430074468,184.24574542161326,184.44500885009765,176.5540623561697,-6.253172812259521,-5.543444477509916,184.44500885009765,9.450275453989534,193.89528430408717,174.99473339610813,203.34555975807672,165.54445794211858,IONEXCHANG.BO,2023-08-21 12:14:43.768611
361,2022-02-16 00:00:00+05:30,176.00390439547218,183.5347912861213,174.39958214157934,178.43870544433594,89660,0.0,0.0,2022-02-16,181.30904403702348,187.50174828655483,40.11896045317503,30.803615266032168,185.2399650260265,186.2437400817871,177.43076394441078,-6.192704249531346,-5.366012393822515,186.2437400817871,10.839517456666458,197.08325753845358,175.40422262512064,207.92277499512002,164.5647051684542,IONEXCHANG.BO,2023-08-21 12:14:43.768611
362,2022-02-15 00:00:00+05:30,169.39785071286553,177.32509813384402,166.09482855411883,175.5792236328125,160540,0.0,0.0,2022-02-15,181.8309237811485,188.22679171393233,36.577649040483024,30.813603797655066,185.95588708725708,187.69777755737306,176.92679319444818,-6.39586793278383,-5.159339429895306,187.69777755737306,11.657075134836653,199.3548526922097,176.0407024225364,211.01192782704635,164.38362728769977,IONEXCHANG.BO,2023-08-21 12:14:43.768611
363,2022-02-14 00:00:00+05:30,173.64459215118754,175.35744736146688,168.54850661980748,169.15719604492188,144760,0.0,0.0,2022-02-14,182.9675965353914,189.2385971604219,27.66029913847686,29.279560313116384,187.04816745088283,189.58993759155274,177.600577975266,-6.271000625030496,-4.850207304173175,189.58993759155274,12.618185128992305,202.20812272054505,176.97175246256043,214.82630784953736,164.35356733356812,IONEXCHANG.BO,2023-08-21 12:14:43.768611
364,2022-02-11 00:00:00+05:30,182.1380823113152,183.0723709227275,177.51385696601565,178.02818298339844,70640,0.0,0.0,2022-02-11,185.4785784427495,190.8451092496619,33.747865172206474,27.85387640810227,188.9314275988787,191.6618766784668,181.82226894043805,-5.366530806912408,-4.495008973958844,191.6618766784668,12.487997371929618,204.14987405039642,179.17387930653717,216.63787142232604,166.68588193460755,IONEXCHANG.BO,2023-08-21 12:14:43.768611
365,2022-02-10 00:00:00+05:30,182.98742339716125,186.5924430960801,181.6898075380013,182.0767364501953,48330,0.0,0.0,2022-02-10,186.83319579899515,191.87046335096295,37.22099935193194,27.339423466061543,190.07913755840298,193.1130828857422,183.71931191895783,-5.037267551967801,-4.277128515720452,193.1130828857422,12.506670315903378,205.61975320164555,180.60641256983882,218.12642351754894,168.09974225393543,IONEXCHANG.BO,2023-08-21 12:14:43.768611
366,2022-02-09 00:00:00+05:30,181.57184640734388,187.5172893531218,181.57184640734388,183.1053924560547,41040,0.0,0.0,2022-02-09,187.69800658968603,192.65396150302436,38.148141138922895,27.407696331741914,190.92149556979325,194.3352020263672,184.54059965333906,-4.955954913338331,-4.087093756658614,194.3352020263672,12.565551509961496,206.9007535363287,181.7696505164057,219.4663050462902,169.2040990064442,IONEXCHANG.BO,2023-08-21 12:14:43.768611
367,2022-02-08 00:00:00+05:30,191.09870757270969,191.10815399519007,180.70362523471002,181.65206909179688,85240,0.0,0.0,2022-02-08,188.53302734125535,193.41784702678194,36.06636702557475,27.481220956320776,191.74424326597625,195.4601173400879,185.25820325198123,-4.884819685526594,-3.869878467488684,195.4601173400879,12.514266208410673,207.97438354849857,182.94585113167722,220.48864975690924,170.43158492326654,IONEXCHANG.BO,2023-08-21 12:14:43.768611
368,2022-02-07 00:00:00+05:30,188.5553936013783,193.4627382276333,186.38955638190728,187.36158752441406,112710,0.0,0.0,2022-02-07,189.78411065933872,194.35910926158073,41.12814899452189,27.560401321251856,192.80657738957407,196.6895492553711,187.06127033207338,-4.574998602242005,-3.6161431629792067,196.6895492553711,12.292186617257224,208.98173587262832,184.3973626381139,221.27392248988556,172.10517602085665,IONEXCHANG.BO,2023-08-21 12:14:43.768611
369,2022-02-04 00:00:00+05:30,187.04542320378084,194.40644688829587,185.9176845557231,187.13980102539062,180600,0.0,0.0,2022-02-04,190.2245694111432,194.91891100055406,40.83105302097051,28.526615850431835,193.37973421748566,197.6431785583496,186.91111173590303,-4.694341589410868,-3.376429303163507,197.6431785583496,12.270241796480173,209.91342035482978,185.37293676186943,222.18366215130996,173.10269496538925,IONEXCHANG.BO,2023-08-21 12:14:43.768611
370,2022-02-03 00:00:00+05:30,189.3103722800195,192.99087713529985,185.48357747276606,186.8378143310547,86390,0.0,0.0,2022-02-03,190.78543639037093,195.54123979856715,40.45053006145259,29.567154574164118,194.03656929033775,198.45878982543945,186.79676709115924,-4.755803408196215,-3.0469512316016667,198.45878982543945,12.075933394509544,210.534723219949,186.3828564309299,222.61065661445855,174.30692303642036,IONEXCHANG.BO,2023-08-21 12:14:43.768611
371,2022-02-02 00:00:00+05:30,183.5536618909914,191.50921986196252,182.23245877364053,191.12701416015625,108060,0.0,0.0,2022-02-02,191.50318585570113,196.23751383596814,44.22737869386477,30.381821817718865,194.7943329702623,199.1455825805664,186.7762434712115,-4.734327980267011,-2.6197381874530294,199.1455825805664,11.766873971517585,210.912456552084,187.37870860904883,222.67933052360158,175.61183463753125,IONEXCHANG.BO,2023-08-21 12:14:43.768611
372,2022-02-01 00:00:00+05:30,179.87315839239773,186.38482499945363,178.3631996197303,184.49266052246094,115560,0.0,0.0,2022-02-01,191.57158070943655,196.6463538100331,35.59807475232199,30.940851685929907,195.18036652922083,199.51481399536132,184.60085812673913,-5.074773100596559,-2.091090739249534,199.51481399536132,11.616922642569012,211.13173663793035,187.8978913527923,222.74865928049934,176.2809687102233,IONEXCHANG.BO,2023-08-21 12:14:43.768611
373,2022-01-31 00:00:00+05:30,180.34502386184187,183.81790897815983,175.53204273647316,179.65609741210938,157400,0.0,0.0,2022-01-31,192.85865710706847,197.61864927303887,28.052010054579483,30.352085523409627,196.3053882141429,200.1942932128906,184.65495692887822,-4.759992165970402,-1.3451701489127774,200.1942932128906,11.076904044882069,211.27119725777268,189.11738916800854,222.34810130265475,178.04048512312647,IONEXCHANG.BO,2023-08-21 12:14:43.768611
374,2022-01-28 00:00:00+05:30,180.2506452927918,188.64975337102854,177.38644964587454,179.62307739257812,142740,0.0,0.0,2022-01-28,195.25912250615195,199.0556534219132,28.003456108378387,29.055761091966676,198.05794514067276,201.11961135864257,187.15438668726262,-3.7965309157612523,-0.4914646446483712,201.11961135864257,9.990639950732222,211.1102513093748,191.12897140791034,221.100891260107,181.13833145717814,IONEXCHANG.BO,2023-08-21 12:14:43.768611
375,2022-01-27 00:00:00+05:30,186.7623029926452,188.74412203401585,174.5788808593751,177.72618103027344,462300,0.0,0.0,2022-01-27,198.102039799529,200.61025950426,25.02800657373946,27.83631504053881,199.99845753520904,202.01826934814454,190.92004133460483,-2.5082197047310046,0.33480192312984913,202.01826934814454,8.677273144516423,210.69554249266096,193.34099620362812,219.37281563717738,184.6637230591117,IONEXCHANG.BO,2023-08-21 12:14:43.768611
376,2022-01-25 00:00:00+05:30,190.63156885545948,195.79844510796642,184.00664594540376,188.64974975585938,156700,0.0,0.0,2022-01-25,201.80674139393912,202.44098578217893,32.11021088779974,26.523065446693415,202.34290769362332,203.08774108886718,197.5169714867705,-0.6342443882398072,1.0455573300950625,203.08774108886718,6.593660279309527,209.6814013681767,196.49408080955766,216.27506164748624,189.9004205302481,IONEXCHANG.BO,2023-08-21 12:14:43.768611
377,2022-01-24 00:00:00+05:30,207.61854817462992,209.97784985843253,188.55539344951174,189.98985290527344,316560,0.0,0.0,2022-01-24,204.1989216917718,203.5442846642845,33.18004550146195,26.10683051291765,203.78429273970372,203.581307220459,201.95058235222606,0.654637027487297,1.4655077596787798,203.581307220459,5.774615414257851,209.35592263471685,197.80669180620114,215.1305380489747,192.0320763919433,IONEXCHANG.BO,2023-08-21 12:14:43.768611
378,2022-01-21 00:00:00+05:30,204.03240243498573,211.28961656541256,204.03240243498573,206.7408905029297,42570,0.0,0.0,2022-01-21,206.78238874386244,204.62863920500538,54.102776393764756,26.276187926815645,205.23633903806478,203.9781410217285,207.93094707570236,2.1537495388570562,1.6682254427266503,203.9781410217285,5.014068766231472,208.99220978795998,198.96407225549703,214.00627855419145,193.95000348926555,IONEXCHANG.BO,2023-08-21 12:14:43.768611
379,2022-01-20 00:00:00+05:30,211.058405845468,211.058405845468,205.73109881881527,206.71728515625,78860,0.0,0.0,2022-01-20,206.78993387857747,204.45965910117144,54.07066478585743,26.658823815231127,205.07796519965797,203.54780349731445,208.52597536208867,2.330274777406032,1.5468444186940489,203.54780349731445,5.1324180288476215,208.68022152616206,198.41538546846684,213.8126395550097,193.2829674396192,IONEXCHANG.BO,2023-08-21 12:14:43.768611
380,2022-01-19 00:00:00+05:30,207.42979593108,212.14839904871135,203.93803250403963,210.77528381347656,117570,0.0,0.0,2022-01-19,206.80314273718244,204.27904901676516,62.28495726775859,26.469518550181068,204.90540520422724,203.03937454223632,209.43032046500798,2.5240937204172837,1.350986829016053,203.03937454223632,5.302751681968546,208.34212622420486,197.73662286026777,213.6448779061734,192.43387117829923,IONEXCHANG.BO,2023-08-21 12:14:43.768611
381,2022-01-18 00:00:00+05:30,215.4042369013088,217.90509084683055,205.73110030442635,207.5194549560547,171990,0.0,0.0,2022-01-18,206.08093526876533,203.75935023302824,57.4672701181326,26.265651341665613,204.2875232453589,202.26977081298827,208.7578387907737,2.321585035737087,1.0577101061657452,202.26977081298827,5.237471817125509,207.50724263011378,197.03229899586276,212.7447144472393,191.79482717873725,IONEXCHANG.BO,2023-08-21 12:14:43.768611
382,2022-01-17 00:00:00+05:30,211.8652909668641,214.22459264800958,206.39170818659966,213.42242431640625,172740,0.0,0.0,2022-01-17,205.8193862347127,203.45854185518613,73.17606045981833,25.42718171219043,203.94731990739092,201.70471801757813,209.37703070813316,2.3608443795265828,0.7417413737729096,201.70471801757813,5.25089131819497,206.9556093357731,196.45382669938317,212.20650065396808,191.20293538118818,IONEXCHANG.BO,2023-08-21 12:14:43.768611
383,2022-01-14 00:00:00+05:30,203.38122947497456,214.60679049398541,203.38122947497456,210.59597778320312,152590,0.0,0.0,2022-01-14,204.43701567440482,202.66143125828853,69.45748389230545,25.175654931893956,202.9499404959156,200.85536880493163,207.35433390399658,1.7755844161162884,0.3369656223344913,200.85536880493163,4.587730207193582,205.4430990121252,196.26763859773806,210.0308292193188,191.67990839054445,IONEXCHANG.BO,2023-08-21 12:14:43.768611
384,2022-01-13 00:00:00+05:30,208.46788811948684,209.44936567030868,204.40990079985008,207.05230712890625,77140,0.0,0.0,2022-01-13,203.31720438189603,202.02666753629535,63.59555213063316,24.904779937728524,202.14509446567482,200.19594345092773,205.73351196439324,1.290536845600684,-0.022689076110957995,200.19594345092773,4.027600844754848,204.2235442956826,196.16834260617287,208.25114514043742,192.14074176141804,IONEXCHANG.BO,2023-08-21 12:14:43.768611
385,2022-01-12 00:00:00+05:30,211.148067999446,211.148067999446,203.27742666353305,206.5191192626953,110460,0.0,0.0,2022-01-12,202.63809479153053,201.62461636888648,62.597567816442,25.680003181625196,201.62854576428202,199.7752799987793,205.07411438213674,1.0134784226440559,-0.3509955565388685,199.7752799987793,3.6998213282613475,203.47510132704065,196.07545867051795,207.174922655302,192.3756373422566,IONEXCHANG.BO,2023-08-21 12:14:43.768611
386,2022-01-11 00:00:00+05:30,204.40989271827894,209.36913480052036,204.40989271827894,205.60369873046875,112830,0.0,0.0,2022-01-11,201.93245397859147,201.2330561373818,60.868454140656986,26.514858982744688,201.11374855392273,199.51268920898437,204.3516119418574,0.6993978412096737,-0.6921140513345996,199.51268920898437,3.3674335605837693,202.88012276956815,196.1452556484006,206.2475563301519,192.77782208781684,IONEXCHANG.BO,2023-08-21 12:14:43.768611
387,2022-01-10 00:00:00+05:30,207.61854590173309,210.73753578155845,204.06071496949826,206.24070739746094,70650,0.0,0.0,2022-01-10,201.2649549327956,200.88340472993485,62.742112041460175,27.816254650668718,200.6411222195495,199.18262252807617,203.72556854755175,0.38155020286075114,-1.039992024470668,199.18262252807617,3.047291466289504,202.22991399436566,196.13533106178667,205.27720546065518,193.08803959549715,IONEXCHANG.BO,2023-08-21 12:14:43.768611
388,2022-01-07 00:00:00+05:30,202.99432210597936,212.30884052137452,200.5406426011979,206.43417358398438,118830,0.0,0.0,2022-01-07,200.36027266649282,200.45482051653275,63.27907844734384,29.217757677663826,200.05169220082198,198.72090759277344,202.46799912259712,-0.09454785003993038,-1.3953775813035225,198.72090759277344,2.5862943551663378,201.30720194793977,196.1346132376071,203.89349630310613,193.54831888244075,IONEXCHANG.BO,2023-08-21 12:14:43.768611
389,2022-01-06 00:00:00+05:30,200.068781439379,214.60207395373516,199.59692110579556,203.4520263671875,282810,0.0,0.0,2022-01-06,199.2559270451307,199.97647227113663,58.05037453754091,30.727068629812408,199.37985205522594,198.27901077270508,200.48491189190344,-0.7205452260059246,-1.7205850141194206,198.27901077270508,1.8489599726435086,200.1279707453486,196.43005080006157,201.9769307179921,194.58109082741805,IONEXCHANG.BO,2023-08-21 12:14:43.768611
390,2022-01-05 00:00:00+05:30,200.0498969910153,201.01249607464993,196.29389288040932,200.57366943359375,136430,0.0,0.0,2022-01-05,198.49299989566583,199.69842794345257,51.90461727650102,32.352480424433956,198.95120212765104,197.983390045166,199.00135465426138,-1.2054280477867394,-1.9705949611477946,197.983390045166,1.3953530927053073,199.3787431378713,196.5880369524607,200.77409623057662,195.1926838597554,IONEXCHANG.BO,2023-08-21 12:14:43.768611
391,2022-01-04 00:00:00+05:30,199.11089987865984,200.0687757526061,197.3508557004088,198.5116424560547,180750,0.0,0.0,2022-01-04,198.1146963433153,199.62840862424127,46.72019998383249,31.855282792810087,198.78041609544653,197.79181518554688,198.21519726459516,-1.5137122809259722,-2.161886689488058,197.79181518554688,1.2791907516514782,199.07100593719835,196.5126244338954,200.35019668884985,195.2334336822439,IONEXCHANG.BO,2023-08-21 12:14:43.768611
392,2022-01-03 00:00:00+05:30,198.17660829564878,202.89993463790483,192.5190077494539,198.08224487304688,217770,0.0,0.0,2022-01-03,198.04252432281723,199.7177499176962,45.58323834802213,31.5091909039759,198.80870805748776,197.8007797241211,198.06697466886538,-1.675225594878981,-2.32393029162858,197.8007797241211,1.285115298905428,199.08589502302652,196.51566442521568,200.37101032193195,195.23054912631025,IONEXCHANG.BO,2023-08-21 12:14:43.768611
393,2021-12-31 00:00:00+05:30,197.7094784419641,199.85172837403707,197.2376181115537,198.16246032714844,70770,0.0,0.0,2021-12-31,198.03530240459364,199.84859032126818,45.751905011734344,31.136476562154463,198.8851778663763,197.57428665161132,198.0593395667746,-1.8132879166745397,-2.486106465815979,197.57428665161132,1.5947705916990993,199.16905724331042,195.9795160599122,200.76382783500952,194.3847454682131,IONEXCHANG.BO,2023-08-21 12:14:43.768611
394,2021-12-30 00:00:00+05:30,198.1813393861271,199.8705930382127,196.72329268864758,197.5962371826172,761450,0.0,0.0,2021-12-30,198.01218278231096,199.98348072079773,44.39054527726548,31.632230998481706,198.96125339682132,197.64789657592775,198.00777918658767,-1.9712979384867708,-2.654311103101339,197.64789657592775,1.656143083007126,199.30403965893487,195.99175349292062,200.960182741942,194.3356104099135,IONEXCHANG.BO,2023-08-21 12:14:43.768611
395,2021-12-29 00:00:00+05:30,201.01248907878184,201.01248907878184,198.19548249385954,199.11561584472656,788880,0.0,0.0,2021-12-29,198.08780925498255,200.17446020385216,47.33174830690592,32.1661203914495,199.10493931410596,197.80054321289063,198.2135501885729,-2.086650948869618,-2.825064394254981,197.80054321289063,1.7866808598643886,199.58722407275502,196.01386235302624,201.3739049326194,194.22718149316185,IONEXCHANG.BO,2023-08-21 12:14:43.768611
396,2021-12-28 00:00:00+05:30,201.29561334508725,201.29561334508725,195.16142924746407,198.5210723876953,804590,0.0,0.0,2021-12-28,197.90093532957457,200.25916775258221,46.043188614402126,33.04145761040777,199.1038154687775,197.9994323730469,197.76251736049605,-2.3582324230076495,-3.009667755601322,197.9994323730469,2.129320503269481,200.12875287631636,195.87011186977742,202.25807337958585,193.74079136650792,IONEXCHANG.BO,2023-08-21 12:14:43.768611
397,2021-12-27 00:00:00+05:30,194.8830384584708,202.89994081426045,193.55711209026873,197.92652893066406,331900,0.0,0.0,2021-12-27,197.78818313718895,200.39821538177318,44.78890036586413,33.98412846159359,199.16515684573352,198.23300323486328,197.3832398468964,-2.6100322445842323,-3.1725265887497396,198.23300323486328,2.4252046974319814,200.65820793229526,195.8077985374313,203.08341262972723,193.38259383999932,IONEXCHANG.BO,2023-08-21 12:14:43.768611
398,2021-12-24 00:00:00+05:30,197.9925876825724,199.12504953928195,190.75425230173147,198.13414001464844,99410,0.0,0.0,2021-12-24,197.7630293565571,200.59595029786192,45.13568006596843,34.99931245517833,199.2955387315303,197.91874465942382,197.11159530501254,-2.8329209413048204,-3.313150174791116,197.91874465942382,2.838934544808961,200.75767920423277,195.07981011461487,203.59661374904175,192.2408755698059,IONEXCHANG.BO,2023-08-21 12:14:43.768611
399,2021-12-23 00:00:00+05:30,198.1813387658441,198.1813387658441,194.59992058615117,196.5487060546875,34070,0.0,0.0,2021-12-23,197.6955546914496,200.79289512051898,41.977223417856024,34.98566945303681,199.41779122804417,198.03930587768554,196.60032295019454,-3.0973404290693907,-3.4332074831626898,198.03930587768554,2.8991239465738463,200.93842982425937,195.1401819311117,203.83755377083324,192.24105798453783,IONEXCHANG.BO,2023-08-21 12:14:43.768611
400,2021-12-22 00:00:00+05:30,196.4920838779465,200.53591593986232,194.50083272025608,195.38320922851562,33040,0.0,0.0,2021-12-22,197.90407262540631,201.13243024578549,39.60139039116744,35.604320838348535,199.71980019366066,198.36300201416014,196.62613139794803,-3.228357620379171,-3.517174246686014,198.36300201416014,3.0797258001412375,201.44272781430138,195.2832762140189,204.5224536144426,192.20355041387768,IONEXCHANG.BO,2023-08-21 12:14:43.768611
401,2021-12-21 00:00:00+05:30,194.42533554336882,206.20296541710502,194.42533554336882,196.21839904785156,94300,0.0,0.0,2021-12-21,198.36241142484099,201.5923679271671,40.71275520478895,36.270560791761156,200.1762834531496,198.73529968261718,197.24759248266417,-3.229956502326104,-3.5893784032627245,198.73529968261718,3.1498105482751333,201.8851102308923,195.58548913434205,205.03492077916744,192.43567858606693,IONEXCHANG.BO,2023-08-21 12:14:43.768611
402,2021-12-20 00:00:00+05:30,197.23760834546925,201.18235360036243,186.38482128339797,196.43544006347656,204530,0.0,0.0,2021-12-20,198.7522318570209,202.02228543751232,40.9925306853483,36.98804997235936,200.59290286423362,199.19795913696288,197.76218920007045,-3.2700535804914352,-3.6792338784968797,199.19795913696288,3.4279542863886534,202.62591342335153,195.77000485057422,206.0538677097402,192.34205056418557,IONEXCHANG.BO,2023-08-21 12:14:43.768611
403,2021-12-17 00:00:00+05:30,196.397697136318,199.592186223877,196.29388729299825,197.407470703125,52440,0.0,0.0,2021-12-17,199.1734667285744,202.4692330674352,42.17923416740438,36.265832966575886,201.03053052747123,199.84865493774413,198.42556376836737,-3.295766338860801,-3.7815289529982405,199.84865493774413,4.053965364356654,203.9026203021008,195.79468957338747,207.95658566645744,191.74072420903082,IONEXCHANG.BO,2023-08-21 12:14:43.768611
404,2021-12-16 00:00:00+05:30,201.86656092397843,202.80555834614728,197.2376123694166,198.6390380859375,70330,0.0,0.0,2021-12-16,199.49455691501973,202.87417405658002,43.66772706678429,37.096687513810195,201.41190524582345,200.60976638793946,198.9346103009885,-3.3796171415602885,-3.9029696065326,200.60976638793946,4.9100754655335965,205.51984185347305,195.69969092240586,210.42991731900665,190.78961545687227,IONEXCHANG.BO,2023-08-21 12:14:43.768611
405,2021-12-15 00:00:00+05:30,197.71419585893753,202.89993613016026,193.55710762185487,201.26730346679688,69540,0.0,0.0,2021-12-15,199.65010579303467,203.21298493423143,46.95793235985611,38.19625662979243,201.70378599949566,201.4801124572754,199.082396408514,-3.5628791411967597,-4.033807722775677,201.4801124572754,5.970586772572962,207.45069922984837,195.50952568470242,213.4212860024213,189.53893891212948,IONEXCHANG.BO,2023-08-21 12:14:43.768611
406,2021-12-14 00:00:00+05:30,197.23761213802797,199.5969137186264,196.3977013513363,199.0023651123047,42390,0.0,0.0,2021-12-14,199.35606985235063,203.3686394516262,43.56496887587098,39.3804079854656,201.74973152925344,202.1968681335449,197.9899428793725,-4.012569599275565,-4.151539868170405,202.1968681335449,6.752892734886287,208.94976086843118,195.44397539865864,215.7026536033175,188.69108266377233,IONEXCHANG.BO,2023-08-21 12:14:43.768611
407,2021-12-13 00:00:00+05:30,197.54432197332224,201.95621888743545,195.44455216930288,197.00640869140625,38770,0.0,0.0,2021-12-13,199.42037980508627,203.71794139877193,40.433883571591345,39.51431044623899,202.0389279941954,202.99619979858397,197.4837317629064,-4.297561593685657,-4.186282435394116,202.99619979858397,7.2804163082603255,210.2766161068443,195.71578349032364,217.55703241510463,188.43536718206332,IONEXCHANG.BO,2023-08-21 12:14:43.768611
408,2021-12-10 00:00:00+05:30,197.54432505809334,202.04115344482955,193.55711389379795,197.5962371826172,52610,0.0,0.0,2021-12-10,199.8592836439372,204.25486401536116,41.057876908011224,39.658513096302634,202.5686668681732,203.77618484497071,197.72239329865644,-4.395580371423961,-4.1584626458212295,203.77618484497071,7.4388383594056835,211.2150232043764,196.33734648556504,218.65386156378207,188.89850812615936,IONEXCHANG.BO,2023-08-21 12:14:43.768611
409,2021-12-09 00:00:00+05:30,200.10651871618646,200.10651871618646,194.77450284563545,197.53961181640625,63670,0.0,0.0,2021-12-09,200.27074663690448,204.78755416198067,40.97185517549269,39.81380825790964,203.09208051928437,204.60477142333986,197.78547135667606,-4.516807525076189,-4.099183214420546,204.60477142333986,7.634603742766676,212.23937516610653,196.97016768057318,219.8739789088732,189.3355639378065,IONEXCHANG.BO,2023-08-21 12:14:43.768611
410,2021-12-08 00:00:00+05:30,199.12506117056043,200.54536538549897,195.34545528298491,196.74217224121094,56530,0.0,0.0,2021-12-08,200.7673166042678,205.3673895496266,39.88564299244032,39.34510812291867,203.676550909061,205.355029296875,197.90840112681093,-4.600072945358818,-3.994777136756635,205.355029296875,7.641044500595249,212.99607379747025,197.71398479627973,220.63711829806547,190.0729402956845,IONEXCHANG.BO,2023-08-21 12:14:43.768611
411,2021-12-07 00:00:00+05:30,196.6713716744153,199.03067322713156,193.7600016223824,198.69093322753906,39250,0.0,0.0,2021-12-07,201.4991610339145,206.05740693429985,41.6190795336978,38.90999101378572,204.4064855056768,206.13005905151368,198.4915155696109,-4.558245900385344,-3.8434531846060893,206.13005905151368,7.506389791499032,213.63644884301272,198.62366926001465,221.14283863451175,191.11727946851562,IONEXCHANG.BO,2023-08-21 12:14:43.768611
412,2021-12-06 00:00:00+05:30,199.59691289541203,201.9562144662798,191.1034272402881,193.55238342285156,61130,0.0,0.0,2021-12-06,202.00974790780097,206.6467248308407,34.66963203546577,37.96178661505853,205.00812258758606,206.8267608642578,198.3918067406468,-4.636976923039725,-3.6647550056612754,206.8267608642578,7.42579879275614,214.25255965701393,199.40096207150168,221.6783584497701,191.97516327874553,IONEXCHANG.BO,2023-08-21 12:14:43.768611
413,2021-12-03 00:00:00+05:30,202.8999385796573,202.8999385796573,199.1250560014311,199.63465881347656,34010,0.0,0.0,2021-12-03,203.54745054142813,207.69427214347985,39.884444084280155,36.940643416429246,206.2139898680844,207.8006805419922,200.81151839954444,-4.146821602051716,-3.4216995263166625,207.8006805419922,6.848040807808684,214.64872134980087,200.95263973418352,221.49676215760957,194.10459892637482,IONEXCHANG.BO,2023-08-21 12:14:43.768611
414,2021-12-02 00:00:00+05:30,203.09340293399492,204.66469147034795,200.06877654176276,200.649169921875,63480,0.0,0.0,2021-12-02,204.25886721923752,208.33904120988012,40.831817627095866,36.75741921011608,206.90655103172736,208.31076202392578,201.39994819257836,-4.080173990642606,-3.240419007382899,208.31076202392578,6.582567574290517,214.8933295982163,201.72819444963525,221.47589717250682,195.14562687534473,IONEXCHANG.BO,2023-08-21 12:14:43.768611
415,2021-12-01 00:00:00+05:30,206.67481709554423,206.67481709554423,197.23761083547373,203.09339904785156,127970,0.0,0.0,2021-12-01,204.91517581875797,208.9542309129205,43.12998014000793,36.688096902590644,207.5652227275013,208.96853485107422,201.77533732793003,-4.039055094162535,-3.030480261567972,208.96853485107422,6.4322500468801245,215.40078489795434,202.5362848041941,221.83303494483448,196.10403475731397,IONEXCHANG.BO,2023-08-21 12:14:43.768611
416,2021-11-30 00:00:00+05:30,192.51901144079653,205.16486231463907,191.5752907964789,203.19248962402344,193000,0.0,0.0,2021-11-30,205.2464079589228,209.42309746212604,43.22256031612482,36.613442109870945,208.03594100956968,209.78060607910157,201.11630646796925,-4.176689503203249,-2.778336553419331,209.78060607910157,6.672238245747586,216.45284432484917,203.10836783335398,223.12508257059676,196.4361295876064,IONEXCHANG.BO,2023-08-21 12:14:43.768611
417,2021-11-29 00:00:00+05:30,199.13448721311806,200.06877583143753,187.05015132078748,191.641357421875,200870,0.0,0.0,2021-11-29,205.6198476561772,209.92154608917426,26.242347390579283,36.1166806303647,208.54577799752192,210.3666564941406,200.07821488994216,-4.301698432997057,-2.428748315973351,210.3666564941406,6.577196248950592,216.9438527430912,203.78946024519,223.5210489920418,197.21226399623941,IONEXCHANG.BO,2023-08-21 12:14:43.768611
418,2021-11-26 00:00:00+05:30,200.54064116855014,205.63672699587832,197.46882579816906,200.5453643798828,604270,0.0,0.0,2021-11-26,208.16139133514122,211.38396118255818,33.38672678962085,34.0349471591699,210.3251906896953,211.37974014282227,204.29664362397568,-3.2225698474169633,-1.9605107867174247,211.37974014282227,4.883525200430061,216.26326534325233,206.4962149423922,221.14679054368239,201.61268974196216,IONEXCHANG.BO,2023-08-21 12:14:43.768611
419,2021-11-25 00:00:00+05:30,202.82916432221882,206.65594465993206,199.78565945483675,203.0226287841797,78600,0.0,0.0,2021-11-25,209.54612350882456,212.25104892677223,35.9168211094195,32.82379520277388,211.35464609072818,212.1368392944336,206.17228324602212,-2.7049254179476634,-1.64499602154254,212.1368392944336,4.2478189387267475,216.38465823316034,207.88902035570686,220.6324771718871,203.6412014169801,IONEXCHANG.BO,2023-08-21 12:14:43.768611
420,2021-11-24 00:00:00+05:30,208.56226263859728,209.48710483910273,201.95621812063266,202.82916259765625,737750,0.0,0.0,2021-11-24,210.73221345876,212.9893225381796,35.569467492160115,31.833344839037977,212.2317005440491,212.80876770019532,207.7471104769433,-2.257109079419621,-1.3800136724412593,212.80876770019532,3.765751681509543,216.57451938170487,209.04301601868576,220.3402710632144,205.27726433717623,IONEXCHANG.BO,2023-08-21 12:14:43.768611
421,2021-11-23 00:00:00+05:30,207.61854689376688,207.61854689376688,202.31484134930992,205.47158813476562,230040,0.0,0.0,2021-11-23,212.16913179714246,213.8021353334215,38.24405859949754,31.08439218191253,213.22144138051152,212.9989273071289,210.2060844165868,-1.633003536279034,-1.1607398206966688,212.9989273071289,3.3028629876172513,216.30179029474616,209.69606431951163,219.6046532823634,206.3932013318944,IONEXCHANG.BO,2023-08-21 12:14:43.768611
422,2021-11-22 00:00:00+05:30,212.62968995095952,213.9556162660831,207.62325898887966,209.44935607910156,991290,0.0,0.0,2021-11-22,213.3868670084837,214.46857910931396,42.74333761119382,29.57287914476754,214.03721540637952,213.48211135864258,212.57333255749737,-1.0817121008302593,-1.0426738918010776,213.48211135864258,2.8144641384872817,216.29657549712988,210.6676472201553,219.11103963561715,207.85318308166802,IONEXCHANG.BO,2023-08-21 12:14:43.768611
423,2021-11-18 00:00:00+05:30,213.34693662501235,217.05575190865233,212.0445975055494,212.62969970703125,199810,0.0,0.0,2021-11-18,214.10277808655317,214.87011695173095,46.83096625587285,28.725520830276054,214.52014796714562,213.8260971069336,214.13532079669523,-0.767338865177777,-1.0329143395437823,213.8260971069336,2.71427512626227,216.54037223319585,211.11182198067132,219.25464735945812,208.39754685440906,IONEXCHANG.BO,2023-08-21 12:14:43.768611
424,2021-11-17 00:00:00+05:30,216.54614466051157,217.05574747073214,212.2427664407153,216.04595947265625,103150,0.0,0.0,2021-11-17,214.37061051919352,215.04935033130693,51.77570470001392,28.678749380996518,214.71914252084184,214.02970504760742,214.88813134152718,-0.6787398121134061,-1.0993082081352836,214.02970504760742,2.771927059675612,216.80163210728304,211.2577779879318,219.57355916695866,208.48585092825618,IONEXCHANG.BO,2023-08-21 12:14:43.768611
425,2021-11-16 00:00:00+05:30,216.94249853097747,217.0557403962169,211.86527703891605,215.6024169921875,135190,0.0,0.0,2021-11-16,214.06600161856392,214.96962159999896,51.159633356410424,28.671579712510592,214.57947757854558,214.11015701293945,214.30921727596262,-0.9036199814350425,-1.2044503071407529,214.11015701293945,2.8556134488799603,216.9657704618194,211.2545435640595,219.82138391069938,208.39893011517952,IONEXCHANG.BO,2023-08-21 12:14:43.768611
426,2021-11-15 00:00:00+05:30,212.903383846032,215.5457901391289,209.5107069661071,214.98899841308594,76560,0.0,0.0,2021-11-15,213.78665336881414,214.9189979686239,50.34297905320328,28.663855921523208,214.47179974553063,214.21962890625,213.66261741785019,-1.1323445998097554,-1.2796578885671803,214.21962890625,2.9560323024564172,217.1756612087064,211.2635966037936,220.13169351116284,208.30756430133715,IONEXCHANG.BO,2023-08-21 12:14:43.768611
427,2021-11-12 00:00:00+05:30,214.7908252230447,214.7908252230447,209.97784415871877,212.60610961914062,67830,0.0,0.0,2021-11-12,213.56804517894653,214.91339793306693,47.14082549508741,28.109862880982497,214.41735778052484,214.5532341003418,212.99942692023228,-1.3453527541203982,-1.3164862107565365,214.5532341003418,3.3918025074079052,217.9450366077497,211.1614315929339,221.3368391151576,207.769629085526,IONEXCHANG.BO,2023-08-21 12:14:43.768611
428,2021-11-11 00:00:00+05:30,212.62026744457268,215.17303355627476,212.2333385182072,214.16796875,47670,0.0,0.0,2021-11-11,213.7429425534567,215.09798099818101,49.06662299992774,27.238936973992473,214.60801548172319,215.18127975463867,213.19608557077805,-1.3550384447243289,-1.309269574915571,215.18127975463867,4.101056017142205,219.28233577178088,211.08022373749645,223.38339178892306,206.97916772035427,IONEXCHANG.BO,2023-08-21 12:14:43.768611
429,2021-11-10 00:00:00+05:30,212.2427717623442,215.64489512711475,211.86528925642233,212.54476928710938,102900,0.0,0.0,2021-11-10,213.66566506317608,215.1723819780355,46.9779238083556,26.666907921892818,214.65433619032564,215.2291732788086,212.71014398116705,-1.5067169148594246,-1.2978273574633814,215.2291732788086,4.094186811650422,219.323360090459,211.13498646715817,223.41754690210942,207.04079965550775,IONEXCHANG.BO,2023-08-21 12:14:43.768611
430,2021-11-09 00:00:00+05:30,211.39342451336404,214.69644677138535,211.39342451336404,212.24276733398438,73670,0.0,0.0,2021-11-09,213.8694642951882,215.38259099330958,46.601371699092205,26.050876635016266,214.87639586434838,215.4337242126465,212.79283132819586,-1.5131266981213685,-1.2456049681143704,215.4337242126465,4.055020706781096,219.4887449194276,211.3787035058654,223.54376562620868,207.3236827990843,IONEXCHANG.BO,2023-08-21 12:14:43.768611
431,2021-11-08 00:00:00+05:30,212.99774316302242,216.11202411986574,209.60035753740303,212.62496948242188,75130,0.0,0.0,2021-11-08,214.16522737904347,215.63377688605559,46.99391506435267,25.083828616266498,215.15361992017617,215.59651641845704,213.06786332530157,-1.4685495070121135,-1.1787245356126208,215.59651641845704,3.984923192964545,219.5814396114216,211.6115932254925,223.56636280438613,207.62667003252795,IONEXCHANG.BO,2023-08-21 12:14:43.768611
432,2021-11-04 00:00:00+05:30,211.28961126328045,214.4133242444062,210.02502907515694,213.03077697753906,22410,0.0,0.0,2021-11-04,214.44527426933834,215.87448147834627,47.39388451712954,24.042392288382132,215.4197936504661,215.7777114868164,213.28931024674137,-1.4292072090079273,-1.1062682927627474,215.7777114868164,3.924628619892703,219.7023401067091,211.8530828669237,223.6269687266018,207.928454247031,IONEXCHANG.BO,2023-08-21 12:14:43.768611
433,2021-11-03 00:00:00+05:30,213.84710114133924,216.86700428613491,208.04793382107619,209.83628845214844,102350,0.0,0.0,2021-11-03,214.70245559512003,216.10197783841082,43.947173636128674,22.415324286540873,215.67126908972156,215.90629348754882,213.41857688134246,-1.3995222432907894,-1.0255335637014524,215.90629348754882,3.871664259454967,219.7779577470038,212.03462922809385,223.64962200645874,208.1629649686389,IONEXCHANG.BO,2023-08-21 12:14:43.768611
434,2021-11-02 00:00:00+05:30,220.34934131503184,220.34934131503184,212.4692680716397,213.80462646484375,125810,0.0,0.0,2021-11-02,215.58721325747848,216.60323298931183,47.54722714950451,20.6630972076349,216.28547757788715,216.32318191528321,215.20972109593947,-1.016019731833353,-0.9320363938041183,216.32318191528321,3.624679801807002,219.9478617170902,212.69850211347622,223.57254151889722,209.0738223116692,IONEXCHANG.BO,2023-08-21 12:14:43.768611
435,2021-11-01 00:00:00+05:30,218.94318588345809,220.3587668266701,212.62969257272707,219.33482360839844,526410,0.0,0.0,2021-11-01,215.9113199470484,216.82712151126927,53.18223510569082,19.27802446546922,216.54661980031278,216.62139739990235,215.91226841148733,-0.9158015642208568,-0.9110405592968096,216.62139739990235,3.651814407578247,220.2732118074806,212.9695829923241,223.92502621505884,209.31776858474586,IONEXCHANG.BO,2023-08-21 12:14:43.768611
436,2021-10-29 00:00:00+05:30,207.6185413889217,221.49123195626552,201.0124968901833,214.9134979248047,390060,0.0,0.0,2021-10-29,215.28886473589387,216.62650534349893,48.66702199336274,17.80540903350888,216.25312466261954,216.15637969970703,214.20099081303172,-1.337640607605067,-0.9098503080657978,216.15637969970703,3.8735223168503743,220.0299020165574,212.28285738285666,223.90342433340777,208.4093350660063,IONEXCHANG.BO,2023-08-21 12:14:43.768611
437,2021-10-28 00:00:00+05:30,217.5276118580923,218.0041953988076,211.2046863240028,211.9030303955078,110530,0.0,0.0,2021-10-28,215.35711324700097,216.76354593699446,45.333131615634116,16.219515491397747,216.39413800344215,216.2764678955078,213.8447372571452,-1.406432689993494,-0.8029027331809804,216.2764678955078,3.870190780411172,220.14665867591899,212.40627711509663,224.01684945633016,208.53608633468545,IONEXCHANG.BO,2023-08-21 12:14:43.768611
438,2021-10-27 00:00:00+05:30,218.93845741222617,220.35876153246977,212.45510145609103,215.68734741210938,58760,0.0,0.0,2021-10-27,215.9851283109088,217.1523871803134,49.04775335204226,15.852595179267642,216.8668861726984,216.8224105834961,214.81559068796386,-1.1672588694046055,-0.6520202439778519,216.8224105834961,3.9890877926680623,220.81149837616417,212.83332279082802,224.8005861688322,208.84423499815998,IONEXCHANG.BO,2023-08-21 12:14:43.768611
439,2021-10-26 00:00:00+05:30,213.94146453828347,220.1417160067099,205.73109791436823,216.46119689941406,227290,0.0,0.0,2021-10-26,216.03927029250872,217.26959036176973,49.81992921594574,15.65999269887756,216.99104814749722,217.37873382568358,214.37971232589106,-1.230320069261012,-0.5232105876211635,217.37873382568358,4.5577778225460435,221.9365116482296,212.82095600313755,226.49428947077567,208.2631781805915,IONEXCHANG.BO,2023-08-21 12:14:43.768611
440,2021-10-25 00:00:00+05:30,220.54751098377943,220.54751098377943,202.90936989451865,206.63235473632812,237860,0.0,0.0,2021-10-25,215.96255636398047,217.3342618387582,38.30617644584689,15.403407608617675,217.0468219630849,217.85012283325196,213.33897003912952,-1.371705474777741,-0.3464332172112013,217.85012283325196,4.93020576449153,222.78032859774348,212.91991706876044,227.71053436223502,207.9897113042689,IONEXCHANG.BO,2023-08-21 12:14:43.768611
441,2021-10-22 00:00:00+05:30,216.3290751815656,217.9994647224877,213.02605298880064,215.13526916503906,73520,0.0,0.0,2021-10-22,217.65895665991724,218.1904144069526,46.95722570789509,15.127085203722412,218.1430816711646,218.74382629394532,216.6922776905302,-0.5314577470353754,-0.09011515281956638,218.74382629394532,4.378930142675665,223.122756436621,214.36489615126965,227.50168657929666,209.98596600859398,IONEXCHANG.BO,2023-08-21 12:14:43.768611
442,2021-10-21 00:00:00+05:30,217.99946055390276,218.1882017955877,212.3465689252245,216.32907104492188,102200,0.0,0.0,2021-10-21,218.11780893171328,218.4348260263057,48.377548949097935,16.02459752758352,218.45969351391466,218.93021087646486,217.47078195327578,-0.31701709459241556,0.020220495734385877,218.93021087646486,4.295795244825524,223.22600612129037,214.63441563163934,227.5218013661159,210.3386203868138,IONEXCHANG.BO,2023-08-21 12:14:43.768611
443,2021-10-20 00:00:00+05:30,217.71635535921422,220.66077363717778,212.3371504283691,216.7018585205078,155780,0.0,0.0,2021-10-20,218.443034002039,218.60328642481642,48.803743584881516,16.991149260972406,218.68396956328232,219.19634017944335,218.0416374074527,-0.16025242277740404,0.10452989331608623,219.19634017944335,4.291037930842018,223.48737811028536,214.90530224860134,227.7784160411274,210.6142643177593,IONEXCHANG.BO,2023-08-21 12:14:43.768611
444,2021-10-19 00:00:00+05:30,217.79656551151692,219.69816197406595,213.28085891433582,217.65499877929688,281110,0.0,0.0,2021-10-19,218.75961136231743,218.75540065716112,49.85080829009315,18.0320511276989,218.8926128309428,219.4997459411621,218.71152685092508,0.004210705156310723,0.1707254723394588,219.4997459411621,4.319810187194714,223.81955612835682,215.17993575396738,228.13936631555154,210.86012556677267,IONEXCHANG.BO,2023-08-21 12:14:43.768611
445,2021-10-18 00:00:00+05:30,223.1805062148634,223.3786794913509,217.3671834373191,217.79185485839844,143860,0.0,0.0,2021-10-18,218.9604500137757,218.84343280739026,49.99759585046312,19.31323629124071,219.02288799427396,219.7234085083008,219.23979088673917,0.11701720638544089,0.2123541641352458,219.7234085083008,4.33504619215051,224.0584547004513,215.38836231615028,228.39350089260182,211.05331612399976,IONEXCHANG.BO,2023-08-21 12:14:43.768611
446,2021-10-14 00:00:00+05:30,227.43666784121922,230.46129413532745,220.35876324035138,221.66110229492188,159980,0.0,0.0,2021-10-14,219.17292186020794,218.9275590433096,54.08545355645355,19.968164580132758,219.15247042962926,220.1634178161621,219.9637589009095,0.24536281689833572,0.236188403572697,220.1634178161621,4.568973934517015,224.7323917506791,215.5944438816451,229.30136568519615,211.02546994712807,IONEXCHANG.BO,2023-08-21 12:14:43.768611
447,2021-10-13 00:00:00+05:30,216.11202219516028,225.9267108929182,215.54578406258298,225.16702270507812,401860,0.0,0.0,2021-10-13,218.72052541753268,218.70887558318063,58.085112413976496,20.098625815095943,218.8884039174932,220.26887893676758,219.1150872039033,0.011649834352056132,0.2338948002412873,220.26887893676758,4.629307161040272,224.89818609780784,215.63957177572732,229.52749325884812,211.01026461468703,IONEXCHANG.BO,2023-08-21 12:14:43.768611
448,2021-10-12 00:00:00+05:30,218.94318747670147,218.94318747670147,211.0017846635077,215.12583923339844,84960,0.0,0.0,2021-10-12,217.54843500161533,218.19222381342882,47.83984610355192,20.89853291355542,218.22749667669478,220.35640869140624,216.08911945331587,-0.6437888118134936,0.28945604171359507,220.35640869140624,4.741973262054871,225.09838195346111,215.61443542935137,229.84035521551598,210.8724621672965,IONEXCHANG.BO,2023-08-21 12:14:43.768611
449,2021-10-11 00:00:00+05:30,215.26268708339626,220.64189193483736,215.26268708339626,216.6357879638672,158500,0.0,0.0,2021-10-11,217.98890695947296,218.43753457983124,49.53062696185338,22.026491069192815,218.55398693388386,220.3365905761719,216.57075956327458,-0.4486276203582804,0.5227672550953673,220.3365905761719,4.765752533474089,225.10234310964597,215.5708380426978,229.86809564312006,210.80508550922372,IONEXCHANG.BO,2023-08-21 12:14:43.768611
450,2021-10-08 00:00:00+05:30,217.05574472845103,222.32643077885035,215.16830346994277,215.4986114501953,236090,0.0,0.0,2021-10-08,218.23492859503764,218.58167430910837,48.248401072050825,23.399246299593482,218.75590261493824,220.42624435424804,216.53824536297824,-0.3467457140707211,0.7656159739587791,220.42624435424804,4.7089962810424115,225.13524063529044,215.71724807320564,229.84423691633287,211.0082517921632,IONEXCHANG.BO,2023-08-21 12:14:43.768611
451,2021-10-07 00:00:00+05:30,217.99946861099107,219.69816864900565,214.6964463593094,216.24887084960938,131630,0.0,0.0,2021-10-07,218.7324408031908,218.8283193378214,49.009050688922386,24.877598086178818,219.09877536912168,220.50221405029296,217.05806231936967,-0.09587853463060014,1.043706395966154,220.50221405029296,4.637021347449813,225.13923539774277,215.86519270284316,229.7762567451926,211.22817135539333,IONEXCHANG.BO,2023-08-21 12:14:43.768611
452,2021-10-06 00:00:00+05:30,217.5370327235181,221.20810532204408,214.31895638601722,215.6024169921875,119300,0.0,0.0,2021-10-06,219.18399897656923,219.03467521687838,48.353799966986564,26.650036880169107,219.39876531854404,220.72328033447266,217.4626580542498,0.14932375969084433,1.3286026286153427,220.72328033447266,4.527676621851453,225.2509569563241,216.19560371262122,229.77863357817557,211.66792709076975,IONEXCHANG.BO,2023-08-21 12:14:43.768611
453,2021-10-05 00:00:00+05:30,217.24449158700307,224.13365523855285,217.24449158700307,218.17405700683594,280100,0.0,0.0,2021-10-05,219.83519570100228,219.30925587485365,50.748046245076466,28.558817119850957,219.79838093184472,220.69827117919922,218.39277858528095,0.5259398261486297,1.6234223458464672,220.69827117919922,4.558725981361347,225.25699716056056,216.1395451978379,229.81572314192192,211.58081921647653,IONEXCHANG.BO,2023-08-21 12:14:43.768611
454,2021-10-04 00:00:00+05:30,209.5059745653432,225.5492248698965,205.25923183766733,219.76893615722656,431620,0.0,0.0,2021-10-04,220.13722091812343,219.40007178429505,52.23387857622361,30.412625034167522,219.9693623976351,220.71030349731444,218.50213937450343,0.7371491338283818,1.8977929757709264,220.71030349731444,4.552025564811387,225.26232906212584,216.15827793250304,229.81435462693722,211.60625236769167,IONEXCHANG.BO,2023-08-21 12:14:43.768611
455,2021-10-01 00:00:00+05:30,211.39342967066628,212.32771831616964,202.99432148394385,210.0344696044922,397450,0.0,0.0,2021-10-01,220.20418178374106,219.37056263446055,42.7008817435201,32.40903355727767,219.9904598966255,220.86247940063475,217.86874098314186,0.8336191492805085,2.1879539362565623,220.86247940063475,4.569737486456454,225.43221688709122,216.2927419141783,230.00195437354768,211.72300442772183,IONEXCHANG.BO,2023-08-21 12:14:43.768611
456,2021-09-30 00:00:00+05:30,223.04837617563444,224.87918209782595,212.80900160237996,217.3152618408203,330800,0.0,0.0,2021-09-30,222.05322036178632,220.11745007685803,49.574798780445484,32.79662533683218,221.0384588747448,221.7387237548828,221.78587667246666,1.9357702849282816,2.5265376330005758,221.7387237548828,4.032850625057334,225.77157437994015,217.70587312982548,229.80442500499748,213.67302250476814,IONEXCHANG.BO,2023-08-21 12:14:43.768611
457,2021-09-29 00:00:00+05:30,224.1336552881162,225.8323553450435,221.77435365350442,222.82188415527344,117980,0.0,0.0,2021-09-29,222.9146673655983,220.34162513574105,55.899021977460336,34.87948716550443,221.43037435200003,222.25588302612306,224.02118408828977,2.5730422298572364,2.6742294700186493,222.25588302612306,4.098400432635813,226.35428345875886,218.15748259348726,230.45268389139468,214.05908216085143,IONEXCHANG.BO,2023-08-21 12:14:43.768611
458,2021-09-28 00:00:00+05:30,227.04031039057,230.17345538721324,221.67996973602405,226.81381225585938,211950,0.0,0.0,2021-09-28,222.9315370402028,220.14320441417846,61.14390774079177,35.54809951639011,221.283899635866,222.438729095459,224.6208340547979,2.7883326260243564,2.6995262800590023,222.438729095459,4.205165367633642,226.64389446309264,218.23356372782536,230.84905983072628,214.02839836019172,IONEXCHANG.BO,2023-08-21 12:14:43.768611
459,2021-09-27 00:00:00+05:30,224.50642974419114,227.68676375048494,222.91153952974787,225.88897705078125,126880,0.0,0.0,2021-09-27,222.22566881917436,219.609555786844,60.34731812994281,36.26814358657469,220.70180357060352,222.23983993530274,223.52434495426715,2.616113032330361,2.6773246935676633,222.23983993530274,4.079539810533594,226.31937974583633,218.16030012476915,230.39891955636992,214.08076031423556,IONEXCHANG.BO,2023-08-21 12:14:43.768611
460,2021-09-24 00:00:00+05:30,223.56741212862718,231.21155501357958,222.90681056573806,224.5064239501953,381290,0.0,0.0,2021-09-24,221.559612777064,219.10720208572903,59.18175328953585,37.543598075423056,220.15578530953218,221.53936309814452,222.34202890601009,2.4524106913349613,2.6926276088769887,221.53936309814452,4.590714765003038,226.13007786314756,216.94864833314148,230.7207926281506,212.35793356813844,IONEXCHANG.BO,2023-08-21 12:14:43.768611
461,2021-09-23 00:00:00+05:30,226.02108803988952,226.02108803988952,216.48950403685765,218.8629608154297,160300,0.0,0.0,2021-09-23,221.0238289274037,218.6752643365717,54.05666005004227,38.91716444802899,219.69782334735712,220.81977615356445,221.25983138391746,2.3485645908320123,2.752681838262496,220.81977615356445,5.189981694573441,226.0097578481379,215.629794458991,231.19973954271134,210.43981276441755,IONEXCHANG.BO,2023-08-21 12:14:43.768611
462,2021-09-22 00:00:00+05:30,225.45014123475318,226.3938618534465,219.42447586837457,221.6516571044922,179620,0.0,0.0,2021-09-22,221.41671403867173,218.66024861826307,57.36519975323692,41.5599884431529,219.7857036138758,220.5170783996582,222.4582666681613,2.7564654204086594,2.8537111501201164,220.5170783996582,5.478633558029661,225.99571195768786,215.03844484162855,231.47434551571752,209.5598112835989,IONEXCHANG.BO,2023-08-21 12:14:43.768611
463,2021-09-21 00:00:00+05:30,217.67861115602315,224.11477857702323,217.67861115602315,222.7699737548828,116180,0.0,0.0,2021-09-21,221.37399711761347,218.42093593936474,58.70453068279276,43.52338536744241,219.5892874569688,220.01667098999025,222.86157144999584,2.9530611782487313,2.87802258254798,220.01667098999025,5.816211023453146,225.8328820134434,214.2004599665371,231.64909303689655,208.38424894308395,IONEXCHANG.BO,2023-08-21 12:14:43.768611
464,2021-09-20 00:00:00+05:30,221.7743548749295,230.92844238763243,219.98129138276298,222.1282501220703,184260,0.0,0.0,2021-09-20,221.1201831835645,218.0730129141233,58.18652693980429,46.192854940450964,219.25447837297787,219.32586746215821,222.90737029755232,3.04717026944121,2.8592629336227926,219.32586746215821,6.274417010180014,225.60028447233822,213.0514504519782,231.87470148251825,206.77703344179818,IONEXCHANG.BO,2023-08-21 12:14:43.768611
465,2021-09-17 00:00:00+05:30,223.75617027468087,229.99887311376028,219.88690987734057,226.592041015625,225540,0.0,0.0,2021-09-17,220.93689828565437,217.74859393748753,63.32682635564015,48.33359855882778,218.95197608359973,,223.2969303852933,3.188304348166838,2.8122860996681878,,,,,,,IONEXCHANG.BO,2023-08-21 12:14:43.768611
466,2021-09-16 00:00:00+05:30,229.70159798459468,231.11717894440125,221.97724685125579,223.77032470703125,161190,0.0,0.0,2021-09-16,219.9086905165688,217.04111817123652,61.320622681709594,50.85246335723764,218.14775872233392,,221.64937507012746,2.8675723453322917,2.7182815375435254,,,,,,,IONEXCHANG.BO,2023-08-21 12:14:43.768611
467,2021-09-15 00:00:00+05:30,215.16829908318442,228.75787010737207,213.46959910515255,226.91761779785156,320890,0.0,0.0,2021-09-15,219.20657520921202,216.50278164837295,65.0093730548197,52.88581542875088,217.55590967131315,,220.58890025167554,2.703793560839074,2.6809588355963334,,,,,,,IONEXCHANG.BO,2023-08-21 12:14:43.768611
468,2021-09-14 00:00:00+05:30,220.3587670287037,220.64188609761248,213.89427495542836,214.72947692871094,125770,0.0,0.0,2021-09-14,217.804567465823,215.66959475641465,55.359822339595475,55.58160247629797,216.57046671062488,,217.42454147858749,2.134972709408345,2.675250154285648,,,,,,,IONEXCHANG.BO,2023-08-21 12:14:43.768611
469,2021-09-13 00:00:00+05:30,217.01800576971496,220.35877051560672,214.79082447244235,218.42886352539062,73360,0.0,0.0,2021-09-13,218.36367483620703,215.74480418263096,60.025380710659896,58.79580444297368,216.7642551087211,,218.77207375352572,2.6188706535760673,2.8103195155049736,,,,,,,IONEXCHANG.BO,2023-08-21 12:14:43.768611
470,2021-09-09 00:00:00+05:30,221.11374950515443,221.11374950515443,215.16830657504758,217.01800537109375,119490,0.0,0.0,2021-09-09,218.35182234726454,215.53007943521018,,62.529946796304,216.5890331701243,,218.94367886759323,2.8217429120543613,2.8581817309871997,,,,,,,IONEXCHANG.BO,2023-08-21 12:14:43.768611
471,2021-09-08 00:00:00+05:30,213.46960352180656,221.77434794176014,212.53532931458432,220.67019653320312,126710,0.0,0.0,2021-09-08,218.59433452475017,215.4110453603395,,66.66414278630708,216.5438782016012,,219.90651561584295,3.1832891644106667,2.8672914357204093,,,,,,,IONEXCHANG.BO,2023-08-21 12:14:43.768611
472,2021-09-07 00:00:00+05:30,222.48685925419946,222.48685925419946,213.37523782509487,215.10223388671875,123470,0.0,0.0,2021-09-07,218.2169050686678,214.9903132665104,,71.11635385246424,216.10952890353784,,219.52467515716285,3.226591802157401,2.7882920035478445,,,,,,,IONEXCHANG.BO,2023-08-21 12:14:43.768611
473,2021-09-06 00:00:00+05:30,221.77434648421522,225.3557645217754,216.56972782251256,218.41470336914062,134080,0.0,0.0,2021-09-06,218.78320891993127,214.98135961689374,,76.13813047734521,216.21555995793983,,221.73589579238487,3.801849303037528,2.678717053895455,,,,,,,IONEXCHANG.BO,2023-08-21 12:14:43.768611
474,2021-09-03 00:00:00+05:30,229.21558797603038,229.22031118735492,221.8923208174859,222.8124542236328,123060,0.0,0.0,2021-09-03,218.85020992916594,214.70669211671398,,81.50880477373018,215.98407117781343,,223.39649200400697,4.143517812451961,2.3979339916099365,,,,,,,IONEXCHANG.BO,2023-08-21 12:14:43.768611
475,2021-09-02 00:00:00+05:30,230.267830248712,234.04271271180565,217.05574162788426,227.55935668945312,158630,0.0,0.0,2021-09-02,218.1298018756265,214.05823114816047,,85.25223943903634,215.2652940150956,,223.68851089419402,4.071570727466025,1.96153803639943,,,,,,,IONEXCHANG.BO,2023-08-21 12:14:43.768611
476,2021-09-01 00:00:00+05:30,228.38039297319594,235.3450558462572,223.66651302376422,227.658447265625,195520,0.0,0.0,2021-09-01,216.41533736402167,212.97814110485706,,89.28363061705838,213.9711821546369,,221.75308799656443,3.437196259164608,1.434029863632781,,,,,,,IONEXCHANG.BO,2023-08-21 12:14:43.768611
477,2021-08-31 00:00:00+05:30,219.60379700576118,233.47648797328668,214.36614440780835,226.4788055419922,319800,0.0,0.0,2021-08-31,214.37113556373015,211.80371661199564,,89.89950415377726,212.5304174061118,,218.80040836203415,2.56741895173451,0.9332382647498244,,,,,,,IONEXCHANG.BO,2023-08-21 12:14:43.768611
478,2021-08-30 00:00:00+05:30,214.69643879088227,225.45484798566463,213.28085787577754,222.83602905273438,230040,0.0,0.0,2021-08-30,212.16974102222795,210.6297094975959,,90.71515119354028,211.06216602338756,,214.9612097720551,1.5400315246320417,0.5246930930036531,,,,,,,IONEXCHANG.BO,2023-08-21 12:14:43.768611
479,2021-08-27 00:00:00+05:30,210.16658503074234,216.48951048033592,209.03412313529836,211.8794403076172,189370,0.0,0.0,2021-08-27,210.23041592577226,209.6532039331848,,92.7554414259784,209.82281202029841,,211.0238001317154,0.5772119925874506,0.27085848509655597,,,,,,,IONEXCHANG.BO,2023-08-21 12:14:43.768611
480,2021-08-26 00:00:00+05:30,215.16358182175873,216.55557552003378,209.03884410943036,210.11468505859375,91330,0.0,0.0,2021-08-26,209.93059331089137,209.47510502323024,,96.24059058257808,209.6063248321596,,210.59598004376448,0.4554882876611259,0.19427010822383228,,,,,,,IONEXCHANG.BO,2023-08-21 12:14:43.768611
481,2021-08-25 00:00:00+05:30,213.28086606044727,214.69644702987503,211.4925114037273,212.8090057373047,114470,0.0,0.0,2021-08-25,209.8971220840364,209.42393862040117,,100.0,209.55281322937705,,210.83662753634985,0.47318346363522323,0.12896556336450887,,,,,,,IONEXCHANG.BO,2023-08-21 12:14:43.768611
482,2021-08-24 00:00:00+05:30,208.95389932511716,213.75272511910416,207.14668063418702,211.6435089111328,213890,0.0,0.0,2021-08-24,209.36768869253305,209.1531332510489,,,209.2100561232794,,209.8504384358724,0.2145554414841513,0.04291108829683026,,,,,,,IONEXCHANG.BO,2023-08-21 12:14:43.768611
483,2021-08-23 00:00:00+05:30,208.5622654611064,216.1120307266668,203.84366217013115,208.9539031982422,543100,0.0,0.0,2021-08-23,208.9539031982422,208.9539031982422,,,208.9539031982422,,208.9539031982422,0.0,0.0,,,,,,,IONEXCHANG.BO,2023-08-21 12:14:43.768611
=======
Trading Day,Date,Open,High,Low,Close,Volume,Dividends,Stock Splits,date_only,RollingMean,RollingStd,UpperBand1,LowerBand1,UpperBand2,LowerBand2,CCI_10,CCI_40,OBV,VPT,VPT_signal,VWAP,MFI_14,PP,R1,S1,R2,S2,R3,S3,CMF,%R,macd,macd_signal,macde_histogram,rsi,ADX,sma_5,sma_20,sma_50,sma_100,symbol,created_on
1,2023-08-21 00:00:00+05:30,498.04998779296875,502.0,466.0,472.3999938964844,66181,0.0,0.0,2023-08-21,511.3874969482422,26.02262912996223,537.4101260782044,485.36486781827995,563.4327552081667,459.3422386883177,-80.39972804419915,20.511158793507207,1556967,149621.0576473512,75213.86158365937,228.45926720044628,52.135422349238915,480.1333312988281,494.26666259765625,458.26666259765625,516.1333312988281,444.1333312988281,530.2666625976562,422.26666259765625,-0.11045277524012327,-95.52447979266827,10.58362145171418,16.774564600112136,-6.190943148397956,46.43315232521671,41.407803941758345,501.34999389648436,511.3874969482422,449.76909729003904,397.54849884033206,IONEXCHANG.BO,2023-08-21 22:01:42.730691
2,2023-08-18 00:00:00+05:30,506.6499938964844,508.0,490.6000061035156,501.29998779296875,12418,0.0,0.0,2023-08-18,513.4474960327149,24.35090515212339,537.7984011848382,489.09659088059146,562.1493063369617,464.74568572846806,28.139666178883513,48.42041567051664,1623148,29791.945271809862,56612.0625677364,228.03146239053697,63.98752665765866,499.96666463216144,509.33332316080725,491.9333292643229,517.3666585286458,482.56667073567706,526.7333170572916,474.5333353678385,0.03327156660067056,-75.60547769592627,13.929316541876972,18.322300387211623,-4.392983845334651,55.2005622139854,43.72447926160318,506.9099975585938,513.4474960327149,448.3214971923828,396.2539489746094,IONEXCHANG.BO,2023-08-21 22:01:42.730691
3,2023-08-17 00:00:00+05:30,513.25,513.25,501.54998779296875,507.0,17534,0.0,0.0,2023-08-17,512.7124969482422,24.951306619943956,537.6638035681862,487.76119032829826,562.6151101881302,462.80988370835433,68.7664579135043,60.41766131856059,1635566,42544.01503840769,63317.09189171803,227.9415100998123,66.72005626202889,507.26666259765625,512.9833374023438,501.2833251953125,518.9666748046875,495.566650390625,524.683349609375,489.58331298828125,0.06976657629249981,-71.60406546807255,15.155558333539659,19.420546348545283,-4.264988015005624,57.17781891767678,44.698512299174396,506.42999877929685,512.7124969482422,446.10759765625,394.6443490600586,IONEXCHANG.BO,2023-08-21 22:01:42.730691
4,2023-08-16 00:00:00+05:30,502.3500061035156,519.5,497.6499938964844,513.25,28468,0.0,0.0,2023-08-16,507.9824966430664,33.5694832660109,541.5519799090773,474.4130133770555,575.1214631750881,440.8435301110446,64.67023009436656,67.26896874488675,1653100,69925.47531470528,68510.36110504561,227.81174763055398,70.3043956875319,510.1333312988281,522.6166687011719,500.76666259765625,531.9833374023438,488.2833251953125,544.4666748046875,478.9166564941406,0.04139021457689235,-67.2165614565485,15.934524904998,20.486793352296687,-4.552268447298687,59.342044564698455,44.948525673471316,498.93999633789065,507.9824966430664,443.5234979248047,392.96049896240237,IONEXCHANG.BO,2023-08-21 22:01:42.730691
5,2023-08-14 00:00:00+05:30,501.70001220703125,514.4500122070312,490.1499938964844,512.7999877929688,28341,0.0,0.0,2023-08-14,503.40999603271484,38.656937098997616,542.0669331317124,464.7530589337172,580.7238702307101,426.0961218347196,7.683836070627415,65.59415766389492,1624632,69552.49091591407,68156.58255263069,227.59608743570652,66.74376535527676,505.7999979654948,521.4500020345052,497.14998372395837,530.1000162760417,481.49997965494794,545.7500203450521,472.8499654134115,0.07844336579449936,-67.532470314722,16.074875668380344,21.624860464121358,-5.549984795741015,59.23889468645872,45.21777084579108,492.1199951171875,503.40999603271484,440.9189978027344,391.1965490722656,IONEXCHANG.BO,2023-08-21 22:01:42.730691
6,2023-08-11 00:00:00+05:30,502.0,517.0,486.8999938964844,500.20001220703125,25376,0.0,0.0,2023-08-11,497.9149963378906,44.6052894449493,542.5202857828399,453.30970689294134,587.1255752277892,408.704417447992,-20.51260357187954,63.91349869506564,1596291,60745.81673510661,67807.60546180983,227.38140412740927,67.33182733158532,501.3666687011719,515.8333435058594,485.73333740234375,531.4666748046875,471.26666259765625,545.933349609375,455.6333312988281,0.05727228781107041,-76.37766126326694,16.055327837821665,23.012356663056607,-6.957028825234943,56.36031583106514,45.65427964696389,484.9099975585938,497.9149963378906,438.4685980224609,389.42334930419923,IONEXCHANG.BO,2023-08-21 22:01:42.730691
7,2023-08-10 00:00:00+05:30,472.0,507.5,472.0,498.8999938964844,34394,0.0,0.0,2023-08-10,492.8324951171875,49.817853666779065,542.6503487839666,443.0146414504084,592.4682024507456,393.19678778362936,-48.056355439442186,57.108600733930075,1570915,82119.38675199648,69573.05264348563,227.19740421759792,67.32729725445654,492.7999979654948,513.5999959309896,478.0999959309896,528.2999979654949,457.2999979654948,549.0999959309896,442.5999959309896,0.05924374678307781,-77.2902749516796,17.027944834618154,24.751613869365343,-7.723669034747189,56.063046405418746,46.124366048226925,483.9499938964844,492.8324951171875,436.3377978515625,387.77354919433594,IONEXCHANG.BO,2023-08-21 22:01:42.730691
8,2023-08-09 00:00:00+05:30,477.04998779296875,498.0,466.54998779296875,469.54998779296875,30446,0.0,0.0,2023-08-09,487.8149948120117,54.048429937264046,541.8634247492757,433.7665648747477,595.9118546865398,379.7181349374836,-94.20956357201882,41.862549670196735,1536521,68416.61586374708,66436.46911635791,226.9488082388932,68.71517560339531,478.0333251953125,489.51666259765625,458.066650390625,509.48333740234375,446.58331298828125,520.9666748046875,426.61663818359375,0.0039538436366579185,-97.89399807446846,18.14322226512172,26.68253112805214,-8.539308862930419,48.7432346796046,46.88973951731748,487.17999267578125,487.8149948120117,434.18699768066404,386.0734991455078,IONEXCHANG.BO,2023-08-21 22:01:42.730691
9,2023-08-08 00:00:00+05:30,472.04998779296875,483.8500061035156,470.75,479.1499938964844,28480,0.0,0.0,2023-08-08,484.7124954223633,56.85984646293204,541.5723418852954,427.85264895943124,598.4321883482273,370.9928024964992,-123.55397452374731,44.45158670836782,1566967,65307.187936208284,65941.43242951062,226.75215881583685,71.39620658746077,477.9166666666667,485.08333333333337,471.98332722981775,491.0166727701823,464.81666056315106,498.183339436849,458.8833211263021,0.07698588781747308,-88.33333748538477,22.186748936110916,28.81735834378474,-6.630609407673823,51.34108078415912,47.98187290403446,497.50999755859374,484.7124954223633,432.497998046875,384.60599914550784,IONEXCHANG.BO,2023-08-21 22:01:42.730691
10,2023-08-07 00:00:00+05:30,498.1000061035156,503.20001220703125,470.1000061035156,476.75,16315,0.0,0.0,2023-08-07,480.49999542236327,60.30983228649875,540.809827708862,420.1901631358645,601.1196599953607,359.8803308493658,-161.02747430759018,54.27794489059189,1538487,37224.36446961491,66099.9935528362,226.56063421656157,65.29696071583058,483.3500061035156,496.6000061035156,463.5,516.4500122070312,450.25,529.7000122070312,430.3999938964844,0.0673627892327955,-63.58173076923077,26.082070376862703,30.475010695703194,-4.392940318840491,50.73151070008083,49.58063218972862,511.5899963378906,480.49999542236327,430.58459838867185,383.18939910888673,IONEXCHANG.BO,2023-08-21 22:01:42.730691
11,2023-08-04 00:00:00+05:30,515.0499877929688,515.0499877929688,490.3500061035156,495.3999938964844,22131,0.0,0.0,2023-08-04,476.1749954223633,63.60450507304594,539.7795004954093,412.5704903493173,603.3840055684552,348.9659852762714,-145.45205144149668,80.10302890219714,1554802,52469.45425336916,73318.90082364151,226.45183050673813,70.40295716394667,500.26666259765625,510.1833190917969,485.48333740234375,524.9666442871094,475.5666809082031,534.88330078125,460.7833557128906,0.004500815440410389,-54.367073207422834,30.910442372223486,31.573245775413316,-0.6628034031898302,55.773118094209956,51.30237295893771,530.2700012207031,476.1749954223633,428.6438983154297,381.6675491333008,IONEXCHANG.BO,2023-08-21 22:01:42.730691
12,2023-08-03 00:00:00+05:30,485.1000061035156,518.25,485.1000061035156,515.0499877929688,10122,0.0,0.0,2023-08-03,471.7399963378906,65.26420661434996,537.0042029522406,406.47578972354063,602.2684095665905,341.21158310919066,-122.05032555300957,94.21526178112558,1576933,24949.694150935997,78531.26246620959,226.29308052926928,74.58619894231559,506.1333312988281,527.1666564941406,494.01666259765625,539.2833251953125,472.98333740234375,560.316650390625,460.8666687011719,-0.00958906368307554,-44.18058542374803,34.787139810232816,31.738946626210772,3.0481931840220433,61.77983258941121,52.06067193749817,538.8599975585937,471.7399963378906,426.45179870605466,379.9006991577148,IONEXCHANG.BO,2023-08-21 22:01:42.730691
13,2023-07-28 00:00:00+05:30,519.8499755859375,544.0,516.0499877929688,521.2000122070312,40570,0.0,0.0,2023-07-28,466.7724975585937,65.57443348637142,532.3469310449651,401.19806407222234,597.9213645313366,335.6236305858509,-4.293786517361234,131.94753376696588,1587055,101194.97253505785,91926.654545028,226.21510469557438,74.45373843363497,527.0833333333334,538.116678873698,510.16666666666674,555.0333455403646,499.1333211263021,566.0666910807292,482.2166544596355,-0.03472262718121439,-40.695243472986675,37.2881827401481,30.97689833020526,6.311284409942843,63.77600122671569,52.877301606717126,541.7,466.7724975585937,423.39059875488283,377.9836993408203,IONEXCHANG.BO,2023-08-21 22:01:42.730691
14,2023-07-26 00:00:00+05:30,603.0,609.0,535.7999877929688,549.5499877929688,74939,0.0,0.0,2023-07-26,461.554997253418,65.16601262512407,526.7210098785421,396.3889846282939,591.8870225036661,331.22297200316984,107.6895307591436,203.40623945522165,1627625,197090.0083936012,89609.57504752051,225.89548286975926,76.3241670121549,564.7833251953125,593.7666625976562,520.566650390625,637.9833374023438,491.58331298828125,666.9666748046875,447.36663818359375,0.026915777992520505,-27.555046214151215,39.31961889387969,29.399077227719545,9.920541666160148,74.01242888744429,51.87269272208451,542.8699951171875,461.554997253418,420.2041986083984,375.96539916992185,IONEXCHANG.BO,2023-08-21 22:01:42.730691
15,2023-07-24 00:00:00+05:30,548.9500122070312,575.0,526.7000122070312,570.1500244140625,29416,0.0,0.0,2023-07-24,454.48999786376953,62.73821754439776,517.2282154081673,391.7517803193718,579.966432952565,329.013562774974,95.40905636490473,223.93829817582196,1702564,80264.2729399139,62739.46671100035,225.24641329365767,73.17903152956433,557.2833455403646,587.866678873698,539.5666910807292,605.5833333333334,508.98335774739587,636.1666666666667,491.2667032877605,0.06769800714227077,-2.6575208690068495,38.53267790581668,26.918941811179508,11.613736094637176,83.0013081539704,49.33135177066229,538.0900024414062,454.48999786376953,415.9359991455078,373.6416491699219,IONEXCHANG.BO,2023-08-21 22:01:42.730691
16,2023-07-21 00:00:00+05:30,528.7000122070312,540.3499755859375,528.7000122070312,538.3499755859375,8334,0.0,0.0,2023-07-21,446.24499664306643,57.34169495123857,503.586691594305,388.90330169182783,560.9283865455436,331.5616067405893,71.24283003293623,222.55459427048802,1673148,21471.76304372067,58358.26515377196,224.97469112456074,66.05807464152961,535.7999877929688,542.8999633789062,531.25,547.449951171875,524.1500244140625,554.5499267578125,519.6000366210938,-0.013319486683835246,-3.5874672659398623,34.9125350356008,24.01550778752021,10.897027248080587,79.41820456392315,46.854130995222306,529.0199951171875,446.24499664306643,411.1096984863281,371.0046987915039,IONEXCHANG.BO,2023-08-21 22:01:42.730691
17,2023-07-20 00:00:00+05:30,528.5999755859375,537.5,522.0,529.25,6787,0.0,0.0,2023-07-20,439.979997253418,53.46268090290084,493.44267815631883,386.51731635051715,546.9053590592197,333.0546354476163,73.04494755382593,248.5912136272839,1664814,17190.488883053407,67579.89068128477,224.9047296591128,57.33276303802396,529.5833333333334,537.1666666666667,521.6666666666667,545.0833333333334,514.0833333333334,552.6666666666667,506.16666666666674,-0.0724169541923048,-9.339269330963278,32.88050033581243,21.291250975500063,11.589249360312365,78.1969961629151,44.56768092772645,524.0699951171875,439.979997253418,406.90079895019534,368.7730990600586,IONEXCHANG.BO,2023-08-21 22:01:42.730691
18,2023-07-19 00:00:00+05:30,525.0,530.9500122070312,523.0999755859375,527.0499877929688,6407,0.0,0.0,2023-07-19,435.14924774169924,49.164064417602,484.31331215930123,385.98518332409725,533.4773765769032,336.82111890649526,83.89738351942592,290.60420504186914,1658027,16160.54651338984,80177.24113084261,224.84938648889872,53.9778114698668,527.0333251953125,530.9666748046875,523.1166381835938,534.8833618164062,519.1832885742188,538.8167114257812,515.2666015625,0.04697984123315754,-10.73698970313032,30.676900469761904,18.393938635421968,12.282961834339936,77.90266033998063,42.14306622825538,515.5399963378907,435.14924774169924,402.95189880371095,366.3539990234375,IONEXCHANG.BO,2023-08-21 22:01:42.730691
19,2023-07-17 00:00:00+05:30,543.9500122070312,543.9500122070312,517.6500244140625,525.6500244140625,33483,0.0,0.0,2023-07-17,429.1119979858398,44.4748756438299,473.5868736296697,384.63712234200995,518.0617492734996,340.16224669818,109.14564562754192,356.4051944040032,1651620,84230.7298311531,96181.4147852058,224.79750120070278,56.44028079903589,529.0833536783854,540.5166829427083,514.2166951497395,555.3833414713541,502.78336588541663,566.816670735677,487.91670735677076,0.02266268786100541,-11.626419920258783,27.607491230287224,15.323198176836982,12.284293053450241,77.72496919909966,39.617960473941864,492.60999755859376,429.1119979858398,398.85839904785155,363.96499908447265,IONEXCHANG.BO,2023-08-21 22:01:42.730691
20,2023-07-14 00:00:00+05:30,516.3499755859375,526.1500244140625,516.3499755859375,524.7999877929688,24302,0.0,0.0,2023-07-14,423.5947463989258,38.281862033755445,461.8766084326812,385.31288436517036,500.1584704664367,347.0310223314149,141.7097806915324,411.61470864018696,1618137,61035.898866387,99169.08602371896,224.52731568925483,55.67914086638439,522.4333292643229,528.5166829427083,518.7166341145833,532.2333780924479,512.6332804361979,538.3167317708333,508.91658528645826,0.04651963710559564,-0.967074689785402,23.397297139332522,12.252124913474422,11.1451722258581,77.62352583395405,36.898615815450384,471.839990234375,423.5947463989258,394.9663983154297,361.6108987426758,IONEXCHANG.BO,2023-08-21 22:01:42.730691
21,2023-07-10 00:00:00+05:30,492.70001220703125,518.9000244140625,483.8999938964844,513.5999755859375,50308,0.0,0.0,2023-07-10,417.9932464599609,29.992680431764406,447.98592689172534,388.0005660281965,477.9786073234897,358.0078855964321,193.54095637230444,438.7393563207352,1593835,123654.96492910072,108702.38281305195,224.33146503180498,55.7235586999214,505.46666463216144,527.0333353678385,492.0333048502604,540.4666951497395,470.4666341145833,562.0333658854166,457.03327433268225,0.053995991381921786,-4.0045692191975455,17.73618411224328,9.465831857009896,8.270352255233384,76.30310878675817,34.207037326991106,447.4599914550781,417.9932464599609,390.98419860839846,359.2550988769531,IONEXCHANG.BO,2023-08-21 22:01:42.730691
22,2023-07-07 00:00:00+05:30,462.0,497.70001220703125,462.0,486.6000061035156,69000,0.0,0.0,2023-07-07,411.99774780273435,20.290959411363513,432.2887072140979,391.7067883913708,452.57966662546136,371.41582898000735,307.017951305195,420.49621947423077,1543527,160683.2890280512,104964.23728403974,223.940361075565,46.13449814464034,482.1000061035156,502.20001220703125,466.5,517.8000183105469,446.3999938964844,537.9000244140625,430.79998779296875,0.025575090244512176,-9.986508021055615,11.322545391704068,7.39824379320155,3.9243015985025185,72.69650181554724,31.413971237083217,424.4499938964844,411.99774780273435,387.34889892578127,356.87169921875,IONEXCHANG.BO,2023-08-21 22:01:42.730691
23,2023-06-30 00:00:00+05:30,428.95001220703125,428.95001220703125,401.0,412.3999938964844,82115,0.0,0.0,2023-06-30,406.8477478027344,11.546752637310576,418.39450044004496,395.3009951654238,429.94125307735555,383.7542425281132,76.00782007116098,94.98141755552122,1474527,162065.53206465632,91034.47434803688,223.4523804898997,34.39174126002814,414.1166687011719,427.23333740234375,399.2833251953125,442.0666809082031,386.1666564941406,455.183349609375,371.33331298828125,-0.013022722948696478,-51.45538759903169,5.598678488044584,6.4171683935759205,-0.8184899055313366,55.358327967124545,28.752593600365245,406.839990234375,406.8477478027344,384.4370989990234,354.81609924316405,IONEXCHANG.BO,2023-08-21 22:01:42.730691
24,2023-06-28 00:00:00+05:30,400.04998779296875,425.5,400.04998779296875,421.79998779296875,53938,0.0,0.0,2023-06-28,405.4914978027344,12.420251768872882,417.9117495716073,393.0712460338615,430.33200134048013,380.65099426498864,93.02315665657942,107.70374841942136,1556642,108880.70236234064,73276.70991888201,223.03369753296172,52.27180152292537,415.7833251953125,431.51666259765625,406.066650390625,441.23333740234375,390.33331298828125,456.9666748046875,380.61663818359375,0.00994723485926782,-33.80281690140845,5.49314284408149,6.621790869958754,-1.128648025877264,59.827478957310994,28.114749897174026,405.8599914550781,405.4914978027344,382.92589904785154,353.38694915771487,IONEXCHANG.BO,2023-08-21 22:01:42.730691
25,2023-06-27 00:00:00+05:30,399.70001220703125,405.5,396.3500061035156,402.8999938964844,22900,0.0,0.0,2023-06-27,403.44849853515626,12.94588450071432,416.3943830358706,390.50261403444193,429.3402675365849,377.5567295337276,-32.95052592160766,38.19237794016605,1502704,44155.24055310926,64375.71180801735,222.74396882624694,44.884673447692634,401.5833333333333,406.816660563151,397.66666666666663,410.7333272298177,392.43333943684894,415.9666544596354,388.51667277018225,-0.037628789788031074,-69.29576318588614,4.349038827625236,6.90395287642807,-2.554914048802834,52.697747884700085,27.62811952260906,400.47999267578126,403.44849853515626,381.16819946289064,351.7824993896484,IONEXCHANG.BO,2023-08-21 22:01:42.730691
26,2023-06-26 00:00:00+05:30,405.95001220703125,405.95001220703125,393.25,398.54998779296875,13952,0.0,0.0,2023-06-26,402.4407485961914,13.750302546452154,416.1910511426435,388.69044604973925,429.9413536890957,374.94014350328706,-62.627244275817105,31.877620109192975,1479804,26611.464751687283,69430.82962174437,222.63240919271882,49.008698080067354,399.25,405.25,392.54998779296875,411.95001220703125,386.54998779296875,417.95001220703125,379.8499755859375,-0.01235489083996968,-77.46478873239437,4.679707495942978,7.542681388628778,-2.8629738926858,50.83281960409778,28.54825071494864,397.9499938964844,402.4407485961914,379.8931994628906,350.2918994140625,IONEXCHANG.BO,2023-08-21 22:01:42.730691
27,2023-06-23 00:00:00+05:30,410.0,410.0,394.6499938964844,398.54998779296875,37929,0.0,0.0,2023-06-23,401.31274871826173,14.958543600046816,416.27129231830855,386.3542051182149,431.2298359183554,371.3956615181681,-61.77765051908503,43.27326985258827,1493756,72344.1977183735,80135.67083925864,222.56601464886577,53.45928936885867,401.06666056315106,407.48332722981775,392.1333211263021,416.4166666666667,385.71665445963544,422.83333333333337,376.7833150227865,-0.09826252449560365,-77.46478873239437,5.460568626999873,8.258424861800227,-2.7978562348003546,50.83281960409778,29.539161229775882,399.5799987792969,401.31274871826173,378.67429992675784,348.79319946289064,IONEXCHANG.BO,2023-08-21 22:01:42.730691
28,2023-06-22 00:00:00+05:30,401.0,410.0,392.5,407.5,33511,0.0,0.0,2023-06-22,401.4529998779297,14.944419899411747,416.39741977734144,386.50857997851796,431.3418396767532,371.5641600791062,-58.71444543361309,55.04413876584115,1531685,65352.847163827835,82083.53911947992,222.38526518310363,58.6179521638917,403.3333333333333,414.16666666666663,396.66666666666663,420.8333333333333,385.8333333333333,431.66666666666663,379.16666666666663,-0.0923060474063883,-59.130412435640736,6.377571611049973,8.957888920500315,-2.5803173094503418,54.6556004169599,30.44980101122321,403.0100036621094,401.4529998779297,377.3365002441406,347.32679962158204,IONEXCHANG.BO,2023-08-21 22:01:42.730691
29,2023-06-21 00:00:00+05:30,387.8500061035156,401.1499938964844,387.8500061035156,394.8999938964844,37894,0.0,0.0,2023-06-21,400.7929992675781,14.95478341317892,415.74778268075704,385.8382158543992,430.70256609393596,370.8834324412203,-152.6381068967918,27.7740591836466,1498174,71615.5101181152,86266.21210839294,222.21713133023292,57.70944478613084,394.6333312988281,401.4166564941406,388.1166687011719,407.9333190917969,381.3333435058594,414.7166442871094,374.8166809082031,-0.13110848519674448,-77.00883206719783,6.573542841284564,9.602968247862899,-3.0294254065783353,49.71175978811183,31.430490006628023,404.8800048828125,400.7929992675781,375.8633001708984,345.8142495727539,IONEXCHANG.BO,2023-08-21 22:01:42.730691
30,2023-06-20 00:00:00+05:30,402.04998779296875,411.0,386.54998779296875,390.25,74410,0.0,0.0,2023-06-20,401.2970001220703,14.915531660106883,416.21253178217717,386.38146846196344,431.1280634422841,371.4659368018565,-199.10138894953832,35.221070910248045,1460280,138970.85460255848,89928.88760596237,222.0395927447181,61.83675236063972,395.93332926432294,405.3166707356771,380.86665852864587,420.3833414713542,371.4833170572917,429.76668294270837,356.4166463216146,-0.1382510971098257,-84.26870421713572,7.965755959260207,10.360324599507482,-2.3945686402472752,47.75992841525481,33.15789828595934,407.5500061035156,401.2970001220703,374.6641003417969,344.517399597168,IONEXCHANG.BO,2023-08-21 22:01:42.730691
31,2023-06-19 00:00:00+05:30,417.70001220703125,423.20001220703125,405.0,406.70001220703125,28857,0.0,0.0,2023-06-19,401.68274993896483,14.713185258316765,416.3959351972816,386.9695646806481,431.1091204555984,372.2563794223313,-36.868910610672835,85.11032324983867,1534690,56166.178628995476,77668.39585681334,221.69931394326957,71.24871099404459,411.6333414713542,418.26668294270837,400.0666707356771,429.83335367838544,393.43332926432294,436.4666951497396,381.86665852864587,-0.10477232986428682,-52.71117858777858,10.085471305272677,10.9589667595693,-0.8734954542966236,54.739061305689056,35.01818412523923,410.5500061035156,401.68274993896483,373.5468005371094,343.3592495727539,IONEXCHANG.BO,2023-08-21 22:01:42.730691
32,2023-06-16 00:00:00+05:30,427.6000061035156,427.6000061035156,411.3999938964844,415.70001220703125,23155,0.0,0.0,2023-06-16,401.3487487792969,14.669049598246273,416.01779837754316,386.67969918105064,430.6868479757894,372.0106495828044,64.79278071204652,106.25581763839622,1563547,46065.34568307017,83043.9501637678,221.55406395050554,69.83086333117745,418.23333740234375,425.0666809082031,408.8666687011719,434.433349609375,402.0333251953125,441.2666931152344,392.6666564941406,-0.05830268379433151,-37.011409353195035,11.026462155076956,11.177340623143454,-0.15087846806649807,59.12869213584032,35.04752525240904,411.82000122070315,401.3487487792969,372.2891003417969,341.9665994262695,IONEXCHANG.BO,2023-08-21 22:01:42.730691
33,2023-06-15 00:00:00+05:30,403.1499938964844,420.0,402.70001220703125,416.8500061035156,32276,0.0,0.0,2023-06-15,400.09399871826173,14.448493805454465,414.5424925237162,385.64550491280727,428.99098632917065,371.1970111073528,34.88715107895647,94.16185516432292,1586702,64388.607205066335,92288.6012839422,221.43167608002236,59.4924821847563,413.18333943684894,423.66666666666663,406.3666788736979,430.4833272298177,395.8833516438802,440.9666544596354,389.06669108072913,-0.037509022879233564,-35.14546091833158,11.177784346794908,11.215060240160078,-0.037275893365169566,59.69669640171728,34.22905461457901,415.2070007324219,400.09399871826173,370.7104998779297,340.51679931640626,IONEXCHANG.BO,2023-08-21 22:01:42.730691
34,2023-06-14 00:00:00+05:30,410.5,416.20001220703125,406.3500061035156,408.25,31559,0.0,0.0,2023-06-14,398.14124908447263,14.701659108889858,412.8429081933625,383.43958997558275,427.54456730225235,368.7379308666929,25.290002949818838,87.80012141828963,1554426,61659.34951584281,99263.59980366116,221.25980925581854,59.680556557134956,410.2666727701823,414.183339436849,404.33333333333337,420.11667887369794,400.4166666666667,424.0333455403646,394.48332722981775,-0.09322319466979011,-48.31545741324921,11.08890526385892,11.22437921350137,-0.13547394964245107,56.81603817208837,33.763381688031124,413.097998046875,398.14124908447263,369.1982995605469,339.10984924316404,IONEXCHANG.BO,2023-08-21 22:01:42.730691
35,2023-06-13 00:00:00+05:30,413.04998779296875,416.20001220703125,402.6000061035156,405.25,55036,0.0,0.0,2023-06-13,396.8799987792969,14.869849589930856,411.7498483692278,382.010149189366,426.6196979591586,367.1402995994352,23.686164965464027,83.78031518523399,1522867,106738.08269970439,108664.66237561572,221.09886972335525,56.61963378163443,408.0166727701823,413.433339436849,399.83333333333337,421.61667887369794,394.4166666666667,427.0333455403646,386.23332722981775,-0.08558810985331335,-52.90963897651595,11.654069686599769,11.258247700911983,0.39582198568778537,55.792545547376854,33.48440714854555,414.5089965820313,396.8799987792969,367.54319946289064,337.8007992553711,IONEXCHANG.BO,2023-08-21 22:01:42.730691
36,2023-06-12 00:00:00+05:30,433.0,439.79998779296875,410.1499938964844,413.04998779296875,50327,0.0,10.0,2023-06-12,396.1314987182617,14.802976483151886,410.9344752014136,381.3285222351098,425.7374516845655,366.5255457519579,88.21566383127673,118.96889379142254,1577903,99483.98387148009,109146.30729459354,220.82205175681509,63.608671461380126,420.99998982747394,431.8499857584635,402.19999186197913,450.6499837239583,391.34999593098956,461.4999796549479,372.54999796549475,-0.07061040993893007,-40.96478560579507,12.496529141675524,11.159292204490036,1.3372369371854873,59.17877902767434,33.18397302909955,416.01299438476565,396.1314987182617,365.94449951171873,336.4952493286133,IONEXCHANG.BO,2023-08-21 22:01:42.730691
37,2023-06-09 00:00:00+05:30,407.5050048828125,435.3699951171875,407.5050048828125,432.635009765625,120200,0.0,0.0,2023-06-09,395.16199951171876,14.261668506997252,409.423668018716,380.9003310047215,423.68533652571324,366.6386624977243,131.1881356539077,133.38983391982714,1628230,248871.77208884797,111561.8881503719,220.55745290350134,70.73522215287565,425.1700032552083,442.83500162760413,414.97001139322913,453.0349934895833,397.3050130208333,470.69999186197913,387.10502115885413,-0.020174092616491127,-4.4931584868654575,12.617610568310852,10.824982970193664,1.7926275981171873,68.93641382681014,31.904021973592275,412.1409973144531,395.16199951171876,364.33359985351564,335.1274493408203,IONEXCHANG.BO,2023-08-21 22:01:42.730691
38,2023-06-08 00:00:00+05:30,420.0050048828125,420.2749938964844,402.8550109863281,406.30499267578125,34380,0.0,0.0,2023-06-08,393.09824829101564,11.214548857884449,404.3127971489001,381.8836994331312,415.5273460067845,370.66915057524676,87.18171270608785,100.43142850936724,1508030,66850.94384162177,77234.41716575288,219.8579335789782,65.01397115564168,409.81166585286456,416.768320719401,399.34833780924475,427.2316487630208,392.3916829427083,434.18830362955725,381.9283548990885,-0.1577277380425032,-34.076078568301945,10.652627646494352,10.376826070664366,0.2758015758299859,60.88776608487892,30.725793078629962,402.33399658203126,393.09824829101564,362.3942999267578,333.48559936523435,IONEXCHANG.BO,2023-08-21 22:01:42.730691
39,2023-06-07 00:00:00+05:30,419.9949951171875,422.7449951171875,405.29998779296875,415.30499267578125,69920,0.0,0.0,2023-06-07,392.03799896240236,10.898158279222045,402.9361572416244,381.1398406831803,413.8343155208464,370.2416824039583,134.28860754668352,116.06031197315312,1542410,138969.04840461919,79830.28549678565,219.68186905219537,70.68921893899405,414.4499918619792,423.5999959309896,406.15498860677087,431.89499918619794,397.00498453776044,441.04500325520837,388.7099812825521,-0.13657961679959754,-15.421293801221083,10.568558351706315,10.30787567670687,0.26068267499944575,66.34382159177153,30.253954239683573,398.12799682617185,392.03799896240236,361.16010009765625,332.1622494506836,IONEXCHANG.BO,2023-08-21 22:01:42.730691
40,2023-06-06 00:00:00+05:30,398.4949951171875,416.7900085449219,398.4949951171875,412.7699890136719,46130,0.0,0.0,2023-06-06,390.4467498779297,9.56383514921011,400.01058502713977,380.8829147287196,409.5744201763499,371.31907957950943,118.8526211210764,109.22166421356991,1472490,91125.74257651325,65045.594769827265,219.30545405126765,61.178566787849164,409.35166422526044,420.20833333333337,401.913319905599,427.6466776529948,391.05665079752606,438.50334676106775,383.6183064778646,-0.12186197608796105,-9.505837595137393,9.414430870474575,10.242705007957007,-0.8282741374824312,65.53446427588281,29.425518993473204,391.2549987792969,390.4467498779297,359.6609002685547,330.82434967041013,IONEXCHANG.BO,2023-08-21 22:01:42.730691
41,2023-06-05 00:00:00+05:30,385.17498779296875,399.20001220703125,385.17498779296875,393.69000244140625,33280,0.0,0.0,2023-06-05,388.79400024414065,8.271968562105874,397.06596880624653,380.52203168203476,405.3379373683524,372.2500631199289,11.044448272739578,72.70405473450434,1426360,62702.84058211467,58525.557818155765,219.05954086652946,54.876429670251134,392.68833414713544,400.2016805013021,386.1766560872396,406.71335856119794,378.66330973307294,414.2267049153646,372.1516316731771,-0.17707223806702233,-50.83898900710578,8.043814518492013,10.449773542327613,-2.4059590238355995,58.588041037475605,28.86858867050012,385.25,388.79400024414065,358.0281005859375,329.48209991455076,IONEXCHANG.BO,2023-08-21 22:01:42.730691
42,2023-06-02 00:00:00+05:30,390.0,390.0,381.4949951171875,383.6000061035156,19730,0.0,0.0,2023-06-02,388.39925079345704,8.214205781481446,396.6134565749385,380.1850450119756,404.8276623564199,371.97083923049416,-48.719313917197226,56.77850217405055,1393080,36220.563505061305,57481.23712716604,218.8992536983464,47.75172819146599,385.0316670735677,388.5683390299479,380.0633341471354,393.5366719563802,376.5266621907552,397.0733439127604,371.5583292643229,-0.11731009411565464,-76.68757461306748,8.046223858775534,11.05126329828651,-3.005039439510977,54.039303003774855,29.5072502435761,381.7099975585937,388.39925079345704,356.4216003417969,328.3282498168945,IONEXCHANG.BO,2023-08-21 22:01:42.730691
43,2023-06-01 00:00:00+05:30,381.0,387.19000244140625,381.0,385.2749938964844,12820,0.0,0.0,2023-06-01,387.31875,10.086617006760353,397.4053670067604,377.23213299323965,407.4919840135207,367.1455159864793,-57.72767430652938,58.359521555805614,1412810,23637.871062245278,62796.40553269222,218.80958218630502,48.73181128573322,384.4883321126302,387.9766642252604,381.78666178385413,390.67833455403644,378.29832967122394,394.16666666666663,375.5966593424479,-0.08796553340895771,-72.39658540894801,8.921107822282579,11.802523158164256,-2.8814153358816768,54.967220903923526,31.055644619905507,385.26099853515626,387.31875,355.0941003417969,327.2754998779297,IONEXCHANG.BO,2023-08-21 22:01:42.730691
44,2023-05-31 00:00:00+05:30,385.0,385.0,377.0050048828125,380.94000244140625,31430,0.0,0.0,2023-05-31,386.1490005493164,11.581845023364354,397.7308455726807,374.56715552595205,409.3126905960451,362.98531050258765,-83.07245341719234,52.41898240805727,1399990,57299.452623166515,72586.03915030394,218.75067103286304,49.525713132148354,380.98166910807294,384.95833333333337,376.96333821614587,388.97666422526044,372.98667399088544,392.95332845052087,368.96834309895837,-0.0327785234382176,-83.50198069109584,9.741095192582122,12.522876992134673,-2.781781799552551,53.02521121826621,33.01319274983678,387.0659973144531,386.1490005493164,353.5825006103516,326.2022998046875,IONEXCHANG.BO,2023-08-21 22:01:42.730691
45,2023-05-30 00:00:00+05:30,378.9049987792969,384.2699890136719,374.68499755859375,382.7449951171875,44130,0.0,0.0,2023-05-30,383.909001159668,16.09520460292927,400.0042057625973,367.8137965567387,416.0994103655265,351.71859195380944,-96.8212017986013,54.433069332498974,1431420,80833.79336779758,76407.68578208829,218.60983002554443,49.67944611712702,380.56666056315106,386.44832356770837,376.86333211263025,390.1516520182292,370.98166910807294,396.0333150227865,367.2783406575521,-0.009156755227780693,-78.87794455315812,11.07026613282062,13.218322442022812,-2.1480563092021914,53.92283696436929,35.346747563691565,391.8739990234375,383.909001159668,352.240400390625,325.18414978027346,IONEXCHANG.BO,2023-08-21 22:01:42.730691
46,2023-05-29 00:00:00+05:30,385.0,395.5799865722656,374.5,375.989990234375,95110,0.0,0.0,2023-05-29,381.2135009765625,20.272529797116896,401.4860307736794,360.9409711794456,421.7585605707963,340.6684413823287,-110.63471377919717,61.39605554748828,1387290,171140.17696651598,75301.15888566096,218.40946225641903,59.38362605931329,382.02332560221356,389.5466512044271,368.4666646321615,403.1033121744792,360.94333902994794,410.62663777669275,347.38667805989587,-0.05312209766713669,-96.18293814630455,12.426511980165401,13.75533651932336,-1.3288245391579583,51.03206247524043,37.93244662675227,394.9179992675781,381.2135009765625,350.7981005859375,324.0962496948242,IONEXCHANG.BO,2023-08-21 22:01:42.730691
47,2023-05-26 00:00:00+05:30,397.2950134277344,410.0,397.2900085449219,401.3550109863281,36270,0.0,0.0,2023-05-26,378.8092514038086,23.516440883823837,402.3256922876325,355.29281051998476,425.8421331714563,331.77636963616095,93.51974576293495,118.66800004159303,1482400,69666.78308307662,51341.40436544719,217.99377648396842,79.75627717239703,402.8816731770833,408.47333780924475,395.76334635416663,415.59166463216144,390.1716817220052,421.1833292643229,383.0533548990885,0.04982088473935285,-28.862533536783797,14.639902796207025,14.087542654112847,0.5523601420941784,65.31133703264285,40.717045617740716,399.7239990234375,378.8092514038086,349.68140075683596,322.97264984130857,IONEXCHANG.BO,2023-08-21 22:01:42.730691
48,2023-05-25 00:00:00+05:30,409.8399963378906,410.54998779296875,391.3800048828125,394.29998779296875,12400,0.0,0.0,2023-05-25,375.3317504882813,25.0963046724895,400.4280551607708,350.23544581579176,425.5243598332603,325.13914114330225,67.01925351222364,116.96998468744854,1446130,23399.035738490795,46760.05968603983,217.8091352842928,80.66693628223815,398.7433268229167,406.10664876302087,386.9366658528646,417.91330973307294,379.57334391276044,425.2766316731771,367.76668294270837,0.09002118304696065,-37.32417677750742,14.753826830625428,13.949452618589302,0.8043742120361266,62.6077243811921,40.94934032324018,397.5739990234375,375.3317504882813,348.4331005859375,321.658349609375,IONEXCHANG.BO,2023-08-21 22:01:42.730691
49,2023-05-24 00:00:00+05:30,398.0400085449219,413.5350036621094,397.9649963378906,404.9800109863281,29640,0.0,0.0,2023-05-24,371.7355010986328,27.29240192941132,399.02790302804414,344.4430991692215,426.32030495745545,317.1506972398102,167.71292968780207,145.45280808279276,1458530,57446.19909897788,52600.315672927085,217.7483544078178,84.82518159769832,405.4933369954427,413.02167765299475,397.451670328776,421.06334431966144,389.92332967122394,428.5916849772135,381.88166300455725,0.08185852068923288,-14.250007752028617,15.370954176603732,13.748359065580267,1.6225951110234647,70.30476022328975,41.1995038522396,394.27300415039065,371.7355010986328,347.43270080566407,320.41254974365233,IONEXCHANG.BO,2023-08-21 22:01:42.730691
50,2023-05-23 00:00:00+05:30,402.5,404.6400146484375,396.4150085449219,397.9649963378906,28160,0.0,0.0,2023-05-23,368.0389999389648,27.558034454829606,395.59703439379444,340.4809654841352,423.155068848624,312.92293102930563,145.42131301955862,142.5053340801541,1428890,53632.37597070779,51388.844816414385,217.59409977845286,85.71078763098157,399.67333984375,402.9316711425781,394.7066650390625,407.8983459472656,391.4483337402344,411.15667724609375,386.4816589355469,0.09345069682398267,-10.12327670632163,14.87635047662991,13.3427102878244,1.53364018880551,67.89574609054176,40.44590369649433,389.8820007324219,368.0389999389648,346.3006005859375,318.91059967041014,IONEXCHANG.BO,2023-08-21 22:01:42.730691
51,2023-05-22 00:00:00+05:30,383.114990234375,404.70001220703125,383.114990234375,400.0199890136719,27230,0.0,0.0,2023-05-22,364.4252502441406,28.15946002463453,392.58471026877515,336.2657902195061,420.7441702934097,308.10633019487153,128.7864646247272,144.54309886349273,1457050,52128.93434447184,50827.96202784103,217.452807017554,85.4024296986808,395.9449971516927,408.7750040690104,387.18998209635413,417.53001912434894,374.35997517903644,430.36002604166663,365.6049601236979,0.10728908767632964,-5.95460668066837,14.708581265878706,12.95930024062302,1.7492810252556854,69.42291625252227,40.15393548974765,388.3450012207031,364.4252502441406,345.327900390625,317.3977996826172,IONEXCHANG.BO,2023-08-21 22:01:42.730691
52,2023-05-19 00:00:00+05:30,389.8949890136719,394.3999938964844,380.8299865722656,390.6050109863281,15330,0.0,0.0,2023-05-19,361.01600036621096,27.747762768009025,388.76376313421997,333.26823759820195,416.511525902229,305.52047483019294,40.44323151562616,134.57967817059705,1429820,28656.91775443603,50502.718948683316,217.3144120677903,83.38550308272607,388.6116638183594,396.3933410644531,382.8233337402344,402.1816711425781,375.0416564941406,409.9633483886719,369.2533264160156,0.02765911156502002,-10.154590135919953,14.068542902743332,12.521979984309098,1.5465629184342333,66.1805465805825,39.839508190174314,387.0730041503906,361.01600036621096,344.18640075683595,315.9463998413086,IONEXCHANG.BO,2023-08-21 22:01:42.730691
53,2023-05-18 00:00:00+05:30,397.0350036621094,397.0350036621094,375.5,377.7950134277344,32370,0.0,0.0,2023-05-18,358.53625030517577,27.174461053188303,385.71071135836405,331.3617892519875,412.8851724115524,304.18732819879915,-0.15458818218620626,130.02317834821483,1414490,58525.94470586872,55964.16924724513,217.24042557698502,83.48495485727318,383.44333902994794,391.38667805989587,369.8516743977865,404.9783426920573,361.90833536783856,412.92168172200525,348.3166707356771,-0.009652777757297374,-27.724104256465516,13.96317279047139,12.135339254700538,1.8278335357708517,60.945613858064476,40.18540641020533,387.2239990234375,358.53625030517577,343.1811004638672,314.59559967041014,IONEXCHANG.BO,2023-08-21 22:01:42.730691
54,2023-05-17 00:00:00+05:30,390.2799987792969,394.82501220703125,381.9949951171875,383.0249938964844,13770,0.0,0.0,2023-05-17,356.4884994506836,27.189914098560006,383.6784135492436,329.2985853521236,410.8683276478036,302.1086712535636,43.03727571390837,154.7703371638994,1446860,25241.233043398643,55323.72538258923,217.095550928534,89.60987850361808,386.61500040690106,391.2350056966146,378.40498860677087,399.4450174967448,373.7849833170573,404.06502278645837,365.5749715169271,0.0266101312773963,-18.761038367990647,14.878294560977622,11.678380870757824,3.199913690219798,64.74504829933608,40.55791218562335,388.68499755859375,356.4884994506836,342.3975,313.5404995727539,IONEXCHANG.BO,2023-08-21 22:01:42.730691
55,2023-05-16 00:00:00+05:30,397.8949890136719,397.8949890136719,389.0,390.2799987792969,27440,0.0,0.0,2023-05-16,354.03300018310546,26.883104228446992,380.91610441155245,327.14989595465846,407.79920863999945,300.26679172621147,74.95706617217425,194.65632617121324,1460630,51251.89337259532,62844.34846738687,217.0318345466022,88.96833933805388,392.39166259765625,395.7833251953125,386.8883361816406,401.2866516113281,383.4966735839844,404.6783142089844,377.99334716796875,0.033821534968174846,-9.607610684004372,15.30942519734009,10.878402448202875,4.431022749137215,70.40241464605239,39.9698404644917,388.7760009765625,354.03300018310546,341.4741003417969,312.432099609375,IONEXCHANG.BO,2023-08-21 22:01:42.730691
56,2023-05-15 00:00:00+05:30,390.0050048828125,397.5,390.0050048828125,393.6600036621094,27340,0.0,0.0,2023-05-15,351.4764999389648,25.65794189670883,377.13444183567367,325.818558042256,402.79238373238246,300.1606161455472,85.16616013532041,225.35458456448697,1488070,51507.36279815335,65742.46224108475,216.89916265801068,94.71224814492749,393.72166951497394,397.4383341471354,389.9433390299479,401.21666463216144,386.22667439778644,404.9333292643229,382.4483439127604,0.07047813511207467,-4.869076032950398,14.914934013052346,9.77064676091857,5.1442872521337755,73.1662616965368,38.13760713707889,386.6630004882812,351.4764999389648,340.3781005859375,311.2928497314453,IONEXCHANG.BO,2023-08-21 22:01:42.730691
57,2023-05-12 00:00:00+05:30,385.7200012207031,394.8999938964844,382.5,391.3599853515625,19470,0.0,0.0,2023-05-12,348.67375030517576,23.801958979894838,372.4757092850706,324.8717913252809,396.2776682649654,301.0698323453861,86.4321415914724,239.4853524267707,1460730,36466.31528852449,69301.23710181759,216.76419111102223,92.00578965014489,389.58665974934894,396.6733194986979,384.2733256022135,401.9866536458333,377.18666585286456,409.07331339518225,371.87333170572913,0.08729425171061306,-4.641721997670316,13.851002636936357,8.484574947885125,5.366427689051232,72.48369834653565,35.98540404647472,385.0900024414062,348.67375030517576,339.20930053710936,310.2631497192383,IONEXCHANG.BO,2023-08-21 22:01:42.730691
58,2023-05-11 00:00:00+05:30,380.6050109863281,391.8999938964844,380.6050109863281,385.1000061035156,32390,0.0,0.0,2023-05-11,345.6887512207031,21.828615087401097,367.5173663081042,323.86013613330203,389.3459813955053,302.03152104590094,91.94261425844311,255.4621491425717,1441260,59694.45416800335,77509.96755514087,216.66919767196623,84.1948050719755,385.8683369954427,391.13166300455725,379.836680094401,397.16331990559894,374.57335408528644,402.4266459147135,368.54169718424475,0.05674605559981893,-9.287557931135307,12.50550135057,7.142968025622318,5.362533324947682,70.5932229574863,33.75976286908089,379.21600341796875,345.6887512207031,337.9600006103516,309.2401498413086,IONEXCHANG.BO,2023-08-21 22:01:42.730691
59,2023-05-10 00:00:00+05:30,380.2550048828125,386.0,375.19500732421875,383.4800109863281,43380,0.0,0.0,2023-05-10,343.12575073242186,19.879964585932612,363.0057153183545,323.24578614648925,382.8856799042871,303.36582156055664,97.20383698296386,261.7837352519914,1408870,79612.59695065062,81963.84590192525,216.51660993646246,85.64631115163591,381.55833943684894,387.92167154947913,377.1166788736979,392.3633321126302,370.7533467610677,398.7266642252604,366.31168619791663,0.05971559706349067,-11.498552007966977,11.209887790930281,5.802334694385398,5.407553096544883,70.09957848922326,31.469123624840577,374.57200317382814,343.12575073242186,336.7140002441406,308.32239990234376,IONEXCHANG.BO,2023-08-21 22:01:42.730691
60,2023-05-09 00:00:00+05:30,385.79998779296875,391.9049987792969,371.3349914550781,379.7149963378906,78090,0.0,0.0,2023-05-09,340.6987503051758,17.516579183864923,358.2153294890407,323.1821711213109,375.73190867290566,305.6655919374459,123.8074494691927,286.8717133068108,1365490,141906.6292142627,82551.6581397439,216.3137831840988,84.69585000542511,380.98499552408856,390.634999593099,370.06499226888025,401.5550028483073,360.4149881998698,411.20500691731775,349.4949849446615,-0.012248837885805787,-16.637101500222208,9.540808013373123,4.450446420249177,5.090361593123946,68.9741115961425,29.219475202701823,365.10400390625,340.6987503051758,335.79419982910156,307.4671997070312,IONEXCHANG.BO,2023-08-21 22:01:42.730691
61,2023-05-08 00:00:00+05:30,362.0,389.3999938964844,362.0,385.7950134277344,59080,0.0,0.0,2023-05-08,338.4322509765625,14.946634651619636,353.37888562818216,323.48561632494284,368.32552027980176,308.53898167332324,170.96789067864952,305.1894152315985,1443580,109080.37152905553,67712.9153711142,215.95567366727778,79.63688269159897,379.06500244140625,396.1300048828125,368.7300109863281,406.4649963378906,351.6650085449219,423.5299987792969,341.33001708984375,-0.023990578531947204,-5.0942998334934,7.63011931637152,3.17785602196819,4.45226329440333,73.09429391896477,26.796776901937008,354.9280029296875,338.4322509765625,334.6911999511719,306.4724996948242,IONEXCHANG.BO,2023-08-21 22:01:42.730691
62,2023-05-05 00:00:00+05:30,366.0,368.5350036621094,353.5,361.989990234375,54710,0.0,0.0,2023-05-05,336.33325042724607,10.110605533889645,346.44385596113574,326.2226448933564,356.55446149502535,316.1120393594668,187.16709960248087,207.73880567985518,1384500,94779.14536458047,57371.051331628856,215.6735986420603,76.87911114500366,361.34166463216144,369.1833292643229,354.1483256022135,376.3766682942708,346.30666097005206,384.21833292643225,339.11332194010413,-0.1262858543840952,-13.11626097853189,4.4694613573262245,2.0647901983673576,2.404671158958867,65.62797424688583,24.275886406695847,343.35,336.33325042724607,333.349599609375,305.50579956054685,IONEXCHANG.BO,2023-08-21 22:01:42.730691
63,2023-05-04 00:00:00+05:30,341.8999938964844,367.0,338.1700134277344,361.8800048828125,66520,0.0,0.0,2023-05-04,335.07225036621094,8.118797425079363,343.1910477912903,326.95345294113156,351.30984521636964,318.83465551605224,230.86917130877072,177.1465042552972,1329790,115203.67677442465,48019.02782339095,215.44821935208756,74.65344234695998,355.68333943684894,373.1966654459635,344.3666788736979,384.51332600911456,326.8533528645833,402.02665201822913,315.53669230143225,-0.17197328479245685,-10.586159724991544,2.6995763855107953,1.4636224086276406,1.2359539768831547,65.58700733431127,22.467438952630395,337.31300048828126,335.07225036621094,332.5767999267578,304.9047998046875,IONEXCHANG.BO,2023-08-21 22:01:42.730691
64,2023-05-03 00:00:00+05:30,332.0,336.9750061035156,326.1050109863281,336.1400146484375,21140,0.0,0.0,2023-05-03,334.0402496337891,5.3825613330879545,339.422810966877,328.6576883007011,344.805372299965,323.2751269676132,22.453655657280027,-1.4634788888007737,1263270,34007.500223272946,31222.86558563252,215.17345774640359,65.43513878846949,333.07334391276044,340.04167683919275,329.17168172200525,343.94333902994794,322.20334879557294,350.91167195638025,318.30168660481775,-0.25474847175502974,-45.905399237248815,0.4035165109841614,1.154633914406852,-0.7511174034226906,53.560227372447685,20.60146459679505,329.41199951171876,334.0402496337891,331.72659973144533,304.2564498901367,IONEXCHANG.BO,2023-08-21 22:01:42.730691
65,2023-05-02 00:00:00+05:30,330.0050048828125,332.4949951171875,326.3999938964844,328.8349914550781,7820,0.0,0.0,2023-05-02,333.50799865722655,5.681984008482395,339.18998266570895,327.82601464874415,344.87196667419136,322.14403064026175,-41.853688903728695,-34.23719716155685,1242130,12306.492455127996,30526.706926222414,215.101280916783,60.93330010669387,329.2433268229167,332.086659749349,325.99165852864587,335.3383280436198,323.14832560221356,338.1816609700521,319.89665730794275,-0.3012759624108694,-68.47964676547475,-0.007250752425704832,1.3424132652625247,-1.3496640176882295,48.84575908286349,20.987780319543123,328.393994140625,333.50799865722655,331.34729919433596,303.79954986572267,IONEXCHANG.BO,2023-08-21 22:01:42.730691
66,2023-04-28 00:00:00+05:30,332.3399963378906,335.1400146484375,325.3949890136719,327.9049987792969,21500,0.0,0.0,2023-04-28,333.33199920654295,5.885229404501806,339.21722861104473,327.44676980204116,345.1024580155466,321.5615403975393,-48.22947204209429,-33.61720381832803,1234310,33739.295441953705,35081.76054399602,215.0761725001219,65.96253234566547,329.48000081380206,333.56501261393225,323.81998697916663,339.2250264485677,319.73497517903644,343.3100382486979,314.074961344401,-0.31632428984098765,-73.78766697732215,0.1863866377428849,1.679829269684582,-1.4934426319416971,48.224825580103634,21.976183610543718,327.76499633789064,333.33199920654295,330.8996990966797,303.3033499145508,IONEXCHANG.BO,2023-08-21 22:01:42.730691
67,2023-04-27 00:00:00+05:30,325.9150085449219,332.2799987792969,318.635009765625,331.80499267578125,11850,0.0,0.0,2023-04-27,333.56199951171874,5.750314228920445,339.3123137406392,327.8116852827983,345.0626279695596,322.06137105387785,-87.37423937191424,-51.123131665274705,1255810,18817.01706944275,35417.376819506586,215.0076480472777,58.277340251831795,327.5733337402344,336.51165771484375,322.8666687011719,341.21832275390625,313.9283447265625,350.1566467285156,309.2216796875,-0.2204722132623056,-62.75982879431155,0.5230673229562512,2.0531899276700063,-1.530122604713755,50.61736994306223,23.04061792392897,328.5509948730469,333.56199951171874,330.64539916992186,302.7975,IONEXCHANG.BO,2023-08-21 22:01:42.730691
68,2023-04-26 00:00:00+05:30,330.5199890136719,331.0,320.5,322.375,20390,0.0,0.0,2023-04-26,333.75525054931643,5.7531039277808675,339.50835447709727,328.0021466215356,345.26145840487817,322.2490426937547,-169.4959054994998,-76.12544991196884,1243960,31457.781593884592,39567.46675702254,214.9685384120683,60.98448565189921,324.625,328.75,318.25,335.125,314.125,339.25,307.75,-0.25551447561597335,-94.54386575636372,0.562105054023391,2.4357205788484446,-1.8736155248250537,44.427016452394014,24.547245851246267,330.3919982910156,333.75525054931643,329.75609924316404,302.20765014648435,IONEXCHANG.BO,2023-08-21 22:01:42.730691
69,2023-04-25 00:00:00+05:30,326.760009765625,334.114990234375,326.0,331.04998779296875,11180,0.0,0.0,2023-04-25,334.8662506103516,5.582725049619384,340.448975659971,329.2835255607322,346.0317007095904,323.7008005111128,-123.99185579851255,-27.463014128581,1264350,17712.70508411603,41594.88804780703,214.90661849305047,66.41343257881768,330.38832600911456,334.77665201822913,326.66166178385413,338.50331624348956,322.27333577473956,342.89164225260413,318.54667154947913,-0.21298647109043525,-79.14591339254292,1.5322798360494403,2.9041244600547076,-1.3718446240052673,49.7513990128248,25.9162314819682,333.2849975585938,334.8662506103516,329.07159912109375,301.6231500244141,IONEXCHANG.BO,2023-08-21 22:01:42.730691
70,2023-04-24 00:00:00+05:30,333.9949951171875,335.989990234375,324.7749938964844,325.69000244140625,12710,0.0,0.0,2023-04-24,335.3310012817383,5.634959222013311,340.9659605037516,329.69604205972496,346.6009197257649,324.06108283771164,-190.96579260582442,-42.252797070015504,1253170,19810.684881549994,47565.43378872978,214.86989396097206,67.75353767028926,328.8183288574219,332.8616638183594,321.64666748046875,340.0333251953125,317.60333251953125,344.07666015625,310.4316711425781,-0.24714543933284164,-96.95909386413032,1.8968263298502848,3.2470856160560246,-1.3502592862057399,46.03892240070112,26.605634759813384,333.8580017089844,335.3310012817383,328.2553991699219,301.024700012207,IONEXCHANG.BO,2023-08-21 22:01:42.730691
71,2023-04-21 00:00:00+05:30,342.3999938964844,342.3999938964844,330.43499755859375,331.8349914550781,42090,0.0,0.0,2023-04-21,335.6030014038086,5.264190716118422,340.86719211992704,330.33881068769017,346.1313828360455,325.07461997157174,-73.81274933190232,11.868455762866844,1265880,66842.18182367865,54504.12101552472,214.83004286100999,67.26140614834804,334.88999430338544,339.3449910481771,327.3799947102865,346.85499064127606,322.9249979654948,351.30998738606775,315.41499837239587,-0.19747368672926044,-70.3313550570929,2.8626938629029723,3.584650437607459,-0.7219565747044867,49.96564427243534,27.348069059031275,336.55,335.6030014038086,327.5259991455078,300.38609985351565,IONEXCHANG.BO,2023-08-21 22:01:42.730691
72,2023-04-20 00:00:00+05:30,337.0050048828125,350.9949951171875,334.2650146484375,341.010009765625,87910,0.0,0.0,2023-04-20,334.67950134277345,7.217655868774956,341.8971572115484,327.4618454739985,349.11481308032336,320.24418960522354,89.65390370585374,73.84312837855505,1307970,143467.95872032462,51419.605813486225,214.6905420176911,72.22342035777913,342.0900065104167,349.91499837239587,333.18501790364587,358.8199869791667,325.3600260416667,366.64497884114587,316.45503743489587,-0.15740760362291278,-42.31174999161221,3.4507345309511948,3.765139581283581,-0.3144050503323861,56.676845988653305,27.313877213569818,337.70400390625,334.67950134277345,326.3944995117188,299.6469500732422,IONEXCHANG.BO,2023-08-21 22:01:42.730691
73,2023-04-19 00:00:00+05:30,334.0350036621094,340.0350036621094,334.0350036621094,336.8399963378906,13850,0.0,0.0,2023-04-19,333.490251159668,8.03313635992663,341.5233875195946,325.45711479974136,349.55652387952125,317.42397843981473,-30.594087847432686,34.93482995412162,1220060,22326.61787061097,28407.517586776627,214.375197657992,51.26134309401231,336.9700012207031,339.9049987792969,333.9049987792969,342.9700012207031,330.9700012207031,345.9049987792969,327.9049987792969,-0.09357771435905599,-55.04656156452821,3.2477206355052317,3.8437408438666774,-0.5960202083614456,54.07496779903483,26.669236040263662,335.83400268554686,333.490251159668,325.1950994873047,298.7322499084473,IONEXCHANG.BO,2023-08-21 22:01:42.730691
74,2023-04-18 00:00:00+05:30,337.5050048828125,340.2449951171875,332.3349914550781,333.9150085449219,11310,0.0,0.0,2023-04-18,332.13300170898435,9.581354235586899,341.71435594457125,322.55164747339745,351.29571018015815,312.97029323781055,-77.10975179217242,25.74780856291246,1206210,18073.741092359935,29927.742515818038,214.32701304344147,44.80145435732921,335.4983317057292,338.66167195638025,330.75166829427087,343.40833536783856,327.5883280436198,346.5716756184896,322.8416646321615,-0.0543695164509721,-63.97918709249311,3.3492765821656576,3.9927458959570385,-0.643469313791381,52.20868261062373,26.947515105368602,335.2340026855469,332.13300170898435,323.84799926757813,297.8501998901367,IONEXCHANG.BO,2023-08-21 22:01:42.730691
75,2023-04-17 00:00:00+05:30,339.5,341.0,335.5050048828125,339.1499938964844,12060,0.0,0.0,2023-04-17,331.1290008544922,10.401735450699658,341.53073630519185,320.7272654037925,351.93247175589147,310.3255299530929,21.028948950900467,51.02701763682059,1217520,19574.407865983398,32891.24287168256,214.2885771398588,51.01583714878033,338.5516662597656,341.59832763671875,336.10333251953125,344.0466613769531,333.0566711425781,347.09332275390625,330.60833740234375,-0.05154670386893785,-47.992055829142544,3.716619333149538,4.153613224404884,-0.43699389125534616,55.99308296235796,27.24720025240469,335.4390014648437,331.1290008544922,322.39679931640626,297.0176498413086,IONEXCHANG.BO,2023-08-21 22:01:42.730691
76,2023-04-13 00:00:00+05:30,333.55499267578125,340.0,331.6549987792969,337.6050109863281,23470,0.0,0.0,2023-04-13,329.70300140380857,11.170753461702825,340.8737548655114,318.53224794210576,352.0445083272142,307.36149448040294,1.518973858888133,38.52824515844215,1205460,37920.275652050055,36220.45162310735,214.24577048064526,57.10660977892935,336.4200032552083,341.18500773111975,332.84000651041663,344.76500447591144,328.0750020345052,349.5300089518229,324.4950052897135,-0.10208709972348887,-52.71028194164334,3.6150502170864343,4.26286169721872,-0.6478114801322858,55.103260236525585,27.08190931332333,334.4860046386719,329.70300140380857,320.6905993652344,296.0758999633789,IONEXCHANG.BO,2023-08-21 22:01:42.730691
77,2023-04-12 00:00:00+05:30,332.0,340.67498779296875,330.7099914550781,331.6600036621094,14590,0.0,0.0,2023-04-12,328.830500793457,11.202505306062829,340.03300609951987,317.6279954873942,351.23551140558266,306.4254901813314,-18.23111202149868,27.23709313274879,1181990,23157.832322659797,35795.49561587167,214.16341160696277,57.20034411100744,334.34832763671875,337.9866638183594,328.02166748046875,344.3133239746094,324.3833312988281,347.95166015625,318.0566711425781,-0.15739354984780918,-54.45903438081023,3.582394889686327,4.424814567251791,-0.8424196775654638,51.59157952219033,26.98718562942884,335.7280029296875,328.830500793457,318.91209899902344,295.199949798584,IONEXCHANG.BO,2023-08-21 22:01:42.730691
78,2023-04-11 00:00:00+05:30,334.82000732421875,337.55499267578125,333.0,333.8399963378906,9590,0.0,0.0,2023-04-11,329.1945007324219,11.415530500363355,340.6100312327852,317.77897023205855,352.0255617331486,306.36343973169517,-16.14972623729363,34.443044228259076,1196580,15321.683471224604,38954.91143917463,214.1146265891826,61.08554462289078,334.79832967122394,336.5966593424479,332.04166666666663,339.3533223470052,330.2433369954427,341.15165201822913,327.4866739908854,-0.14598192565132076,-44.23055070308874,4.071800610177661,4.635419486643157,-0.5636188764654957,53.001995711673274,26.885175508311697,336.75,329.1945007324219,317.3170989990234,294.36919982910155,IONEXCHANG.BO,2023-08-21 22:01:42.730691
79,2023-04-10 00:00:00+05:30,335.0,354.0,332.1000061035156,334.94000244140625,29070,0.0,0.0,2023-04-10,329.7165008544922,11.868832104214892,341.5853329587071,317.8476687502773,353.454165062922,305.9788366460624,42.82980439751824,70.16763257853675,1206170,46597.3868970235,44863.21843116214,214.08194303781806,65.88332421831973,340.34666951497394,348.59333292643225,326.6933390299479,362.2466634114583,318.44667561848956,370.49332682291663,304.7933451334635,-0.16794145569403168,-41.09517131642618,4.421998040158883,4.77632420575953,-0.35432616560064734,53.68971477815104,27.012587007347143,338.22999877929686,329.7165008544922,315.76519897460935,293.4344998168945,IONEXCHANG.BO,2023-08-21 22:01:42.730691
80,2023-04-06 00:00:00+05:30,350.9949951171875,350.9949951171875,332.04998779296875,334.385009765625,27060,0.0,0.0,2023-04-06,330.38825073242185,12.541182682429332,342.9294334148512,317.8470680499925,355.4706160972805,305.3058853675632,23.21861989332096,66.70786824837334,1177100,43303.610154021466,44429.6763146968,213.98184982642917,57.063091244478066,339.14333089192706,346.2366739908854,327.29166666666663,358.0883382161458,320.1983235677083,365.18168131510413,308.3466593424479,-0.12419376472784902,-39.63996744160222,4.695022966225622,4.864905747159692,-0.16988278093406972,53.40903841716443,27.14979939092378,336.34099731445315,330.38825073242185,314.3706988525391,292.52219985961915,IONEXCHANG.BO,2023-08-21 22:01:42.730691
81,2023-04-05 00:00:00+05:30,339.8999938964844,354.864990234375,337.9750061035156,343.81500244140625,33350,0.0,0.0,2023-04-05,331.13549957275393,13.218789767991169,344.3542893407451,317.9167098047628,357.57307910873624,304.6979200367716,96.33699768294998,101.66110787792358,1204160,54874.449129301385,44711.19285486563,213.88895648401908,62.614995567352416,345.5516662597656,353.1283264160156,336.23834228515625,362.441650390625,328.66168212890625,370.018310546875,319.3483581542969,-0.07101669157775899,-21.38777217154826,5.028099264392154,4.9073764423932085,0.12072282199894513,59.11298706158367,27.5107043340875,334.52699584960936,331.13549957275393,313.17169860839846,291.58459976196286,IONEXCHANG.BO,2023-08-21 22:01:42.730691
82,2023-04-03 00:00:00+05:30,348.0,348.0,334.125,336.7699890136719,17520,0.0,0.0,2023-04-03,331.09199981689454,13.176231574190426,344.26823139108495,317.91576824270413,357.4444629652754,304.73953666851367,57.70438942066417,74.59526370227957,1170810,28236.898747575873,42170.37878625668,213.76529794239434,52.35356390469523,339.6316630045573,345.1383260091146,331.2633260091146,353.5066630045573,325.7566630045573,359.0133260091146,317.3883260091146,-0.023630391039971898,-34.68239326267687,4.449643136181521,4.877195736893472,-0.4275526007119508,55.83887355589131,27.21374717648772,332.26499633789064,331.09199981689454,311.6440985107422,290.54544967651367,IONEXCHANG.BO,2023-08-21 22:01:42.730691
83,2023-03-31 00:00:00+05:30,333.1050109863281,344.0,333.1050109863281,341.239990234375,25220,0.0,0.0,2023-03-31,331.27050018310547,13.280966043960978,344.55146622706644,317.9895341391445,357.8324322710274,304.7085680951835,71.17006366807237,75.84705553684357,1188330,41186.46467946592,45653.748795926884,213.70376537495557,46.58971751596653,339.4483337402344,345.7916564941406,334.89666748046875,350.34332275390625,328.5533447265625,356.6866455078125,324.0016784667969,-0.010731064266486573,-25.98504492874876,4.335452246943646,4.98408388707146,-0.6486316401278138,58.601691194084374,27.342470790563244,332.0450012207031,331.27050018310547,310.32309875488284,289.41469985961913,IONEXCHANG.BO,2023-08-21 22:01:42.730691
84,2023-03-29 00:00:00+05:30,329.4949951171875,329.6099853515625,322.1199951171875,325.4949951171875,15570,0.0,0.0,2023-03-29,331.13925018310545,13.189915192929712,344.3291653760352,317.9493349901757,357.51908056896485,304.75941979724604,-11.378522623941091,20.91320855508894,1163110,24253.947863163183,46770.56982504212,213.6118600343575,41.55091603468877,325.7416585286458,329.36332194010413,321.87333170572913,333.2316487630208,318.2516682942708,336.85331217447913,314.38334147135413,-0.024737447056069787,-56.62031778190392,3.6833372420631463,5.146241797103413,-1.462904555040267,50.61157116859442,27.757072759411425,332.71600341796875,331.13925018310545,309.0213989257812,288.18699996948243,IONEXCHANG.BO,2023-08-21 22:01:42.730691
85,2023-03-28 00:00:00+05:30,334.5,334.5,323.3999938964844,325.31500244140625,17250,0.0,0.0,2023-03-28,331.7072509765625,13.178657389926126,344.8859083664886,318.52859358663636,358.0645657564147,305.34993619671025,9.706641978926315,32.725616308644746,1147540,26856.085032258296,52399.725315511845,213.56206241234506,40.31189899314944,327.7383321126302,332.076670328776,320.9766642252604,338.8383382161458,316.63832600911456,343.17667643229163,309.87665812174475,0.0014747975435254815,-56.970532227388816,4.343267743688159,5.511967935863479,-1.1687001921753204,50.51014032920254,29.355273822698635,335.6860046386719,331.7072509765625,308.05839904785154,287.0271000671387,IONEXCHANG.BO,2023-08-21 22:01:42.730691
86,2023-03-27 00:00:00+05:30,333.1000061035156,335.6199951171875,323.79998779296875,332.5050048828125,55050,0.0,0.0,2023-03-27,332.2155014038086,13.11501692163403,345.33051832544265,319.1004844821746,358.4455352470767,305.98546756054054,33.59003347076554,46.31674167569767,1164790,87600.18472319603,58785.63538632522,213.50692865004154,40.52058024518369,330.64166259765625,337.48333740234375,325.663330078125,342.461669921875,318.8216552734375,349.3033447265625,313.84332275390625,0.05892101582428018,-42.9808367738231,5.14009822908514,5.804142983907308,-0.664044754822168,54.67505117398494,30.943921859877747,336.8490051269531,332.2155014038086,307.04599914550784,285.8419000244141,IONEXCHANG.BO,2023-08-21 22:01:42.730691
87,2023-03-24 00:00:00+05:30,343.45001220703125,343.70001220703125,332.0050048828125,335.6700134277344,26810,0.0,0.0,2023-03-24,332.35125122070315,13.132211011317926,345.48346223202105,319.21904020938524,358.615673243339,306.0868291980673,77.70074298174296,69.85967354548056,1219840,43068.4132828071,51581.99805210752,213.3192775359783,48.5921096758037,337.12501017252606,342.2450154622396,330.55000813802087,348.8200174967448,325.4300028483073,353.94002278645837,318.8550008138021,0.06571154264588537,-36.82263223742378,5.374296136930866,5.97015417261285,-0.5958580356819843,56.5852385641819,32.615525591193006,333.0210021972656,332.35125122070315,305.921298828125,284.5797999572754,IONEXCHANG.BO,2023-08-21 22:01:42.730691
88,2023-03-23 00:00:00+05:30,343.0,348.0249938964844,338.9599914550781,344.5950012207031,27960,0.0,0.0,2023-03-23,332.0125,13.129478429806234,345.1419784298062,318.88302157019376,358.27145685961244,305.75354314038754,114.69535496931425,91.09110693308091,1246650,46110.056269156674,53710.394244432624,213.22524223015193,51.98825723700092,343.85999552408856,348.759999593099,339.69499715169275,352.9249979654948,334.7949930826823,357.82500203450525,330.6299947102865,0.11130853269488995,-19.457149795945753,5.281006311689055,6.1191186815333465,-0.8381123698442918,62.2696299011283,33.59087864824682,329.3320007324219,332.0125,304.57689880371095,283.3081498718262,IONEXCHANG.BO,2023-08-21 22:01:42.730691
89,2023-03-22 00:00:00+05:30,335.7950134277344,354.5950012207031,334.9800109863281,340.3450012207031,58530,0.0,0.0,2023-03-22,330.9227493286133,12.933190241464132,343.85593957007745,317.98955908714913,356.78912981154156,305.05636884568503,106.71174733412873,91.26291213345641,1218690,95333.91153047072,55610.47873825161,213.11985976456165,49.86142040758073,343.3066711425781,351.6333312988281,332.0183410644531,362.9216613769531,323.6916809082031,371.2483215332031,312.4033508300781,-0.02937197018030769,-27.7264384592227,4.202575748069023,6.328646773994419,-2.1260710259253957,60.51471742978277,33.86857051028949,322.352001953125,330.9227493286133,303.1643988037109,281.9526498413086,IONEXCHANG.BO,2023-08-21 22:01:42.730691
90,2023-03-21 00:00:00+05:30,316.06500244140625,335.989990234375,312.2550048828125,331.1300048828125,25050,0.0,0.0,2023-03-21,330.7799987792969,12.839132317431726,343.6191310967286,317.94086646186514,356.45826341416034,305.1017341444334,6.140806727917363,47.581199636480605,1160160,39696.82544979728,45679.620540196825,212.9058580997507,41.79943418945172,326.4583333333333,340.66166178385413,316.92667643229163,350.1933186848958,302.7233479817708,364.39664713541663,293.19169108072913,0.08394722566376847,-43.91566361041422,3.1767430454333407,6.8601645304757675,-3.6834214850424267,56.43750688595305,34.167623284796974,317.05,330.7799987792969,301.9877990722656,280.5506498718262,IONEXCHANG.BO,2023-08-21 22:01:42.730691
91,2023-03-20 00:00:00+05:30,319.42498779296875,325.0,307.3299865722656,313.364990234375,16580,0.0,0.0,2023-03-20,330.4517486572266,12.913419717040574,343.36516837426717,317.538328940186,356.2785880913077,304.62490922314544,-57.32127641795913,19.94531480043782,1135110,24864.773802079653,47175.31931279671,212.82068697821197,45.861535383544954,315.2316589355469,323.1333312988281,305.46331787109375,332.90167236328125,297.5616455078125,340.8033447265625,287.7933044433594,0.059881251463386936,-79.58839253213844,2.7227713754050455,7.781019901736373,-5.058248526331328,46.54910848168793,35.77929308353547,312.95,330.4517486572266,300.93609924316405,279.24364974975583,IONEXCHANG.BO,2023-08-21 22:01:42.730691
92,2023-03-17 00:00:00+05:30,310.0050048828125,320.0,306.3800048828125,317.2250061035156,38140,0.0,0.0,2023-03-17,330.71924896240233,12.592258859105618,343.311507821508,318.1269901032967,355.90376668061356,305.5347312441911,-72.00290643632492,20.310969142201067,1151690,57902.539974615196,52752.95569047597,212.77272163279358,48.027340424519316,314.5350036621094,322.69000244140625,309.07000732421875,328.1549987792969,300.9150085449219,336.30999755859375,295.45001220703125,0.03024212481534834,-71.83735475038698,3.849880734830151,9.045582033319205,-5.195701298489054,48.78264882173239,38.52421699954655,314.30800170898436,330.71924896240233,300.2348992919922,278.12739990234377,IONEXCHANG.BO,2023-08-21 22:01:42.730691
93,2023-03-16 00:00:00+05:30,311.9949951171875,312.6449890136719,303.20001220703125,309.69500732421875,45100,0.0,0.0,2023-03-16,331.02549896240237,12.318300568555859,343.3437995309582,318.7071983938465,355.6621000995141,306.38889782529066,-120.53308033103144,7.423623147874088,1113550,66843.66559580865,51465.55961944115,212.65796941952536,47.79521586325975,308.5133361816406,313.82666015625,304.3816833496094,317.95831298828125,299.068359375,323.2716369628906,294.93670654296875,0.0067814518327948235,-86.95783793323635,4.854437658878169,10.344507357941467,-5.490069699063298,43.90722534501603,40.97061177191033,318.6510009765625,331.02549896240237,299.4568994140625,276.99754989624023,IONEXCHANG.BO,2023-08-21 22:01:42.730691
94,2023-03-15 00:00:00+05:30,317.2850036621094,320.6300048828125,310.2550048828125,313.8349914550781,18250,0.0,0.0,2023-03-15,331.5092483520508,11.605921074964675,343.1151694270155,319.90332727708613,354.72109050198014,308.29740620212146,-134.14850572760795,24.329828025590018,1158650,27410.297230108696,47621.03312534927,212.5317456731403,44.62723188180166,314.9066670735677,319.5583292643229,309.1833292643229,325.2816670735677,304.5316670735677,329.9333292643229,298.8083292643229,0.018123629128864848,-81.63627631524542,6.808613635978361,11.71702478270729,-4.908411146728929,46.15001073318818,42.76148911188555,325.5679992675781,331.5092483520508,298.8220989990234,275.90929977416994,IONEXCHANG.BO,2023-08-21 22:01:42.730691
95,2023-03-14 00:00:00+05:30,321.5,328.135009765625,305.0249938964844,310.6300048828125,53120,0.0,0.0,2023-03-14,331.67624816894534,11.359634367046016,343.03588253599133,320.31661380189934,354.3955169030374,308.9569794348533,-209.51909145275962,25.422779316112717,1140400,78967.97143683994,52673.71709915941,212.47839475699269,31.840771061687747,314.59666951497394,324.1683451334635,301.0583292643229,337.70668538411456,291.4866536458333,347.27836100260413,277.94831339518225,0.07590318758308774,-88.31681026942613,8.799664538681384,12.94412756938952,-4.1444630307081365,44.10062538165293,45.32812255933209,332.4760009765625,331.67624816894534,298.1278991699219,274.8024998474121,IONEXCHANG.BO,2023-08-21 22:01:42.730691
96,2023-03-13 00:00:00+05:30,337.1449890136719,341.0,316.45001220703125,320.1549987792969,33720,0.0,0.0,2023-03-13,331.46749725341795,11.796700491597944,343.2641977450159,319.67079676182,355.0608982366138,307.8740962702221,-178.86588544344784,53.17542517721729,1193520,51665.110790467945,46100.15351473928,212.32770720150498,48.4328740873751,325.8683369954427,335.28666178385413,310.7366739908854,350.41832478841144,301.31834920247394,359.8366495768229,286.18668619791663,0.027519800814131183,-86.43421373869243,11.531127409279236,13.980243327066553,-2.449115917787317,49.28178168025434,48.09218934888989,340.21599731445315,331.46749725341795,297.39439880371094,273.7690997314453,IONEXCHANG.BO,2023-08-21 22:01:42.730691
97,2023-03-10 00:00:00+05:30,343.6000061035156,343.6000061035156,336.5050048828125,338.94000244140625,17740,0.0,0.0,2023-03-10,331.21924743652346,12.095741667992069,343.3149891045155,319.1235057685314,355.4107307725076,307.02776410053934,-8.24109405745191,87.47496126076359,1227240,28775.703881472804,44708.914195807105,212.22252031295056,55.405461216009755,339.6816711425781,342.85833740234375,335.7633361816406,346.77667236328125,332.586669921875,349.9533386230469,328.6683349609375,0.13359433888436303,-36.99999357524671,13.915445967295739,14.592522306513382,-0.6770763392176438,62.805049782546114,51.37310832440919,344.7739990234375,331.21924743652346,296.26389892578123,272.6465496826172,IONEXCHANG.BO,2023-08-21 22:01:42.730691
98,2023-03-09 00:00:00+05:30,349.69000244140625,353.0,343.30499267578125,344.2799987792969,27600,0.0,0.0,2023-03-09,328.63924713134764,15.411005894821981,344.0502530261696,313.22824123652566,359.4612589209916,297.8172353417037,92.55841707502496,108.84983220011713,1244980,45474.75697208481,48692.216774390676,212.15745366404744,50.45906303526247,346.8616638183594,350.4183349609375,340.72332763671875,356.5566711425781,337.1666564941406,360.11334228515625,331.0283203125,0.10902008630964483,-22.596532905449273,14.907217912468184,14.761791391317793,0.1454265211503909,67.70809192851837,51.95366103936026,345.0539978027344,328.63924713134764,294.8835986328125,271.25044967651365,IONEXCHANG.BO,2023-08-21 22:01:42.730691
99,2023-03-08 00:00:00+05:30,347.7550048828125,350.3999938964844,342.3699951171875,348.375,14050,0.0,0.0,2023-03-08,325.832746887207,17.39585642452547,343.22860331173246,308.43689046268156,360.62445973625796,291.04103403815606,115.79366465054643,116.47839679155243,1272580,23424.634213969442,49496.581724967145,212.05182023274946,55.18989343320902,347.04832967122394,351.7266642252604,343.6966654459635,355.0783284505208,339.01833089192706,359.75666300455725,335.66666666666663,0.12665045973717215,-6.919689153837405,15.425210870927572,14.725434761030193,0.6997761098973783,71.6987115134968,51.14659030829902,343.92099609375,325.832746887207,293.3923986816406,269.7926496887207,IONEXCHANG.BO,2023-08-21 22:01:42.730691
100,2023-03-06 00:00:00+05:30,348.0,350.8999938964844,342.1050109863281,349.3299865722656,18350,0.0,0.0,2023-03-06,322.9259963989258,18.266172037021747,341.19216843594756,304.65982436190404,359.4583404729693,286.3936523248823,159.1689342254585,126.15169410668344,1286630,30677.604751510586,56014.568602716565,211.996314454199,60.84062132245225,347.4449971516927,352.78498331705725,343.990000406901,356.23998006184894,338.65001424153644,361.5799662272135,335.19501749674475,0.11986651517270216,-3.9747020866297467,15.451387934326249,14.550490733555849,0.9008972007703999,72.61960349827449,50.416614678638744,341.61699829101565,322.9259963989258,291.5205987548828,268.2836996459961,IONEXCHANG.BO,2023-08-21 22:01:42.730691
101,2023-03-03 00:00:00+05:30,340.5,344.5,335.3450012207031,342.94500732421875,26640,0.0,0.0,2023-03-03,319.92049713134764,18.634533128982444,338.5550302603301,301.2859640023652,357.1895633893125,282.65143087338276,114.73352928223905,119.52568965184317,1268280,43722.82525131624,62348.80956551805,211.9232449304603,64.59563085968082,340.9300028483073,346.5150044759115,337.3600056966146,350.0850016276042,331.77500406901044,355.67000325520837,328.20500691731775,0.12874767723014108,-4.325430174616514,15.156738861646545,14.325266433363247,0.8314724282832984,70.23560014359245,49.63048707746614,338.8470031738281,319.92049713134764,289.4676989746094,266.7726498413086,IONEXCHANG.BO,2023-08-21 22:01:42.730691
102,2023-03-02 00:00:00+05:30,341.7300109863281,344.45001220703125,338.0,340.3399963378906,12110,0.0,0.0,2023-03-02,316.53624725341797,20.304314800923056,336.84056205434104,296.2319324524949,357.1448768552641,275.92761765157184,123.944640141352,129.29863707230504,1241640,19724.529154842465,67005.3056440685,211.8219619615905,69.23668188848997,340.9300028483073,343.8600056966146,337.40999348958337,347.38001505533856,334.47999064127606,350.31001790364587,330.9599812825521,0.09580993590300156,-9.722089877193438,15.178674916331715,14.117398326292422,1.0612765900392933,69.21746202289681,49.128783354528245,337.302001953125,316.53624725341797,287.70639892578123,265.32739974975584,IONEXCHANG.BO,2023-08-21 22:01:42.730691
103,2023-03-01 00:00:00+05:30,339.1000061035156,339.8999938964844,334.135009765625,338.614990234375,8710,0.0,0.0,2023-03-01,313.57124786376954,20.96435427793718,334.5356021417067,292.6068935858324,355.4999564196439,271.64253930789516,106.24314524281945,131.2785176189515,1229530,14114.771343339133,78825.49976637501,211.77678472922014,76.08820994076007,337.5499979654948,340.9649861653646,335.20000203450525,343.3149820963542,331.78501383463544,346.729970296224,329.43501790364587,0.07734706572737553,-7.598355298648641,15.233333902933168,13.852079178782597,1.3812547241505708,68.55543444764737,48.03726508445457,335.01300048828125,313.57124786376954,286.0100988769531,263.96309982299806,IONEXCHANG.BO,2023-08-21 22:01:42.730691
104,2023-02-28 00:00:00+05:30,337.0950012207031,340.25,330.92498779296875,336.8550109863281,48160,0.0,0.0,2023-02-28,310.11474761962893,22.275831235174472,332.3905788548034,287.8389163844545,354.6664100899779,265.56308514927997,112.72065809746546,139.0686337629531,1220820,77638.83364126623,95003.18187213397,211.74470804528107,76.8655686099488,336.00999959309894,341.09501139322913,331.7699991861979,345.3350118001302,326.6849873860677,350.4200236002604,322.44498697916663,0.07768806833856601,-10.161105527266228,15.242392844414155,13.506765497744954,1.735627346669201,67.90333559187209,47.08407450896179,331.85,310.11474761962893,284.6834991455078,262.6474499511719,IONEXCHANG.BO,2023-08-21 22:01:42.730691
105,2023-02-27 00:00:00+05:30,334.5950012207031,336.42498779296875,328.0,335.4800109863281,30020,0.0,0.0,2023-02-27,306.3397476196289,23.847650462191048,330.18739808181994,282.49209715743785,354.035048544011,258.6444466952468,100.24440264515624,143.57913923265357,1172660,48197.75929361198,99344.26892985089,211.56951837952153,75.38772377819117,333.3016662597656,338.60333251953125,330.1783447265625,341.7266540527344,324.8766784667969,347.0283203125,321.75335693359375,0.07528103625357283,-12.543295359075886,15.19637697809651,13.072858661077653,2.1235183170188563,67.4112768872854,46.05756158150803,331.97699584960935,306.3397476196289,283.3900988769531,261.369949798584,IONEXCHANG.BO,2023-08-21 22:01:42.730691
106,2023-02-24 00:00:00+05:30,330.5450134277344,336.0249938964844,326.30499267578125,335.2200012207031,34480,0.0,0.0,2023-02-24,302.257746887207,25.525335767412653,327.78308265461965,276.7324111197944,353.30841842203233,251.2070753523817,107.71986130966424,154.694220333796,1142640,55315.48090357512,112130.89633891062,211.461268619807,75.48271279867599,332.51666259765625,338.72833251953125,329.0083312988281,342.2366638183594,322.7966613769531,348.4483337402344,319.288330078125,0.06386158976528437,-12.21100351732153,15.042631255642902,12.541979081822937,2.500652173819965,67.32363730404853,45.136435124629195,329.793994140625,302.257746887207,282.2075988769531,260.1051496887207,IONEXCHANG.BO,2023-08-21 22:01:42.730691
107,2023-02-23 00:00:00+05:30,327.875,336.2349853515625,315.0,328.8949890136719,68430,0.0,0.0,2023-02-23,297.9307464599609,26.939424676768237,324.87017113672914,270.9913217831927,351.80959581349737,244.05189710642443,63.040002131360005,149.02735624448258,1108160,107709.32609405744,126334.7501977445,211.33696399957282,76.38459632829802,326.7099914550781,338.41998291015625,317.18499755859375,347.9449768066406,305.4750061035156,359.65496826171875,295.95001220703125,0.04444532183472212,-21.169916174201393,14.643478508273063,11.916816038367944,2.7266624699051185,65.2084314124791,44.16355019794603,326.4929931640625,297.9307464599609,281.3169989013672,258.84164962768557,IONEXCHANG.BO,2023-08-21 22:01:42.730691
108,2023-02-22 00:00:00+05:30,339.69500732421875,339.69500732421875,319.8599853515625,322.79998779296875,118640,0.0,0.0,2023-02-22,294.0814971923828,27.769454525897714,321.8509517182805,266.3120426664851,349.62040624417824,238.54258814058738,78.79542856963216,166.84112873359788,1039730,183279.61318542148,130991.10622366625,211.1021577990245,78.77899511325228,327.45166015625,335.0433349609375,315.20831298828125,347.28668212890625,307.61663818359375,354.87835693359375,295.373291015625,0.023000481697721415,-28.404409012976387,14.533489018647003,11.235150420891664,3.2983385977553397,63.06924533428951,43.115827969210315,325.3839965820313,294.0814971923828,280.52029907226563,257.70459976196287,IONEXCHANG.BO,2023-08-21 22:01:42.730691
109,2023-02-21 00:00:00+05:30,323.0,342.7200012207031,319.864990234375,337.489990234375,107810,0.0,0.0,2023-02-21,290.7537475585938,28.132281815753778,318.8860293743476,262.62146574284,347.0183111901013,234.48918392708623,123.15826537465598,208.88516783857978,1158370,174128.3378308009,117918.97948322745,210.7140135561225,89.11808755916732,333.3583272298177,346.8516642252604,323.99665323893225,356.2133382161458,310.50331624348956,369.7066752115885,301.14164225260413,0.06506173140139476,-7.071405611917537,14.772730034442759,10.410565771452829,4.36216426298993,73.12320261659535,41.18561433610143,324.697998046875,290.7537475585938,279.93079956054686,256.5170999145508,IONEXCHANG.BO,2023-08-21 22:01:42.730691
110,2023-02-20 00:00:00+05:30,326.0,330.6199951171875,319.1300048828125,324.56500244140625,44480,0.0,0.0,2023-02-20,287.1399978637695,26.40160284247658,313.5416007062461,260.73839502129294,339.9432035487227,234.33679217881635,89.69043404986266,196.97246527644106,1050560,69090.12508322076,103866.63989633409,210.31241989908014,88.12074389116158,324.77166748046875,330.413330078125,318.92333984375,336.26165771484375,313.28167724609375,341.9033203125,307.433349609375,0.009674600339297486,-8.741780210823135,13.408459124308706,9.320024705705345,4.088434418603361,69.10040458708747,39.10610519702885,320.63499755859374,287.1399978637695,279.14019958496095,255.1524499511719,IONEXCHANG.BO,2023-08-21 22:01:42.730691
111,2023-02-17 00:00:00+05:30,323.3500061035156,327.7850036621094,314.4100036621094,318.7149963378906,74870,0.0,0.0,2023-02-17,284.6334976196289,25.004192507432755,309.63769012706166,259.6293051121961,334.6418826344944,234.6251126047634,76.64518681262402,199.62076906022196,1006080,114198.35385022192,112560.7685996124,210.1629032325758,87.68470799821414,320.30333455403644,326.1966654459635,312.8216654459635,333.67833455403644,306.92833455403644,339.5716654459635,299.4466654459635,0.02495025109304026,-13.618698705869528,12.731535936788362,8.297916101054504,4.433619835733857,67.02529876027522,37.270709162238134,317.01299438476565,284.6334976196289,278.25379943847656,253.9696499633789,IONEXCHANG.BO,2023-08-21 22:01:42.730691
112,2023-02-16 00:00:00+05:30,321.57000732421875,329.3900146484375,316.0199890136719,323.3500061035156,29240,0.0,0.0,2023-02-16,282.0694976806641,23.9316363526045,306.0011340332686,258.13786132805956,329.9327703858731,234.2062249754551,102.0720165545588,232.6322844610758,1080950,45248.03812588621,112151.37228696003,209.923261452303,95.35366813021285,322.9200032552083,329.82001749674475,316.44999186197913,336.29002888997394,309.5499776204427,343.1900431315104,303.0799662272135,0.04222301469047032,-7.377108298338297,12.248104033615675,7.18951114212104,5.058592891494635,70.51295610605497,35.400391841580095,316.30799560546876,282.0694976806641,277.66199951171876,252.78720001220702,IONEXCHANG.BO,2023-08-21 22:01:42.730691
113,2023-02-15 00:00:00+05:30,320.4949951171875,322.80999755859375,311.3999938964844,319.3699951171875,67410,0.0,0.0,2023-02-15,279.43799743652346,21.96645286184327,301.4044502983667,257.4715445746802,323.37090316021,235.50509171283693,106.00455117195784,231.2198280222484,1051710,103031.00847283298,128877.20582722848,209.82538371150176,92.42843863003209,317.85999552408856,324.31999715169275,312.90999348958337,329.26999918619794,306.4499918619792,335.7300008138021,301.499989827474,0.02881857020742047,-7.998558247836681,10.98710913470245,5.92486291924738,5.062246215455071,69.23801594335302,33.13680278176296,309.1059936523437,279.43799743652346,277.2327996826172,251.6836999511719,IONEXCHANG.BO,2023-08-21 22:01:42.730691
114,2023-02-14 00:00:00+05:30,312.19500732421875,319.8349914550781,308.54998779296875,317.17498779296875,93430,0.0,0.0,2023-02-14,277.2772476196289,19.855812911682076,297.13306053131095,257.42143470794684,316.98887344299305,237.56562179626474,129.19256563473277,244.19625374392947,984300,141819.12209307976,135338.75516582734,209.6070246198173,89.33618713261247,315.18665568033856,321.82332356770837,310.538319905599,326.47165934244794,303.9016520182292,333.10832722981775,299.2533162434896,-0.010550300387351911,-10.64665493064697,9.598152972857974,4.6593013653836115,4.938851607474363,68.53982431850609,30.92210181135067,302.86199340820315,277.2772476196289,276.78630004882814,250.65024993896483,IONEXCHANG.BO,2023-08-21 22:01:42.730691
115,2023-02-13 00:00:00+05:30,320.0,323.7950134277344,302.17498779296875,306.4549865722656,116790,0.0,0.0,2023-02-13,275.28574829101564,17.501377914752133,292.7871262057678,257.7843703762635,310.2885041205199,240.28299246151136,142.2319773752248,246.96589105774413,890870,171285.99817452946,133718.66343401425,209.30901743391624,83.83163888541108,310.80832926432294,319.4416707356771,297.8216451009115,332.42835489908856,289.1883036295573,341.06169637044275,276.20161946614587,-0.050922757511814666,-23.57945900790442,7.890616593444406,3.42458846351502,4.466028129929386,64.93927646274872,28.642016147419472,297.47499389648436,275.28574829101564,276.2518005371094,249.64240005493164,IONEXCHANG.BO,2023-08-21 22:01:42.730691
116,2023-02-10 00:00:00+05:30,288.69500732421875,326.0,288.69500732421875,315.19000244140625,269300,0.0,0.0,2023-02-10,273.69774932861327,15.891174470771038,289.5889237993843,257.80657485784224,305.48009827015534,241.9154003870712,148.6669530190459,264.99945976132733,1007660,406217.191247877,124326.82974888544,208.97142360850393,79.40545357052338,309.961669921875,331.22833251953125,293.92333984375,347.26666259765625,272.65667724609375,368.5333251953125,256.61834716796875,0.02209260233552713,-13.041377293029315,6.640655491636494,2.3080814310326736,4.33257406060382,71.09964727036072,26.18653927857049,294.0279968261719,273.69774932861327,275.7070007324219,248.75600021362305,IONEXCHANG.BO,2023-08-21 22:01:42.730691
117,2023-02-09 00:00:00+05:30,291.8450012207031,297.43499755859375,285.0,287.3399963378906,51430,0.0,0.0,2023-02-09,271.7517486572266,12.580959028606031,284.3327076858326,259.1707896286206,296.91366671443865,246.58983060001452,71.95329938720548,132.5490659618786,738360,70723.23505552032,53854.23937413754,208.1134084655147,68.34929905450707,289.9249979654948,294.8499959309896,282.41499837239587,302.35999552408856,277.49000040690106,307.28499348958337,269.9800008138021,-0.1265046279256173,-27.473976740386412,4.079443798548368,1.2249379158817182,2.85450588266665,59.82206138901443,23.5421795736562,286.0419982910156,271.7517486572266,274.9496008300781,247.82690017700196,IONEXCHANG.BO,2023-08-21 22:01:42.730691
118,2023-02-08 00:00:00+05:30,288.67999267578125,292.07501220703125,286.32501220703125,288.1499938964844,6700,0.0,0.0,2023-02-08,270.80724945068357,12.046830756674982,282.85408020735855,258.7604186940086,294.9009109640335,246.7135879373336,80.64157990174364,124.79222931478856,789790,9239.3821295351,49636.99045379185,207.99099869543272,62.36442800627301,288.8500061035156,291.375,285.625,294.6000061035156,283.1000061035156,297.125,279.875,-0.10250600859246817,-26.14578529906951,3.4813105835233955,0.5113114452150557,2.96999913830834,60.459224624335285,21.84834205270064,284.78200073242186,270.80724945068357,274.65920104980466,247.08460021972655,IONEXCHANG.BO,2023-08-21 22:01:42.730691
119,2023-02-07 00:00:00+05:30,298.4949951171875,298.4949951171875,281.29998779296875,290.239990234375,39230,0.0,0.0,2023-02-07,270.0982498168945,11.370726724337263,281.46897654123177,258.72752309255725,292.839703265569,247.35679636822,107.6571833900424,130.51765652777564,796490,54491.036743602315,59736.39253485603,207.97486094119716,61.07606829236568,290.01165771484375,298.72332763671875,281.5283203125,307.2066650390625,272.816650390625,315.9183349609375,264.33331298828125,-0.12820168455716813,-22.718719107426526,2.5829991989174914,-0.23118833936202943,2.814187538279521,62.04249532569323,20.32144999384892,281.0489990234375,270.0982498168945,274.17470092773436,246.44355026245117,IONEXCHANG.BO,2023-08-21 22:01:42.730691
120,2023-02-06 00:00:00+05:30,280.0050048828125,294.70001220703125,277.4150085449219,289.2200012207031,87200,0.0,0.0,2023-02-06,269.66200103759763,10.705192175507593,280.3671932131052,258.95680886209004,291.0723853886128,248.25161668658245,123.58668742354659,109.03260235441553,757260,120696.40107425132,61047.73148266946,207.87777365447647,59.6668582218576,287.11167399088544,296.808339436849,279.5233357747396,304.3966776529948,269.82667032877606,314.09334309895837,262.23833211263025,-0.1583898042256976,-24.3912435043497,1.1879190868809815,-0.9347352239319097,2.1226543108128912,61.58662186944216,18.677104699700912,275.2720031738281,269.66200103759763,273.7940008544922,245.78045028686523,IONEXCHANG.BO,2023-08-21 22:01:42.730691
121,2023-02-03 00:00:00+05:30,286.8949890136719,286.8949890136719,272.5899963378906,275.260009765625,40050,0.0,0.0,2023-02-03,269.12825164794924,9.915740863364158,279.0439925113134,259.2125107845851,288.95973337467757,249.2967699212209,92.01504837293822,45.68259155445226,670060,52758.829686250276,46135.564084773985,207.66382892555168,51.753362438293514,278.2483317057292,283.90666707356775,269.6016743977865,292.55332438151044,263.94333902994794,298.211659749349,255.29668172200525,-0.24041653185729114,-47.282104069018715,-0.5157515186508022,-1.4653988016351325,0.9496472829843303,54.667388980298796,17.109416672808855,268.1960021972656,269.12825164794924,273.24620056152344,245.10695022583008,IONEXCHANG.BO,2023-08-21 22:01:42.730691
122,2023-02-02 00:00:00+05:30,304.0950012207031,304.0950012207031,268.760009765625,281.0400085449219,76270,0.0,0.0,2023-02-02,269.280500793457,10.03747436976595,279.31797516322297,259.24302642369105,289.3554495329889,249.20555205392512,156.22341882294631,87.05381555888398,710110,102582.05816516915,44479.74768440491,207.58207310633182,59.315068336221884,284.6316731770833,300.50333658854163,265.1683451334635,319.96666463216144,249.2966817220052,335.83832804361975,229.83335367838538,-0.21128539635736376,-37.80436573754483,-1.3143040972989297,-1.702810622381215,0.3885065250822852,58.73490683567417,15.865073363617277,262.8799987792969,269.280500793457,272.89940063476564,244.54480010986327,IONEXCHANG.BO,2023-08-21 22:01:42.730691
123,2023-02-01 00:00:00+05:30,261.3550109863281,274.3949890136719,261.3550109863281,269.4849853515625,27370,0.0,0.0,2023-02-01,269.1447509765625,9.887300591237533,279.0320515678,259.25745038532494,288.91935215903754,249.3701497940874,49.62168815572464,-30.123757881370636,633840,35298.713908562764,29954.17006421385,207.41248791819896,51.085062483241224,268.4116617838542,275.46831258138025,262.4283345540365,281.45163981119794,255.37168375651044,288.508290608724,249.38835652669275,-0.16988328250829518,-33.04141876137678,-2.886021989176186,-1.7999372536517861,-1.0860847355243997,52.11864152006172,14.525011338334043,257.0539978027344,269.1447509765625,272.26940032958987,243.92625,IONEXCHANG.BO,2023-08-21 22:01:42.730691
124,2023-01-31 00:00:00+05:30,251.0050048828125,264.5,251.0050048828125,261.3550109863281,13130,0.0,0.0,2023-01-31,269.56825103759763,10.082118074346324,279.650369111944,259.4861329632513,289.73248718629026,249.40401488890498,-33.81346973274191,-95.98879637070085,606470,16422.719277920423,28618.034103126618,207.3610208519328,43.487539157837176,258.9533386230469,266.90167236328125,253.40667724609375,272.4483337402344,245.45834350585938,280.39666748046875,239.91168212890625,-0.18081876882535602,-53.68111028513676,-3.716574854594569,-1.5284160697706861,-2.188158784823883,46.518749340147096,15.3951306210971,254.40599975585937,269.56825103759763,271.85240051269534,243.22990020751953,IONEXCHANG.BO,2023-08-21 22:01:42.730691
125,2023-01-30 00:00:00+05:30,250.0,256.7799987792969,247.51499938964844,253.83999633789062,17990,0.0,0.0,2023-01-30,270.4567504882813,10.103200393281952,280.5599508815632,260.3535500949993,290.6631512748452,250.25034970171737,-89.01301625849425,-142.70201080362295,593340,21854.492614029674,31666.862809428167,207.3395357051772,37.27353410098304,252.71166483561197,257.9083302815755,248.64333089192706,261.9766642252604,243.44666544596353,267.17332967122394,239.37833150227863,-0.1764100925058833,-74.00680213519475,-3.922943171249699,-0.9813763735647153,-2.9415667976849837,40.54657171980919,15.62007803775493,255.17799682617186,270.4567504882813,271.63850036621096,242.65545013427734,IONEXCHANG.BO,2023-08-21 22:01:42.730691
126,2023-01-27 00:00:00+05:30,252.89500427246094,253.6649932861328,243.11000061035156,248.67999267578125,32740,0.0,0.0,2023-01-27,271.4625,9.33389127728606,280.79639127728603,262.1286087227139,290.1302825545721,252.79471744542786,-154.39272132564318,-183.57450380499284,575350,38964.49329534982,34119.95535827779,207.31416962050702,38.67325332249285,248.48499552408853,253.8599904378255,243.30499776204425,259.03998819986975,237.93000284830728,264.41498311360675,232.750005086263,-0.17257515391017347,-88.08303078559902,-3.387603540511236,-0.24598467414346925,-3.141618866367767,35.992394581234166,14.711530699000283,259.2969970703125,271.4625,271.4612005615234,242.19755020141602,IONEXCHANG.BO,2023-08-21 22:01:42.730691
127,2023-01-25 00:00:00+05:30,258.5150146484375,260.7699890136719,247.5,251.91000366210938,28180,0.0,0.0,2023-01-25,272.2100006103516,7.902162254661342,280.1121628650129,264.30783835569025,288.01432511967425,256.4056761010289,-187.61440408038882,-165.7664524467159,608090,33973.15768953755,32908.820874009776,207.2730625310475,40.07023219061664,253.3933308919271,259.2866617838542,246.0166727701823,266.663319905599,240.12334187825522,272.55665079752606,232.74668375651044,-0.20158498469789382,-89.5867697130195,-2.1426970838199395,0.5394200424484725,-2.682117126268412,37.66962386907572,13.21893992747813,263.047998046875,272.2100006103516,271.48780059814453,241.80580032348632,IONEXCHANG.BO,2023-08-21 22:01:42.730691
128,2023-01-24 00:00:00+05:30,264.9700012207031,267.7950134277344,254.2050018310547,256.2449951171875,45410,0.0,0.0,2023-01-24,273.11074981689455,6.3384525028884635,279.449202319783,266.7722973140061,285.78765482267147,260.43384481111764,-212.7904588864446,-129.30096785138954,636270,55687.33127340488,32642.736670127837,207.23485020938674,46.75557028117218,259.4150034586589,264.62500508626306,251.03499348958337,273.00501505533856,245.82499186197919,278.21501668294275,237.44498189290368,-0.1716141366880778,-94.27691670187596,-0.8344816101366064,1.2099493240155756,-2.044430934152182,39.989293394943026,11.985048929510759,266.80999755859375,273.11074981689455,271.4213006591797,241.31480026245117,IONEXCHANG.BO,2023-08-21 22:01:42.730691
129,2023-01-23 00:00:00+05:30,276.5,276.55999755859375,263.75,265.2149963378906,16470,0.0,0.0,2023-01-23,273.7845001220703,5.033092214081313,278.8175923361516,268.751407907989,283.8506845502329,263.7183156939077,-123.09552631774119,-61.2765481280454,681680,20904.56757604041,26881.588019308572,207.16714766062063,50.42075511828003,268.5083312988281,273.26666259765625,260.4566650390625,281.3183288574219,255.69833374023438,286.07666015625,247.64666748046875,-0.056218856214725235,-94.38698852375634,0.42614330923260013,1.7210570575536208,-1.2949137483210207,45.362754565993846,11.291407361075796,270.7919982910156,273.7845001220703,271.1038006591797,240.76245025634765,IONEXCHANG.BO,2023-08-21 22:01:42.730691
130,2023-01-20 00:00:00+05:30,267.30999755859375,277.0,266.2049865722656,274.43499755859375,28970,0.0,0.0,2023-01-20,273.26300048828125,6.3387428636484815,279.6017433519297,266.9242576246328,285.94048621557823,260.58551476098427,-49.4012078827722,-28.99927695209932,698150,38048.496618556324,28375.843130125613,207.13804954226376,46.61880069264465,272.5466613769531,278.8883361816406,268.09332275390625,283.3416748046875,261.75164794921875,289.683349609375,257.2983093261719,-0.00834322446820449,-64.09562082604232,1.150259285640118,2.0447854946338757,-0.8945262089937578,52.03654619563089,11.653087219317076,273.21799926757814,273.26300048828125,270.6737008666992,240.03175033569335,IONEXCHANG.BO,2023-08-21 22:01:42.730691
131,2023-01-19 00:00:00+05:30,269.70001220703125,272.8949890136719,265.79998779296875,267.43499755859375,16790,0.0,0.0,2023-01-19,271.87550048828126,8.675213021304806,280.55071350958605,263.2002874669765,289.2259265308909,254.52507444567163,-143.94805793171804,-55.490425053507494,669180,21489.1109487854,25957.679758017934,207.078659704373,47.10356830138695,268.7099914550781,271.6199951171875,264.5249938964844,275.80499267578125,261.614990234375,278.7149963378906,257.42999267578125,-0.08706231607505976,-93.20162777211698,1.151888570279823,2.2684170468823153,-1.1165284766024923,46.48618033967485,12.369947445013304,273.27000122070314,271.87550048828126,269.9975009155273,239.10365036010742,IONEXCHANG.BO,2023-08-21 22:01:42.730691
132,2023-01-18 00:00:00+05:30,276.30999755859375,282.5,268.80999755859375,270.7200012207031,17100,0.0,0.0,2023-01-18,271.2477508544922,9.434467912053625,280.6822187665458,261.8132829424386,290.1166866785995,252.37881503038497,-56.98438806077204,-11.118387032012938,685970,22154.704698107642,27074.821960326066,207.04777353579544,55.56870075652793,274.00999959309894,279.21000162760413,265.5199991861979,287.7000020345052,260.3199971516927,292.9000040690104,251.82999674479163,-0.05357485139314186,-79.04956707936836,1.8259156306097566,2.5475491660329386,-0.721633535423182,48.95878670740277,12.542724877457022,275.03699951171876,271.2477508544922,269.44680084228514,238.10615036010742,IONEXCHANG.BO,2023-08-21 22:01:42.730691
133,2023-01-17 00:00:00+05:30,275.3999938964844,282.0,274.9200134277344,276.1549987792969,24220,0.0,0.0,2023-01-17,270.4880004882813,10.069643450524941,280.5576439388062,260.4183570377563,290.6272873893312,250.3487135872314,24.57911524904719,19.362437378803786,703070,32009.328220535674,28304.85127588067,207.0145716295006,53.00910051209608,277.69167073567706,280.46332804361975,273.38334147135413,284.7716573079427,270.61168416341144,287.5433146158854,266.3033548990885,-0.11525106908554994,-42.20339652522942,2.3376860421788024,2.7279575498887336,-0.39027150770993124,53.30398986667697,13.106711534970566,274.5830017089844,270.4880004882813,268.5063009643555,237.09297607421874,IONEXCHANG.BO,2023-08-21 22:01:42.730691
134,2023-01-16 00:00:00+05:30,275.0050048828125,278.2250061035156,270.6000061035156,277.3450012207031,14390,0.0,0.0,2023-01-16,270.29450073242185,9.991897172101952,280.2863979045238,260.3026035603199,290.27829507662574,250.31070638821794,-35.179273455278704,7.6985842931847,727290,19099.880435253308,27378.732039716913,206.96346891892787,55.5682709432002,275.39000447591144,280.18000284830725,272.55500284830725,283.01500447591144,267.76500447591144,287.80500284830725,264.93000284830725,-0.10672069437660309,-38.53621010380675,2.422222854368897,2.825525426816216,-0.40330257244731893,54.28442101085668,13.67817761297462,274.1460021972656,270.29450073242185,267.3526010131836,236.02974578857422,IONEXCHANG.BO,2023-08-21 22:01:42.730691
135,2023-01-13 00:00:00+05:30,272.7950134277344,278.510009765625,271.875,274.69500732421875,13510,0.0,0.0,2023-01-13,270.03650054931643,9.866091083483306,279.9025916327997,260.17040946583313,289.768682716283,250.3043183823498,-53.263843039967796,9.115694150877585,712900,17760.517952274444,29448.444940832815,206.93254831220213,58.613017359542766,275.02667236328125,278.1783447265625,271.5433349609375,281.66168212890625,268.39166259765625,284.8133544921875,264.9083251953125,-0.1566761308244307,-46.58059650672963,2.3765580347712216,2.9263510699280455,-0.5497930351568239,52.476930206507475,14.655193813155906,274.9800048828125,270.03650054931643,265.9958010864258,234.93928009033203,IONEXCHANG.BO,2023-08-21 22:01:42.730691
136,2023-01-12 00:00:00+05:30,268.1300048828125,276.7250061035156,266.6099853515625,276.2699890136719,17890,0.0,0.0,2023-01-12,270.1195007324219,9.914209420526548,280.03371015294846,260.20529131189534,289.947919573475,250.2910818913688,-89.14600800182421,2.017061623546293,726410,23653.39927996219,32370.426687972405,206.90458734636655,62.32746158801538,273.20166015625,279.7933349609375,269.6783142089844,283.3166809082031,263.0866394042969,289.9083557128906,259.56329345703125,-0.18395822329749884,-29.647450578421434,2.543069020170833,3.0637993287172516,-0.5207303085464186,53.64373986361303,15.685311859180004,275.7500061035156,270.1195007324219,264.63780090332034,233.85233459472656,IONEXCHANG.BO,2023-08-21 22:01:42.730691
137,2023-01-11 00:00:00+05:30,275.1099853515625,275.2950134277344,267.5,268.45001220703125,18420,0.0,0.0,2023-01-11,270.8405014038086,10.863893882092123,281.7043952859007,259.9766075217165,292.5682891679929,249.11271363962436,-102.33827697960932,-10.383159032683135,708520,23664.785147191807,34549.683539974954,206.86666473148827,55.665507655967346,270.4150085449219,273.33001708984375,265.5350036621094,278.21002197265625,262.6199951171875,281.1250305175781,257.739990234375,-0.19038707587229822,-46.71976899786367,2.562610357514018,3.193981905853856,-0.6313715483398381,48.33010661360435,16.758892318741886,276.1570068359375,270.8405014038086,263.2383010864258,232.7519985961914,IONEXCHANG.BO,2023-08-21 22:01:42.730691
138,2023-01-10 00:00:00+05:30,284.25,284.3900146484375,272.2699890136719,273.9700012207031,27980,0.0,0.0,2023-01-10,271.8710006713867,11.579147868998557,283.45014854038527,260.2918528023881,295.0292964093838,248.71270493338957,13.363685434035602,27.076365983610884,726940,36685.98919103495,37270.90813817074,206.83197966888875,50.939644143427984,276.8766682942708,281.48334757486975,269.36332194010413,288.99669392903644,264.7566426595052,293.6033732096354,257.2432963053385,-0.17544791899947443,-34.6687089444371,3.3189509922284515,3.351824792938815,-0.03287380071036372,52.256278446573425,17.73456301276277,278.1320068359375,271.8710006713867,262.0394009399414,231.7528890991211,IONEXCHANG.BO,2023-08-21 22:01:42.730691
139,2023-01-09 00:00:00+05:30,280.2049865722656,289.8500061035156,279.5249938964844,281.5150146484375,22880,0.0,0.0,2023-01-09,272.8387512207031,12.53331272044736,285.3720639411505,260.3054385002557,297.9053766615978,247.7721257798084,115.82583183094057,63.60724674540204,754920,30825.284603778757,37417.13787495468,206.77449162561945,47.87185348352962,283.6300048828125,287.7350158691406,277.4100036621094,293.95501708984375,273.30499267578125,298.0600280761719,267.0849914550781,-0.16637764492814425,-18.19668160953963,3.6933737808992078,3.360043243116406,0.33333053778280197,58.26809253191524,18.844510660075308,278.92900390625,272.8387512207031,260.74090087890625,230.69154907226562,IONEXCHANG.BO,2023-08-21 22:01:42.730691
140,2023-01-06 00:00:00+05:30,278.7699890136719,281.5950012207031,275.385009765625,278.5450134277344,18310,0.0,0.0,2023-01-06,273.66100006103517,13.624420659743386,287.2854207207786,260.03657940129176,300.9098413805219,246.4121587415484,66.4788504279675,42.010415385594385,732040,24408.05899195437,39065.10119274866,206.72212222222387,42.27319913908979,278.5083414713542,281.63167317708337,275.42168172200525,284.7183329264323,272.29835001627606,287.8416646321615,269.2116902669271,-0.014500366314250246,-14.614519806207214,3.3737186988008716,3.2767106086707054,0.0970080901301662,56.43744285240872,19.07106358201754,278.4510009765625,273.66100006103517,259.1135006713867,229.56674423217774,IONEXCHANG.BO,2023-08-21 22:01:42.730691
141,2023-01-05 00:00:00+05:30,282.5,282.5,276.1050109863281,278.30499267578125,15350,0.0,0.0,2023-01-05,273.7459991455078,13.661746122900832,287.40774526840863,260.084253022607,301.0694913913095,246.42250689970615,79.55134357076712,47.07568405676475,713730,20444.612769545918,42729.36174294723,206.68182637496614,41.444860762607156,278.9700012207031,281.8349914550781,275.44000244140625,285.364990234375,272.57501220703125,288.22998046875,269.0450134277344,-0.05044179779164598,-15.208556852517559,3.2058464987775324,3.2524585861381636,-0.04661208736063127,56.29357877526035,20.271534206520112,277.5329956054687,273.7459991455078,257.55120025634767,228.4460173034668,IONEXCHANG.BO,2023-08-21 22:01:42.730691
142,2023-01-04 00:00:00+05:30,277.5,280.5,274.2099914550781,278.32501220703125,21170,0.0,0.0,2023-01-04,274.28699951171876,14.060205981784387,288.34720549350317,260.22679352993435,302.4074114752875,246.16658754814998,84.01875464033905,44.22548729464721,729080,28198.27922923634,48300.54898629755,206.64812285375174,33.73522460616229,277.67833455403644,281.14667765299475,274.8566691080729,283.9683430989583,271.38832600911456,287.43668619791663,268.566660563151,-0.09398797534591576,-25.445808561581895,2.9659841879736746,3.264111607978321,-0.2981274200046462,56.30796818323664,21.467890899728804,274.597998046875,274.28699951171876,256.0199005126953,227.3334944152832,IONEXCHANG.BO,2023-08-21 22:01:42.730691
143,2023-01-03 00:00:00+05:30,280.5249938964844,284.45001220703125,271.44500732421875,277.9549865722656,38000,0.0,0.0,2023-01-03,275.4652496337891,15.34507272857717,290.81032236236626,260.1201769052119,306.15539509094344,244.77510417663476,103.96270298668001,48.463090253961305,707910,50548.419187581625,53326.11642556285,206.60157546422485,38.1712818951082,277.9500020345052,284.45499674479163,271.44999186197913,290.9550069173177,264.9449971516927,297.46000162760413,258.44498697916663,-0.07972688383658123,-30.725249198329045,2.611976969730847,3.3386434629794817,-0.7266664932486346,56.11526691484226,22.992788675860204,272.9179931640625,275.4652496337891,254.53820037841797,226.15876907348633,IONEXCHANG.BO,2023-08-21 22:01:42.730691
144,2023-01-02 00:00:00+05:30,273.9549865722656,284.3399963378906,271.5,279.125,31050,0.0,0.0,2023-01-02,276.4197509765625,16.084022544411567,292.50377352097405,260.335728432151,308.58779606538565,244.25170588773938,117.04332913321453,52.8341199325205,745910,41477.2402780984,54020.540735058144,206.51830323290704,38.597629616968284,278.32166544596356,285.1433308919271,272.3033345540365,291.1616617838542,265.48166910807294,297.98332722981775,259.46333821614587,-0.04263357795294641,-30.16820661921918,2.1556069654085377,3.52031008629164,-1.3647031208831022,56.851514399689705,24.63498628092479,271.27099609375,276.4197509765625,252.9965005493164,225.03096618652344,IONEXCHANG.BO,2023-08-21 22:01:42.730691
145,2022-12-30 00:00:00+05:30,269.2349853515625,280.2149963378906,265.6499938964844,273.9549865722656,36640,0.0,0.0,2022-12-30,276.9860015869141,16.380888906244177,293.3668904931583,260.6051126806699,309.7477793994024,244.22422377442572,80.39866739902206,37.399601661409505,714860,48037.919150448586,57156.365849298076,206.4489998415549,40.15123713738282,273.27332560221356,280.89665730794275,266.3316548665365,287.8383280436198,258.7083231608073,295.461659749349,251.76665242513025,-0.0051704252634431,-48.479916776465274,1.423425759182578,3.8614858665124148,-2.4380601073298367,54.3964586515255,26.415104442244896,266.4029968261719,276.9860015869141,251.47710052490234,223.93463851928712,IONEXCHANG.BO,2023-08-21 22:01:42.730691
146,2022-12-29 00:00:00+05:30,270.2349853515625,277.20001220703125,257.3999938964844,263.6300048828125,33520,0.0,0.0,2022-12-29,277.24900207519534,16.3718868254149,293.6208889006102,260.87711524978045,309.9927757260251,244.50522842436553,10.704170853564941,16.071576487123775,678220,42291.03945135694,59435.97752401044,206.37287903175778,49.704075120887545,266.07667032877606,274.75334676106775,254.95332845052087,285.87668863932294,246.27665201822919,294.5533650716146,235.153310139974,8.643384163837805e-05,-66.49558446602855,0.973612874258265,4.471000893344874,-3.4973880190866087,49.01994751546815,28.134708276559934,260.9489990234375,277.24900207519534,250.14380065917967,222.89057723999022,IONEXCHANG.BO,2023-08-21 22:01:42.730691
147,2022-12-28 00:00:00+05:30,270.0050048828125,273.57501220703125,265.875,269.92498779296875,44550,0.0,0.0,2022-12-28,277.9335021972656,16.055646711452688,293.98914890871833,261.8778554858129,310.044795620171,245.82220877436026,17.406502190062717,31.799786775498983,711740,57549.335150576524,63722.21204217381,206.31375181359923,47.843225319107425,269.7916666666667,273.70833333333337,266.0083211263021,277.49167887369794,262.09165445963544,281.4083455403646,258.30830891927087,0.04270691185202157,-55.72664645735331,1.3998186216988984,5.345347898116525,-3.945529276417627,52.52465221347795,29.66811100233584,259.1989990234375,277.9335021972656,249.02920043945312,221.95316314697266,IONEXCHANG.BO,2023-08-21 22:01:42.730691
148,2022-12-27 00:00:00+05:30,259.42498779296875,272.5,257.31500244140625,269.7200012207031,41700,0.0,0.0,2022-12-27,278.0782531738281,15.992571474684864,294.07082464851294,262.08568169914327,310.06339612319783,246.09311022445837,-14.77215237466165,24.918945593094705,667190,53826.81959394929,65265.43126507312,206.22632756685127,40.645699224409384,266.5116678873698,275.70833333333337,260.5233357747396,281.69666544596356,251.32667032877606,290.8933308919271,245.33833821614587,0.08903082378517324,-56.077320592747355,1.304321320502197,6.331730217220931,-5.027408896718734,52.424223212264685,31.762754989185268,256.3190002441406,278.0782531738281,247.61730072021484,221.01055480957032,IONEXCHANG.BO,2023-08-21 22:01:42.730691
149,2022-12-26 00:00:00+05:30,248.30499267578125,261.9949951171875,244.0449981689453,254.78500366210938,55220,0.0,0.0,2022-12-26,277.7885025024414,16.203086030433433,293.99158853287486,261.585416472008,310.1946745633083,245.38233044157454,-89.52432150284884,-9.599156323179672,625490,67331.73052466838,68125.08418285407,206.1445421415378,42.05758707417766,253.60833231608072,263.1716664632161,245.22166951497394,271.5583292643229,235.65833536783853,281.1216634114583,227.27167256673175,0.00809138590622285,-82.52378948309317,1.1824814636553356,7.588582441400615,-6.40610097774528,44.24923911817209,34.12237965130265,256.8320007324219,277.7885025024414,246.19290069580077,220.06872238159178,IONEXCHANG.BO,2023-08-21 22:01:42.730691
150,2022-12-23 00:00:00+05:30,250.0,254.9499969482422,245.28500366210938,246.68499755859375,39470,0.0,0.0,2022-12-23,278.60950164794923,15.370787180558025,293.98028882850724,263.2387144673912,309.3510760090653,247.86792728683318,-136.23424487206356,-18.19411821798289,570270,46597.15231258532,68323.4225974005,206.0614337438267,42.783394757325624,248.97333272298178,252.66166178385419,242.99666849772137,258.6383260091146,239.30833943684897,262.326655069987,233.33167521158856,0.042377251357811896,-97.67500791891035,2.4794441115892596,9.190107685836935,-6.7106635742476755,38.96582523405083,35.7382309653405,260.31199951171874,278.60950164794923,245.04680053710936,219.24146392822266,IONEXCHANG.BO,2023-08-21 22:01:42.730691
151,2022-12-22 00:00:00+05:30,259.9800109863281,260.5,247.89999389648438,254.8800048828125,63180,0.0,0.0,2022-12-22,279.3667510986328,14.02980005608875,293.3965511547215,265.33695104254406,307.4263512108103,251.3071509864553,-156.6580127907124,0.19595130735371047,609740,77066.36948158989,73754.99016860429,206.01176002330826,51.3516492078731,254.42666625976562,260.9533386230469,248.35333251953125,267.02667236328125,241.82666015625,273.5533447265625,235.75332641601562,0.08948140313610148,-87.88192665503537,4.900109858735959,10.867773579398854,-5.967663720662895,42.77660930749163,36.62385406029772,266.2460021972656,279.3667510986328,244.07760070800782,218.51875122070314,IONEXCHANG.BO,2023-08-21 22:01:42.730691
152,2022-12-21 00:00:00+05:30,276.9949951171875,277.8999938964844,254.11000061035156,255.52499389648438,61410,0.0,0.0,2022-12-21,279.5187515258789,13.764504763973264,293.28325628985215,265.7542467619056,307.0477610538254,251.98974199793236,-157.6837774325364,23.828952269556673,672920,75096.89761715404,72927.14534035788,205.91592179194208,58.08271321974432,262.51166280110675,270.91332499186194,247.12333170572913,286.30165608723956,238.72166951497394,294.70331827799475,223.33333841959632,0.1636961309618338,-97.24655905246452,7.117967406732021,12.359689509564577,-5.241722102832556,43.08196598027746,37.78181529894195,273.4080017089844,279.5187515258789,242.94840057373048,217.71951492309572,IONEXCHANG.BO,2023-08-21 22:01:42.730691
153,2022-12-20 00:00:00+05:30,273.0199890136719,275.385009765625,270.7149963378906,272.2850036621094,35020,0.0,0.0,2022-12-20,279.2195014953613,14.365537646074952,293.58503914143625,264.8539638492864,307.95057678751124,250.48842620321142,-122.62398983118185,51.66083117948615,734330,45634.08810411391,72384.70727115884,205.82117570618058,64.44082504249374,272.7950032552083,274.875010172526,270.20499674479163,277.4650166829427,268.12498982747394,279.5450236002604,265.53498331705725,0.19594587744183684,-94.25370471723603,9.78612750991482,13.670120035272713,-3.8839925253578933,52.131107140877255,39.53397183715095,280.11500244140626,279.2195014953613,241.91610076904297,216.8947183227539,IONEXCHANG.BO,2023-08-21 22:01:42.730691
154,2022-12-19 00:00:00+05:30,279.7250061035156,279.7250061035156,271.42999267578125,272.18499755859375,28930,0.0,0.0,2022-12-19,278.03700103759763,15.86184336907236,293.89884440667,262.1751576685253,309.7606877757423,246.3133142994529,-157.8486948232626,58.66765407900099,699310,37684.44551092914,79072.36206292006,205.74870944978633,69.7736605323216,274.44666544596356,277.46333821614587,269.1683247884115,282.74167887369794,266.1516520182292,285.75835164388025,260.8733113606771,0.1411369448251832,-73.21978558550825,11.40329929374019,14.641118166612184,-3.237818872871994,52.07533565288108,42.01329810747083,284.3230041503906,278.03700103759763,240.61140075683593,215.92733016967773,IONEXCHANG.BO,2023-08-21 22:01:42.730691
155,2022-12-16 00:00:00+05:30,288.0249938964844,290.0249938964844,270.260009765625,276.3550109863281,88620,0.0,0.0,2022-12-16,276.96075134277345,16.971262395593698,293.9320137383671,259.9894889471798,310.90327613396084,243.01822655158605,-176.42271755232343,72.03970029262283,728240,117205.66449707953,89419.34120091778,205.68881597982036,65.97207777660061,278.8800048828125,287.5,267.7350158691406,298.6449890136719,259.1150207519531,307.2649841308594,247.97003173828125,0.17755808863127612,-64.05492090916896,13.310841053018237,15.450572884830182,-2.139731831811945,54.535650681993225,44.595810946577025,289.4780029296875,276.96075134277345,239.34980072021483,214.97755157470704,IONEXCHANG.BO,2023-08-21 22:01:42.730691
156,2022-12-15 00:00:00+05:30,291.8900146484375,292.9949951171875,286.05999755859375,290.69000244140625,28410,0.0,0.0,2022-12-15,275.3917510986328,18.419007545854697,293.8107586444875,256.9727435527781,312.2297661903422,238.55373600692343,-9.56262044207895,100.99080687236165,816860,39523.08544112341,82472.76037687734,205.493125304398,74.90315558338128,289.9149983723958,293.7699991861979,286.83500162760413,296.84999593098956,282.98000081380206,300.70499674479163,279.9000040690104,0.19073395315896333,-32.549445183722526,15.140709997347074,15.985505842783168,-0.844795845436094,64.21695317757303,47.376978619460616,290.25599975585936,275.3917510986328,238.0027005004883,213.99267898559572,IONEXCHANG.BO,2023-08-21 22:01:42.730691
157,2022-12-14 00:00:00+05:30,293.3500061035156,294.2799987792969,285.2699890136719,289.05999755859375,30080,0.0,0.0,2022-12-14,273.3577507019043,18.881055475865555,292.23880617776985,254.47669522603874,311.11986165363544,235.5956397501732,4.464271797689787,104.94543485776238,788450,41611.68847998647,93210.17911081582,205.41742331172154,76.83625896255407,289.5366617838542,293.8033345540365,284.7933247884115,298.5466715494792,280.5266520182292,302.8133443196615,275.7833150227865,0.1666062559463528,-33.07847776837279,15.842312593414192,16.19670480414219,-0.35439221072799754,63.53318665214957,48.259785746149234,289.9429992675781,273.3577507019043,236.3663003540039,212.85294311523438,IONEXCHANG.BO,2023-08-21 22:01:42.730691
158,2022-12-13 00:00:00+05:30,298.5,302.1000061035156,289.2099914550781,293.32501220703125,43910,0.0,0.0,2022-12-13,271.334001159668,19.27448259381456,290.6084837534826,252.05951856585344,309.8829663472971,232.78503597203888,62.28164670461239,122.07327865908893,818530,61639.91717250247,106109.80176852315,205.33865956011138,81.75720426534077,294.8783365885417,300.54668172200525,287.65666707356775,307.7683512369792,281.9883219401042,313.43669637044275,274.76665242513025,0.19274199335749376,-19.75977717687539,16.661072267846578,16.285302856824188,0.3757694110223895,66.63030579531019,49.210501113352365,292.5090026855469,271.334001159668,234.88890045166016,211.73767028808595,IONEXCHANG.BO,2023-08-21 22:01:42.730691
159,2022-12-12 00:00:00+05:30,272.0050048828125,302.5,272.0050048828125,297.9599914550781,145580,0.0,0.0,2022-12-12,268.6862503051758,19.72650009970587,288.41275040488165,248.95975020546993,308.13925050458755,229.23325010576406,45.25258735130782,118.80992840098926,862440,207591.31508003912,117227.27291752832,205.21754472930226,75.07365357819667,290.82166544596356,309.6383260091146,279.1433308919271,321.31666056315106,260.32667032877606,340.1333211263021,248.64833577473962,0.17416632382031066,-12.237292660403007,17.036852949768445,16.191360504068587,0.8454924456998576,70.06948354817192,49.632387226362916,293.2530029296875,268.6862503051758,233.10340026855468,210.5685643005371,IONEXCHANG.BO,2023-08-21 22:01:42.730691
160,2022-12-09 00:00:00+05:30,290.80499267578125,291.54998779296875,277.19000244140625,280.2449951171875,59350,0.0,0.0,2022-12-09,265.97375106811523,19.21248100131249,285.1862320694277,246.76127006680275,304.3987130707402,227.54878906549027,5.528251683416249,106.61112985017152,716860,79599.08958687977,94636.2623769006,204.7923524403203,74.32151273905805,282.9949951171875,288.79998779296875,274.44000244140625,297.35498046875,268.635009765625,303.15997314453125,260.08001708984375,0.1263754169014469,-40.98839995334325,16.80335673098557,15.979987392643622,0.8233693383419478,63.35049659964476,50.08672611729735,291.7510070800781,265.97375106811523,231.16470031738282,209.32239044189453,IONEXCHANG.BO,2023-08-21 22:01:42.730691
161,2022-12-08 00:00:00+05:30,301.5,302.3949890136719,287.2550048828125,289.125,67270,0.0,0.0,2022-12-08,263.99275131225585,19.699950135711532,283.69270144796735,244.29280117654432,303.3926515836789,224.59285104083278,73.65053134573873,135.54928862100078,776210,93080.04517890059,98395.55557440581,204.65106199923994,80.2992559706122,292.9249979654948,298.5949910481771,283.45500691731775,308.0649820963542,277.78501383463544,313.7349751790365,268.31502278645837,0.17108738740108811,-25.115031850383353,17.994473230654478,15.774145058058135,2.220328172596343,70.74473468516513,51.268946091390774,291.5450073242188,263.99275131225585,229.68550048828126,208.2561033630371,IONEXCHANG.BO,2023-08-21 22:01:42.730691
162,2022-12-07 00:00:00+05:30,298.4949951171875,305.5,294.7250061035156,301.8900146484375,54630,0.0,0.0,2022-12-07,261.53150100708007,19.468393611101757,280.9998946181818,242.0631073959783,300.4682882292836,222.59471378487655,136.40243191003327,162.60463735048162,843480,78927.70246362589,99724.4331732821,204.47138829485868,82.90878640592598,300.7050069173177,306.68500773111975,295.9100138346354,311.48000081380206,289.9300130208333,317.46000162760413,285.135019938151,0.26256803784164906,-5.536787608177682,18.372273825398224,15.219063014909048,3.153210810489176,83.80694472632221,50.90217864971323,289.1840087890625,261.53150100708007,227.9124005126953,207.0609553527832,IONEXCHANG.BO,2023-08-21 22:01:42.730691
163,2022-12-06 00:00:00+05:30,293.3949890136719,298.260009765625,291.2200012207031,297.0450134277344,56980,0.0,0.0,2022-12-06,257.62175064086915,18.776267661305653,276.3980183021748,238.84548297956349,295.17428596348043,220.06921531825785,146.75970925791134,162.43256161573814,788850,81001.71667554039,104923.61585069614,204.30282447370627,82.89833749308134,295.5083414713542,299.79668172200525,292.75667317708337,302.54835001627606,288.4683329264323,306.8366902669271,285.7166646321615,0.25209475067010945,-2.0962667307626996,17.320444752907434,14.430760312286754,2.8896844406206803,82.67907266592408,49.0379324942134,283.37000732421876,257.62175064086915,226.13460021972656,205.74589569091796,IONEXCHANG.BO,2023-08-21 22:01:42.730691
164,2022-12-05 00:00:00+05:30,285.6099853515625,292.4849853515625,285.239990234375,290.45001220703125,101840,0.0,0.0,2022-12-05,253.69300003051757,18.30786504156268,272.0008650720803,235.3851349889549,290.3087301136429,217.0772699473922,150.1177666786015,160.33753380975753,731870,141559.59180672004,110904.09064448507,204.13514671990822,82.90760626243613,289.39166259765625,293.5433349609375,286.29833984375,296.63665771484375,282.14666748046875,300.788330078125,279.0533447265625,0.25082485455615916,-3.7909340949842694,16.1885130340618,13.708339202131583,2.480173831930216,81.00747709163625,47.267062081304395,276.7460021972656,253.69300003051757,224.51419982910156,204.51094772338868,IONEXCHANG.BO,2023-08-21 22:01:42.730691
165,2022-12-02 00:00:00+05:30,275.2200012207031,282.0,275.2200012207031,279.2149963378906,61720,0.0,0.0,2022-12-02,249.64574966430663,18.69742001019445,268.3431696745011,230.94832965411217,287.04058968469553,212.25090964391774,113.52380526441578,145.6677364644841,630030,82473.45136991717,103240.21535392632,203.85532249366503,75.72622783881422,278.81166585286456,282.403330485026,275.62333170572913,285.59166463216144,272.0316670735677,289.1833292643229,268.84333292643225,0.2515876489327225,-6.08079361689581,15.143524619789844,13.088295744149029,2.0552288756408146,77.58689710730354,45.57695948018945,272.8969970703125,249.64574966430663,223.0329995727539,203.29636825561522,IONEXCHANG.BO,2023-08-21 22:01:42.730691
166,2022-12-01 00:00:00+05:30,271.7149963378906,278.3699951171875,271.7149963378906,277.32000732421875,54210,0.0,0.0,2022-12-01,246.02474975585938,19.657448747363546,265.68219850322293,226.36730100849582,285.3396472505865,206.70985226113228,120.10647479534266,149.82791845418652,568310,71946.57466045537,108431.90634992861,203.70696811476145,74.88486584092487,275.8016662597656,279.8883361816406,273.23333740234375,282.4566650390625,269.14666748046875,286.5433349609375,266.5783386230469,0.24457744454335525,-2.4898929062367814,14.682654279238989,12.574488525238824,2.108165754000165,76.9383857223846,44.24221143595493,269.4199951171875,246.02474975585938,221.80499969482423,202.21216384887694,IONEXCHANG.BO,2023-08-21 22:01:42.730691
167,2022-11-30 00:00:00+05:30,266.69000244140625,274.6700134277344,260.0,272.82000732421875,79210,0.0,0.0,2022-11-30,242.4734992980957,20.11640199133392,262.58990128942963,222.35709730676177,282.70630328076356,202.24069531542787,105.37935574383667,143.4643922534782,514100,103420.28767775204,117553.23927229692,203.57946488751423,75.35647463171688,269.16334025065106,278.3266805013021,263.65666707356775,283.83335367838544,254.49332682291669,292.9966939290365,248.98665364583337,0.20815562361341314,-8.3381913719796,14.056763832770514,12.047447086738782,2.0093167460317325,75.36229234651732,43.006105201308294,265.5399963378906,242.4734992980957,220.70419952392578,201.13412200927735,IONEXCHANG.BO,2023-08-21 22:01:42.730691
168,2022-11-29 00:00:00+05:30,272.0050048828125,276.3599853515625,262.7200012207031,263.92498779296875,85120,0.0,0.0,2022-11-29,239.25774917602538,20.15055182602312,259.4083010020485,219.10719735000225,279.5588528280716,198.95664552397915,130.57809170742445,151.99506648748275,434890,107513.16255444076,121086.47717093314,203.4037825806788,76.51271198746214,267.66832478841144,272.61664835611975,258.9766642252604,281.3083089192708,254.02834065755206,286.25663248697913,245.336680094401,0.1689055569228872,-23.50217403905801,13.485634945507599,11.545117900230847,1.940517045276751,71.82613595706522,41.89350987469207,260.8839935302734,239.25774917602538,219.50999938964844,200.07267425537108,IONEXCHANG.BO,2023-08-21 22:01:42.730691
169,2022-11-28 00:00:00+05:30,260.9800109863281,273.5,260.9800109863281,271.2049865722656,86360,0.0,0.0,2022-11-28,236.5137496948242,20.350348553003126,256.8640982478273,216.16340114182108,277.21444680083044,195.81305258881795,201.45818510348195,170.21415861728542,520010,112088.17965061053,124479.80582505622,203.23831516199033,83.28266819416484,268.56166585286456,276.143320719401,263.62333170572913,281.08165486653644,256.0416768391927,288.6633097330729,251.10334269205725,0.22612391339987054,-4.209875178261789,13.426113749051552,11.059988638911658,2.366125110139894,80.61434059985265,40.072851999000406,257.82599487304685,236.5137496948242,218.71239959716797,199.10890594482422,IONEXCHANG.BO,2023-08-21 22:01:42.730691
170,2022-11-25 00:00:00+05:30,256.0050048828125,264.875,255.8000030517578,261.8299865722656,118260,0.0,0.0,2022-11-25,232.96075057983398,20.177273186529682,253.13802376636366,212.7834773933043,273.31529695289333,192.60620420677463,204.08795952830008,160.43458000298455,433650,148185.86175276866,127577.71236866762,203.0492601070659,82.59881956094226,260.8349965413411,265.86999003092444,256.79499308268225,269.9099934895833,251.75999959309894,274.94498697916663,247.71999613444007,0.20496522324971375,-5.232880735484615,12.42951303821792,10.468457361376684,1.9610556768412355,77.28985603291785,38.25207969284826,253.7169982910156,232.96075057983398,217.76689971923827,198.0639385986328,IONEXCHANG.BO,2023-08-21 22:01:42.730691
171,2022-11-24 00:00:00+05:30,243.88499450683594,259.70001220703125,243.88499450683594,257.9200134277344,158170,0.0,0.0,2022-11-24,229.89075088500977,20.224586616208843,250.11533750121862,209.6661642688009,270.3399241174275,189.4415776525921,125.0784506653057,150.26555191944792,315390,195235.44618910912,122425.67502264235,202.82450483174557,81.20574397117002,253.8350067138672,263.78501892089844,247.97000122070312,269.6500244140625,238.01998901367188,279.60003662109375,232.1549835205078,0.19217503777066056,-3.1908186350548027,11.888531627556375,9.978193442166374,1.9103381853900014,75.67519109037708,36.77544233536563,250.34600219726562,229.89075088500977,216.9676998901367,197.10116073608398,IONEXCHANG.BO,2023-08-21 22:01:42.730691
172,2022-11-23 00:00:00+05:30,249.02000427246094,252.11000061035156,246.97999572753906,249.5399932861328,98710,0.0,0.0,2022-11-23,227.08175048828124,20.02716499234989,247.10891548063114,207.05458549593135,267.136080472981,187.02742050358148,66.82908240754386,148.41510027445332,157220,117882.9031679049,104223.23223102564,202.54129777921858,79.07165492653495,249.54332987467447,252.10666402180988,246.97665913899738,254.67333475748697,244.41332499186197,257.2366689046224,241.84665425618488,0.12056191754019402,-12.242748260530515,11.400855333783596,9.500608895818873,1.9002464379647233,71.66604043623954,35.53571748095704,248.76399841308594,227.08175048828124,216.19019958496094,196.18531539916992,IONEXCHANG.BO,2023-08-21 22:01:42.730691
173,2022-11-22 00:00:00+05:30,250.0800018310547,255.0,247.10000610351562,248.63499450683594,129780,0.0,0.0,2022-11-22,224.8167510986328,19.914855094333703,244.73160619296652,204.9018960042991,264.6464612873002,184.9870409099654,82.17650159980042,168.94436378093698,58510,154425.6847716478,100808.31449680583,202.39004403488093,80.20127969721293,250.24500020345053,253.38999430338544,245.49000040690106,258.14499409993493,242.34500630696616,261.2899881998698,237.59000651041669,0.13084596658314285,-13.79638555298387,11.429046678674922,9.025547286327692,2.4034993923472303,71.19253852507515,34.81932135887711,248.5730010986328,224.8167510986328,215.58309967041015,195.35383651733397,IONEXCHANG.BO,2023-08-21 22:01:42.730691
174,2022-11-21 00:00:00+05:30,241.39500427246094,255.0,240.3000030517578,250.66000366210938,123470,0.0,0.0,2022-11-21,222.4285011291504,19.77171192942839,242.20021305857878,202.656789199722,261.9719249880072,182.8850772702936,71.81828739162798,179.85519081423485,188290,148113.96283321973,87403.97192809534,202.19353941414067,79.07023925177438,248.65333557128906,257.0066680908203,242.30667114257812,263.35333251953125,233.95333862304688,271.7066650390625,227.60667419433594,0.19374078474022596,-9.95349825781349,11.381101436706302,8.424672438240883,2.9564289984654195,73.7747453872112,34.01981671398666,246.9200012207031,222.4285011291504,214.60739990234376,194.55929458618164,IONEXCHANG.BO,2023-08-21 22:01:42.730691
175,2022-11-18 00:00:00+05:30,250.9499969482422,255.0,242.5,244.97500610351562,36290,0.0,0.0,2022-11-18,220.05325088500976,19.04165122055675,239.09490210556652,201.011599664453,258.13655332612325,181.96994844389627,70.07320299041199,195.256281392076,64820,42545.9531285337,72226.47420181424,201.9968129856689,76.67113556004426,247.49166870117188,252.48333740234375,239.98333740234375,259.9916687011719,234.99166870117188,264.98333740234375,227.48333740234375,0.16573056496952776,-19.59131383960574,10.947843347428574,7.685565188624528,3.2622781588040457,71.04621002827463,33.158811711796936,245.53000183105468,220.05325088500976,213.67239990234376,193.7249203491211,IONEXCHANG.BO,2023-08-21 22:01:42.730691
176,2022-11-17 00:00:00+05:30,248.74000549316406,255.90499877929688,247.25999450683594,250.00999450683594,64630,0.0,0.0,2022-11-17,218.16900024414062,18.295676789761806,236.46467703390243,199.8733234543788,254.76035382366422,181.57764666461702,94.15634324671433,238.37872857325638,101110,77328.7586288684,79646.60447013436,201.94547799671818,78.91215708439147,251.0583292643229,254.85666402180988,246.21165974934894,259.7033335367838,242.41332499186197,263.5016682942708,237.566655476888,0.18651031736813486,-9.954414304199748,10.787151411662819,6.869995648923515,3.917155762739304,77.69324727671996,31.76951085744684,244.66000061035157,218.16900024414062,212.9338998413086,192.93517486572264,IONEXCHANG.BO,2023-08-21 22:01:42.730691
177,2022-11-16 00:00:00+05:30,240.3699951171875,250.5500030517578,238.80499267578125,248.5850067138672,69180,0.0,0.0,2022-11-16,216.06350021362306,16.80044636448716,232.86394657811022,199.2630538491359,249.66439294259737,182.46260748464874,88.41600877380834,237.0987606446895,36480,82300.97883431161,80226.06593045086,201.84301621354936,76.78022781819743,245.9800008138021,253.15500895182294,241.40999857584637,257.7250111897787,234.23499043782553,264.9000193277995,229.6649881998698,0.23100508346499132,-4.446272995638821,9.922105281277197,5.89070670823869,4.031398573038508,77.13240152966091,29.218984411861776,242.63800048828125,216.06350021362306,212.12380004882812,192.11437866210937,IONEXCHANG.BO,2023-08-21 22:01:42.730691
178,2022-11-15 00:00:00+05:30,243.74000549316406,251.0,236.1999969482422,240.3699951171875,90070,0.0,0.0,2022-11-15,213.60074996948242,15.327827756023076,228.9285777255055,198.27292221345934,244.2564054815286,182.94509445743626,94.76915891775931,243.54666782831862,-32700,103611.9695723741,79707.33770448568,201.73611489650114,74.23225476843737,242.52333068847656,248.84666442871094,234.04666137695312,257.3233337402344,227.72332763671875,263.64666748046875,219.2466583251953,0.2046246877806476,-19.571029006727745,8.80458887757166,4.882857064979063,3.921731812592598,73.55898168703622,26.754445486557998,237.66000061035157,213.60074996948242,211.20829986572267,191.34161743164063,IONEXCHANG.BO,2023-08-21 22:01:42.730691
179,2022-11-14 00:00:00+05:30,243.88999938964844,246.6699981689453,239.6999969482422,243.7100067138672,26340,0.0,0.0,2022-11-14,211.50725021362305,14.3043775227526,225.81162773637564,197.20287269087046,240.11600525912826,182.89849516811785,125.76741401099774,270.86961763381714,57370,30721.233145633156,73731.17973751356,201.62073267439794,84.27008505358756,243.36000061035156,247.02000427246094,240.0500030517578,250.3300018310547,236.38999938964844,253.99000549316406,233.0800018310547,0.26355327802425904,-5.921759365678852,8.049480550113003,3.902424111830913,4.147056438282091,78.16770700870252,24.10032664392316,233.28000183105468,211.50725021362305,210.4210998535156,190.5789060974121,IONEXCHANG.BO,2023-08-21 22:01:42.730691
180,2022-11-11 00:00:00+05:30,240.2050018310547,242.89999389648438,233.90499877929688,240.625,87450,0.0,0.0,2022-11-11,209.19574966430665,12.440542288841751,221.6362919531484,196.7552073754649,234.07683424199016,184.31466508662314,151.82883255673568,258.0365172193553,31030,100704.77712032046,84483.66638548367,201.58394036192772,84.15303884747021,239.1433308919271,244.3816630045573,235.3866678873698,248.1383260091146,230.1483357747396,253.3766581217448,226.3916727701823,0.2566121728710042,-4.922631346438427,6.631810707707132,2.86566000226039,3.7661507054467416,76.9257697150415,21.47645315196358,226.43900146484376,209.19574966430665,209.3897998046875,189.81606079101562,IONEXCHANG.BO,2023-08-21 22:01:42.730691
181,2022-11-10 00:00:00+05:30,223.4499969482422,241.85000610351562,223.4499969482422,239.89999389648438,157190,0.0,0.0,2022-11-10,207.07574996948242,10.216720608525243,217.29247057800765,196.85902936095718,227.50919118653292,186.64230875243192,198.09560864415707,244.52430704446684,-56420,180469.85226598821,80428.38870177446,201.47030498978722,80.73515261825882,235.06666564941406,246.68333435058594,228.2833251953125,253.4666748046875,216.66665649414062,265.0833435058594,209.88331604003906,0.2177147279740708,-4.317528701653483,5.020108150875842,1.9241223258987046,3.0959858249771375,76.63418758740325,18.869046495900168,219.67300109863282,207.07574996948242,208.2097998046875,189.0941633605957,IONEXCHANG.BO,2023-08-21 22:01:42.730691
182,2022-11-09 00:00:00+05:30,220.0,227.5,218.98500061035156,223.69500732421875,95790,0.0,0.0,2022-11-09,205.00175018310546,6.862206824093189,211.86395700719865,198.13954335901227,218.72616383129184,191.27733653491907,219.23994494481693,146.43282582708503,-213610,102547.71231173235,55418.022810721006,201.26818835982226,74.51861880334158,223.3933359781901,227.80167134602863,219.2866719563802,231.90833536783853,214.87833658854166,236.31667073567706,210.77167256673175,0.03934474597898867,-12.347857778094689,2.9519803549626715,1.15012586965442,1.8018544853082514,68.40749646248571,16.12243896711604,212.952001953125,205.00175018310546,206.7654998779297,188.49007293701172,IONEXCHANG.BO,2023-08-21 22:01:42.730691
183,2022-11-07 00:00:00+05:30,209.94000244140625,220.625,206.68499755859375,218.47000122070312,47180,0.0,0.0,2022-11-07,204.0125,5.266025650400491,209.27852565040047,198.7464743495995,214.54455130080098,193.480448699199,191.91397023719213,68.62751036048087,-309400,49328.65335285818,43635.600435468165,201.19607889489043,70.35610901261194,215.25999959309897,223.83500162760419,209.89499918619794,229.20000203450522,201.31999715169272,237.77500406901044,195.95499674479169,-0.0005630068570504679,-9.001664826773881,1.8553687429945285,0.6996622483273574,1.1557064946671711,64.67952256892781,14.189906479755823,209.91400146484375,204.0125,205.67965118408202,187.9997137451172,IONEXCHANG.BO,2023-08-21 22:01:42.730691
184,2022-11-04 00:00:00+05:30,203.9149932861328,210.0,203.9149932861328,209.5050048828125,34760,0.0,0.0,2022-11-04,203.44150009155274,4.107603746306282,207.54910383785904,199.33389634524644,211.6567075841653,195.22629259894018,78.64473653734635,-7.843280829321256,-356580,34851.677131953315,42212.337206120654,201.16867945770525,65.05821789187112,207.8066660563151,211.69833882649738,205.6133321126302,213.89167277018228,201.7216593424479,217.78334554036456,199.528325398763,-0.0760095815392778,-22.471366061447217,0.9378458599422572,0.41073562466056446,0.5271102352816928,56.516871316035854,12.787308884207064,208.02900085449218,203.44150009155274,204.70689056396483,187.57486389160155,IONEXCHANG.BO,2023-08-21 22:01:42.730691
185,2022-11-03 00:00:00+05:30,207.0800018310547,208.80499267578125,205.10000610351562,206.7949981689453,48620,0.0,0.0,2022-11-03,203.42149963378907,4.077388575364266,207.49888820915334,199.3441110584248,211.5762767845176,195.26672248306053,73.74441948998282,-17.169468752603215,-391340,48117.65971863742,44052.50222466249,201.15892608114788,62.80007254362128,206.8999989827474,208.69999186197919,204.99500528971356,210.60498555501303,203.19501241048178,212.4049784342448,201.29001871744794,-0.15520819328142027,-35.68124563490027,0.6318450526457013,0.2789580658401412,0.35288698680556013,53.498681559805654,12.70446688127316,206.15700073242186,203.42149963378907,203.88275909423828,187.31837051391602,IONEXCHANG.BO,2023-08-21 22:01:42.730691
186,2022-11-02 00:00:00+05:30,209.11000061035156,210.42999267578125,203.2100067138672,206.2949981689453,101140,0.0,0.0,2022-11-02,203.5317497253418,4.201333914810961,207.73308364015276,199.33041581053084,211.93441755496372,195.12908189571988,55.263276511975974,-20.21397527221378,-439960,99853.00966123637,43036.212851168755,201.14968754074997,55.90177874818191,206.6449991861979,210.07999165852863,202.86000569661456,213.86498514811197,199.42501322428384,217.2999776204427,195.6400197347005,-0.16151476887573932,-38.11848675055096,0.49739248250833157,0.19073631913875116,0.3066561633695804,52.93904963760067,12.810914161111603,204.88399963378907,203.5317497253418,203.0668682861328,187.04287628173827,IONEXCHANG.BO,2023-08-21 22:01:42.730691
187,2022-11-01 00:00:00+05:30,209.94500732421875,211.59500122070312,205.89999389648438,208.5050048828125,87980,0.0,0.0,2022-11-01,203.6604995727539,4.328015942969624,207.98851551572352,199.3324836297843,212.31653145869316,195.00446768681465,114.96352495152416,2.0231370382081018,-338820,87790.99145224373,28832.01364865185,201.13208279227769,75.47831550192893,208.66666666666666,211.43333943684894,205.7383321126302,214.3616739908854,202.9716593424479,217.1283467610677,200.04332478841144,-0.19128226239559826,-27.3458482927486,0.3669586240368403,0.11407227829635604,0.2528863457404843,55.68979519021542,12.925549693245312,203.9730010986328,203.6604995727539,202.26569610595703,186.77370330810547,IONEXCHANG.BO,2023-08-21 22:01:42.730691
188,2022-10-31 00:00:00+05:30,200.14500427246094,211.0,200.11500549316406,209.0449981689453,25570,0.0,0.0,2022-10-31,203.9947494506836,4.937122873701683,208.9318723243853,199.0576265769819,213.86899519808696,194.12050370328024,95.48074108849507,-17.185376475376966,-250840,25581.14742708907,14092.269197753874,201.11007312869398,57.21905303577965,206.72000122070312,213.3249969482422,202.44000244140625,217.60499572753906,195.8350067138672,224.20999145507812,191.5550079345703,-0.12196565404744063,-24.71366061447216,-0.023248395736089833,0.05085069186123496,-0.0740990875973248,56.354176164109695,12.528357499583514,203.12000122070313,203.9947494506836,201.46637725830078,186.5105531311035,IONEXCHANG.BO,2023-08-21 22:01:42.730691
189,2022-10-28 00:00:00+05:30,196.68499755859375,202.0,196.68499755859375,200.14500427246094,13450,0.0,0.0,2022-10-28,203.74499969482423,4.7924227757204205,208.53742247054464,198.95257691910382,213.32984524626508,194.16015414338338,-83.02364095307087,-87.85650715258663,-276410,12882.98646860235,11220.049640420075,201.1031827940196,40.69939463481769,199.61000061035156,202.53500366210938,197.22000122070312,204.9250030517578,194.2949981689453,207.85000610351562,191.90499877929688,-0.1805950820635112,-68.096522721576,-0.5756605341442764,0.06937546376056615,-0.6450359979048426,46.60538989045544,12.180292040530041,201.48500061035156,203.74499969482423,200.642197265625,186.24903381347656,IONEXCHANG.BO,2023-08-21 22:01:42.730691
190,2022-10-27 00:00:00+05:30,202.02999877929688,205.0,199.4499969482422,200.42999267578125,5330,0.0,0.0,2022-10-27,203.78899917602538,4.761571780403026,208.5505709564284,199.02742739562237,213.31214273683145,194.26585561521932,-22.54032715250018,-63.15690120900226,-262960,5112.571933860391,10804.315433374506,201.10362065262586,41.67192358277182,201.6266632080078,203.80332946777344,198.25332641601562,207.17666625976562,196.07666015625,209.35333251953125,192.7033233642578,-0.24901386182076374,-66.70735181346419,-0.3976787892079017,0.23063446323677678,-0.6283132524446784,46.911494921767606,13.0509442565267,202.08699951171874,203.78899917602538,200.01998779296875,186.10378799438476,IONEXCHANG.BO,2023-08-21 22:01:42.730691
191,2022-10-25 00:00:00+05:30,202.75999450683594,205.55499267578125,201.11500549316406,201.74000549316406,4770,0.0,0.0,2022-10-25,204.0817497253418,4.7240248596768,208.8057745850186,199.357724865665,213.5297994446954,194.6337000059882,12.46647943383915,-42.8256707250445,-257630,4605.321132907595,12227.251308253035,201.10374266142495,45.415817357113326,202.80333455403647,204.49166361490887,200.05167643229169,207.24332173665366,198.36334737141928,208.93165079752606,195.6116892496745,-0.12307717269553431,-60.3217176123546,-0.19184982534804362,0.3877127763479464,-0.57956260169599,48.2893850157491,13.620428114796809,203.45899963378906,204.0817497253418,199.34083435058594,185.8416435241699,IONEXCHANG.BO,2023-08-21 22:01:42.730691
192,2022-10-24 00:00:00+05:30,203.98500061035156,205.2449951171875,201.8000030517578,204.24000549316406,2630,0.0,0.0,2022-10-24,204.01824951171875,4.76551274256403,208.78376225428278,199.25273676915472,213.5492749968468,194.4872240265907,37.99541539655783,-23.246174078125463,-252860,2570.668488242627,14132.733852089394,201.1036395114416,43.49530923257814,203.76166788736978,205.72333272298175,202.27834065755206,207.20665995279947,200.3166758219401,209.16832478841144,198.83334859212238,-0.17908795952146195,-48.13551203410115,-0.05443597749169271,0.5326034267719438,-0.5870394042636365,50.94084759117941,13.923974465426275,204.6909973144531,204.01824951171875,198.6470883178711,185.58942565917968,IONEXCHANG.BO,2023-08-21 22:01:42.730691
193,2022-10-21 00:00:00+05:30,204.5050048828125,209.3000030517578,200.0,200.8699951171875,25600,0.0,0.0,2022-10-21,204.45624923706055,5.172182239338802,209.62843147639936,199.28406699772174,214.80061371573817,194.11188475838293,25.23824909238118,-17.448880478184442,-255490,24609.599515934093,17023.250193051084,201.10335913886433,39.06654609254884,203.38999938964844,206.77999877929688,197.47999572753906,212.69000244140625,194.08999633789062,216.0800018310547,188.17999267578125,-0.21270285119804405,-66.34262918936942,-0.12389194535003867,0.6793632778378529,-0.8032552231878916,47.32022777202247,14.126216645610205,203.70899658203126,204.45624923706055,197.77933776855468,185.2994677734375,IONEXCHANG.BO,2023-08-21 22:01:42.730691
194,2022-10-20 00:00:00+05:30,206.4149932861328,206.4149932861328,200.25,203.15499877929688,9130,0.0,0.0,2022-10-20,205.2139991760254,5.702118019253037,210.91611719527845,199.51188115677235,216.61823521453147,193.80976313751933,10.735706656592749,-10.578227983899037,-229890,8876.623554120735,15126.662862330331,201.1035623768966,41.80575746124301,203.27333068847656,206.29666137695312,200.1316680908203,209.43832397460938,197.10833740234375,212.46165466308594,193.9666748046875,-0.2131956212578872,-60.5246933426128,0.12095548048586124,0.8801770836348257,-0.7592216031489645,49.63144463952383,14.344015916577513,203.23499755859376,205.2139991760254,197.06543182373048,185.00366806030274,IONEXCHANG.BO,2023-08-21 22:01:42.730691
195,2022-10-19 00:00:00+05:30,209.6750030517578,214.11500549316406,205.11000061035156,207.2899932861328,10280,0.0,0.0,2022-10-19,205.87574920654296,6.19708795911724,212.0728371656602,199.67866124742574,218.26992512477744,193.48157328830848,84.97002166991109,31.063147546828272,-220760,10198.139868963079,16689.17268938273,201.10292500213313,47.08607446734077,208.8383331298828,212.56666564941406,203.56166076660156,217.8433380126953,199.8333282470703,221.57167053222656,194.55665588378906,-0.17978006122491386,-43.441459297055154,0.2075634835000244,1.0699824844220667,-0.8624190009220423,54.052650672530376,14.965461662498805,202.0999969482422,205.87574920654296,196.39217651367187,184.57946319580077,IONEXCHANG.BO,2023-08-21 22:01:42.730691
196,2022-10-18 00:00:00+05:30,200.4199981689453,211.89999389648438,197.60000610351562,207.89999389648438,30390,0.0,0.0,2022-10-18,206.40199966430663,6.746074784219206,213.14807444852585,199.6559248800874,219.89414923274504,192.90985009586822,36.625199037025965,17.048644648629196,-210480,30236.720720741774,18311.930894487643,201.10075981215167,39.908849471683794,205.79999796549478,213.99998982747394,199.7000020345052,220.09998575846353,191.50001017252603,228.2999776204427,185.40001424153644,-0.21340089510904672,-40.92131491056536,-0.09193123654898727,1.2855872346525774,-1.3775184712015647,54.72120170455732,14.839151993387325,200.28699951171876,206.40199966430663,195.63735382080077,184.07380020141602,IONEXCHANG.BO,2023-08-21 22:01:42.730691
197,2022-10-17 00:00:00+05:30,193.60000610351562,200.0,193.60000610351562,199.3300018310547,10600,0.0,0.0,2022-10-17,207.12099990844726,7.6234010128295,214.74440092127676,199.49759889561776,222.36780193410627,191.87419788278825,-88.50419490624137,-22.110664130677755,-240870,10111.790146387437,15330.733437924107,201.09371842525863,40.671306496370214,197.6433359781901,201.68666585286456,195.2866719563802,204.04332987467447,191.24334208170572,208.08665974934894,188.88667805989581,-0.14229933672564063,-76.32720964156798,-0.5340581543501912,1.6299668524529687,-2.16402500680316,46.00954247839984,14.978695083109063,198.39100036621093,207.12099990844726,194.8771258544922,183.60096572875977,IONEXCHANG.BO,2023-08-21 22:01:42.730691
198,2022-10-14 00:00:00+05:30,200.97500610351562,202.5,197.5449981689453,198.5,10450,0.0,0.0,2022-10-14,207.80999984741212,7.503973253141456,215.31397310055357,200.30602659427066,222.81794635369502,192.8020533411292,-83.60555026885017,-8.081214925578715,-251470,9927.1895296065,16635.469260808273,201.09435574751524,35.60027455333723,199.51499938964844,201.48500061035156,196.52999877929688,204.47000122070312,194.55999755859375,206.44000244140625,191.5749969482422,-0.24223569504130246,-87.90983691989133,-0.24800842669193912,2.1709731041537585,-2.4189815308456977,45.058902878387826,15.307973914046654,199.30700073242187,207.80999984741212,194.40380889892577,183.18981323242187,IONEXCHANG.BO,2023-08-21 22:01:42.730691
199,2022-10-13 00:00:00+05:30,198.4149932861328,200.69500732421875,196.8000030517578,197.47999572753906,9460,0.0,0.0,2022-10-13,209.08724975585938,7.993926654727769,217.08117641058715,201.0933231011316,225.07510306531492,193.09939644640383,-118.77516473684139,-9.399707974243048,-261920,8940.540143010043,18312.539193608718,201.09528028596455,30.549548082301968,198.32500203450522,199.85000101725262,195.95499674479169,202.22000630696616,194.42999776204428,203.74500528971356,192.05999247233075,-0.25677345158788545,-92.81636686535724,0.20372221445452965,2.7757184868651827,-2.571996272410653,43.93235777813101,16.29223053606029,201.01700134277343,209.08724975585938,193.94454406738282,182.7645004272461,IONEXCHANG.BO,2023-08-21 22:01:42.730691
200,2022-10-12 00:00:00+05:30,204.0,204.0,195.84500122070312,198.22500610351562,12040,0.0,0.0,2022-10-12,210.40974960327148,8.15879557108057,218.56854517435204,202.25095403219092,226.72734074543263,194.09215846111033,-122.81706760569992,-1.3228316078505677,-252460,11421.797042106677,20655.538956258388,201.09644696907102,40.82586748006111,199.3566691080729,202.8683369954427,194.71333821614581,207.51166788736978,191.20167032877603,211.02333577473956,186.55833943684894,-0.24764110232500644,-91.45266734252131,0.8794425892032791,3.418717554967846,-2.539274965764567,44.55614324926835,17.032670294117445,203.34200134277344,210.40974960327148,193.43612731933592,182.39737579345703,IONEXCHANG.BO,2023-08-21 22:01:42.730691
201,2022-10-11 00:00:00+05:30,206.9199981689453,206.98500061035156,198.0,198.4199981689453,15570,0.0,0.0,2022-10-11,211.59199905395508,8.012056494186025,219.6040555481411,203.57994255976905,227.61611204232713,195.56788606558302,-113.94621783832062,9.117136414046263,-240420,14785.076154138416,22963.974434796313,201.0976268116372,35.41691587893382,201.13499959309897,204.26999918619794,195.28499857584637,210.12000020345053,192.1499989827474,213.2549997965495,186.2999979654948,-0.1648163442243402,-98.36512989867072,1.6578723109187194,4.053536296408987,-2.395663985490268,44.705463599717646,17.83006695664053,205.49700012207032,211.59199905395508,192.95990173339842,182.00501190185548,IONEXCHANG.BO,2023-08-21 22:01:42.730691
202,2022-10-10 00:00:00+05:30,200.90499877929688,210.4949951171875,200.90499877929688,203.91000366210938,36860,0.0,0.0,2022-10-10,212.62324905395508,7.54091992607449,220.16416898002956,205.0823291278806,227.70508890610407,197.5414092018061,-39.18269135233232,26.760128893183765,-224850,35970.24329262962,25008.699004960785,201.09905034444628,44.58701346051044,205.10333251953125,209.30166625976562,199.711669921875,214.69332885742188,195.51333618164062,218.89166259765625,190.12167358398438,-0.1775413863840758,-81.19741519025096,2.61017520105122,4.652452292781555,-2.042277091730335,49.12244358860967,19.001321353166635,207.58699951171874,212.62324905395508,192.49062927246095,181.6271659851074,IONEXCHANG.BO,2023-08-21 22:01:42.730691
203,2022-10-07 00:00:00+05:30,210.3000030517578,211.05999755859375,206.14999389648438,207.0500030517578,8430,0.0,0.0,2022-10-07,213.3869987487793,7.383885796112468,220.77088454489177,206.0031129526668,228.15477034100422,198.61922715655436,5.102082430586412,39.68457362094226,-187990,8353.189382972967,22268.312933043573,201.09550805186183,55.75207169585838,208.08666483561197,210.02333577473956,205.1133321126302,212.99666849772134,203.1766611735026,214.93333943684894,200.20332845052081,-0.03509641275880212,-71.03560286055439,3.249181008772041,5.163021565714138,-1.9138405569420973,51.84280060190738,20.231504143741937,209.84299926757814,213.3869987487793,191.87333587646484,181.20541442871092,IONEXCHANG.BO,2023-08-21 22:01:42.730691
204,2022-10-06 00:00:00+05:30,208.61000061035156,214.0,208.52499389648438,209.10499572753906,8440,0.0,0.0,2022-10-06,213.0269989013672,7.868706431380473,220.89570533274767,205.15829246998672,228.76441176412814,197.28958603860625,27.555107023752264,50.10611814153581,-179560,8446.102881677474,25747.093820561226,201.09379143584755,48.15249899525394,210.54332987467447,212.56166585286456,207.08665974934894,216.0183359781901,205.06832377115884,218.0366719563802,201.61165364583331,-0.04230734096340126,-64.38513981300325,3.7088297013618217,5.641481704949662,-1.9326520035878403,53.643763258901295,20.708887680509562,209.2429992675781,213.0269989013672,191.24325958251953,180.76750381469728,IONEXCHANG.BO,2023-08-21 22:01:42.730691
205,2022-10-04 00:00:00+05:30,210.0050048828125,210.11500549316406,208.10000610351562,209.0,13000,0.0,0.0,2022-10-04,212.7672492980957,8.087685158804096,220.8549344568998,204.67956413929159,228.94261961570388,196.5918789804875,-4.185738363530526,47.384749054099196,-188000,13002.867897721357,30072.341555282164,201.09147848569862,51.30637941088083,209.07167053222656,210.0433349609375,208.02833557128906,211.086669921875,207.05667114257812,212.05833435058594,206.01333618164062,-0.05665681034113708,-65.61515789960102,4.038739283632964,6.124644705846622,-2.085905422213658,53.57070491912201,20.809996606262313,207.6269989013672,212.7672492980957,190.6053024291992,180.25463790893554,IONEXCHANG.BO,2023-08-21 22:01:42.730691
206,2022-10-03 00:00:00+05:30,215.1999969482422,215.1999969482422,207.5500030517578,208.8699951171875,18320,0.0,0.0,2022-10-03,212.7197494506836,8.113722922164074,220.83347237284767,204.60602652851952,228.94719529501174,196.49230360635545,0.22288314218286454,54.40030429269638,-201000,18312.64337243098,34339.70996967237,201.0879599833391,58.4582318777366,210.53999837239584,213.52999369303387,205.8799997965495,218.18999226888022,202.89000447591147,221.17998758951825,198.23000590006512,-0.05395827772558528,-70.14141562843847,4.41027099040997,6.646121061400036,-2.2358500709900664,53.48220570595089,21.396499057583757,207.08399963378906,212.7197494506836,189.98265747070312,179.72994018554687,IONEXCHANG.BO,2023-08-21 22:01:42.730691
207,2022-09-30 00:00:00+05:30,202.0,217.80499267578125,200.96499633789062,215.19000244140625,34600,0.0,0.0,2022-09-30,212.75149993896486,8.099094510251152,220.850594449216,204.6524054287137,228.94968895946715,196.55331091846256,0.057158161852625476,59.43317704318236,-182680,35632.61547408744,38346.47661898271,201.08307784339485,67.34414154195144,211.31999715169272,221.6749979654948,204.83500162760419,228.15999348958334,194.4800008138021,238.51499430338544,187.99500528971356,0.036480285925580544,-52.619905469094704,4.831925383902842,7.205083579147552,-2.3731581952447103,58.51746533505293,22.02811708208377,205.40400085449218,212.75149993896486,189.33958587646484,179.23777969360353,IONEXCHANG.BO,2023-08-21 22:01:42.730691
208,2022-09-29 00:00:00+05:30,203.8000030517578,207.15499877929688,200.75,204.0500030517578,14810,0.0,0.0,2022-09-29,212.13249969482422,8.371427768915495,220.50392746373973,203.7610719259087,228.8753552326552,195.38964415699323,-78.89475278036394,38.69961877689927,-217280,14462.426874742172,39024.94190520653,201.06634326037496,71.05093246680019,203.98500061035156,207.22000122070312,200.81500244140625,210.38999938964844,197.5800018310547,213.625,194.41000366210938,0.003450719145054682,-83.50430203186875,4.676134827218334,7.79837312795873,-3.1222383007403955,50.96061125975181,22.708321108468404,204.96600036621095,212.13249969482422,188.5864401245117,178.68029571533202,IONEXCHANG.BO,2023-08-21 22:01:42.730691
209,2022-09-28 00:00:00+05:30,205.10000610351562,207.5050048828125,200.0,201.02499389648438,26610,0.0,0.0,2022-09-28,211.98049926757812,8.551566621592634,220.53206588917075,203.4289326459855,229.08363251076338,194.87736602439287,-116.89288558733942,37.12070693478407,-232090,25600.264008997216,45165.57066282262,201.0648274970783,75.00997311571935,202.84333292643228,205.68666585286456,198.18166097005206,210.34833780924478,195.33832804361978,213.19167073567706,190.67665608723956,0.06652882320430947,-91.89080000998358,5.502946329728246,8.578932703143828,-3.0759863734155815,48.59551102294403,24.11061145052517,207.36099853515626,211.98049926757812,188.03372833251953,178.32117553710938,IONEXCHANG.BO,2023-08-21 22:01:42.730691
210,2022-09-27 00:00:00+05:30,199.5,206.5050048828125,199.5,206.28500366210938,33870,0.0,0.0,2022-09-27,211.53649978637696,9.3441160629686,220.88061584934556,202.19238372340837,230.22473191231416,192.84826766043977,-150.4855870844709,43.4458471398147,-205480,33437.3896208435,50056.897326278966,201.0648638900959,74.41975834998414,204.09666951497397,208.69333902994794,201.68833414713544,211.10167439778647,197.09166463216147,215.69834391276044,194.68332926432294,0.09778191413824186,-74.0440568116346,6.776055195510622,9.347929296497723,-2.5718741009871007,52.69195733263853,25.620770280432453,210.43399963378906,211.53649978637696,187.48008056640626,177.93365325927735,IONEXCHANG.BO,2023-08-21 22:01:42.730691
211,2022-09-26 00:00:00+05:30,207.0,211.1649932861328,198.10000610351562,200.47000122070312,46680,0.0,0.0,2022-09-26,210.3034996032715,11.46080601065353,221.76430561392502,198.84269359261796,233.22511162457855,187.38188758196443,-232.303522249076,43.05322780086446,-239350,44784.70855892172,54211.77425263783,201.0587863716284,71.09752391910207,203.24500020345053,208.38999430338544,195.32500712076825,216.30998738606772,190.18001302083334,221.45498148600262,182.26001993815106,0.08801947765346244,-89.48484777272753,7.785321566518775,9.990897821744499,-2.205576255225724,48.20613587612059,27.11248566481811,212.73999938964843,210.3034996032715,186.82670623779296,177.42416748046875,IONEXCHANG.BO,2023-08-21 22:01:42.730691
212,2022-09-23 00:00:00+05:30,218.5,218.60499572753906,211.93499755859375,213.0,23600,0.0,0.0,2022-09-23,208.66424942016602,14.799622357733222,223.46387177789924,193.8646270624328,238.26349413563247,179.06500470469956,-119.27573393305245,80.80442670335918,-192670,24056.980621371255,56568.540676066856,201.0597326394509,75.07547848025249,214.5133310953776,217.09166463216144,210.42166646321613,221.1833292643229,207.84333292643228,223.76166280110675,203.75166829427081,0.11011274448736176,-56.21347878477492,9.532218576409832,10.542291885550929,-1.010073309141097,59.481555846099454,28.7189483864642,217.10199890136718,208.66424942016602,186.2095101928711,176.99595275878906,IONEXCHANG.BO,2023-08-21 22:01:42.730691
213,2022-09-22 00:00:00+05:30,215.0,223.69000244140625,213.9199981689453,216.02499389648438,43690,0.0,0.0,2022-09-22,206.4843780517578,17.151325503761313,223.63570355551911,189.3330525479965,240.78702905928043,172.18172704423517,-36.47312436791251,96.49900317723576,-169070,45168.48854640967,64696.43068974075,201.05002294752512,79.35306531311113,217.87833150227866,221.836664835612,212.06666056315106,227.6483357747396,208.10832722981772,231.60666910807294,202.29665629069012,0.11892263690300214,-46.64526251789672,10.390333526318273,10.794810212836202,-0.40447668651792945,62.76731036604184,29.606135097050416,217.1239990234375,206.4843780517578,185.3571911621094,176.45220565795898,IONEXCHANG.BO,2023-08-21 22:01:42.730691
214,2022-09-21 00:00:00+05:30,216.75999450683594,220.50999450683594,211.66000366210938,216.38999938964844,60490,0.0,0.0,2022-09-21,204.1747268676758,18.82729994601584,223.00202681369163,185.34742692165995,241.82932675970747,166.5201269756441,-23.142450243455077,97.56215071196948,-125380,62642.67315773185,69578.41622557351,201.02744514223653,79.36204967289314,216.1866658528646,220.7133280436198,211.86333719889325,225.03665669759116,207.33667500813803,229.56331888834637,203.01334635416669,0.2639766739967046,-45.70694490752545,11.033635335618186,10.895929384465683,0.13770595115250295,63.16425898705468,30.25137881748672,218.72799987792968,204.1747268676758,184.50769561767578,175.90411376953125,IONEXCHANG.BO,2023-08-21 22:01:42.730691
215,2022-09-20 00:00:00+05:30,226.60000610351562,229.0,215.0,217.81500244140625,49030,0.0,0.0,2022-09-20,201.77014846801757,20.20569616174692,221.97584462976448,181.56445230627065,242.1815407915114,161.35875614452374,42.62076821881545,119.87303368327228,-64890,51109.213114675054,71312.35199253392,200.9953094083705,86.41177097287157,220.6050008138021,226.21000162760419,212.21000162760419,234.6050008138021,206.6050008138021,240.21000162760419,198.21000162760419,0.27416779701519467,-37.885097107333586,11.65413278781,10.861502896677557,0.7926298911324423,64.63113079852158,31.273206864482162,220.23599853515626,201.77014846801757,183.55973693847656,175.353173828125,IONEXCHANG.BO,2023-08-21 22:01:42.730691
216,2022-09-19 00:00:00+05:30,214.2050018310547,223.89999389648438,209.24000549316406,222.27999877929688,58350,0.0,0.0,2022-09-19,199.17942123413087,21.33064150377033,220.5100627379012,177.84877973036055,241.84070424167152,156.51813822659022,29.26945501822616,122.50334636977674,-15860,62071.28811787169,76363.13671199864,200.96674283511376,87.2720776432913,218.47333272298178,227.7066599527995,213.04667154947919,233.1333211263021,203.81334431966147,242.3666483561198,198.38668314615887,0.2959486757698825,-23.661690327658583,12.131638576991378,10.663345423894446,1.4682931530969316,69.29143712293573,31.873915806716084,221.0469970703125,199.17942123413087,182.61932800292968,174.78208557128906,IONEXCHANG.BO,2023-08-21 22:01:42.730691
217,2022-09-16 00:00:00+05:30,221.5800018310547,225.14500427246094,211.77499389648438,213.11000061035156,76170,0.0,0.0,2022-09-16,196.37724075317382,21.81198540956518,218.189226162739,174.56525534360864,240.0012115723042,152.75326993404346,22.15415947188524,126.75057194227118,-74210,77685.02285927637,79936.09886053037,200.9235762639229,86.9229996050299,216.67666625976562,221.57833862304688,208.2083282470703,230.0466766357422,203.30665588378906,234.94834899902344,194.83831787109375,0.2677467060132441,-35.12341654413318,12.119443492333005,10.296272135620212,1.823171356712793,64.38907016076084,33.02409045439712,220.39999694824218,196.37724075317382,181.56404449462892,174.1863543701172,IONEXCHANG.BO,2023-08-21 22:01:42.730691
218,2022-09-15 00:00:00+05:30,227.11000061035156,229.8000030517578,222.5,224.0449981689453,38970,0.0,0.0,2022-09-15,194.14869384765626,22.284219023725814,216.4329128713821,171.86447482393044,238.71713189510788,149.58025580020464,103.2953999307072,174.96767721009383,1960,41784.49622144814,80498.86786084386,200.89127147665593,93.17710076197098,225.44833374023438,228.39666748046875,221.09666442871094,232.7483367919922,218.14833068847656,235.69667053222656,213.79666137695312,0.2978998495990771,-15.082350317175374,12.823308037062986,9.840479296442012,2.982828740620974,78.20758397185963,33.893319122128204,221.61499633789063,194.14869384765626,180.63534912109375,173.6931758117676,IONEXCHANG.BO,2023-08-21 22:01:42.730691
219,2022-09-14 00:00:00+05:30,218.30499267578125,234.1699981689453,217.38999938964844,223.92999267578125,71110,0.0,0.0,2022-09-14,191.3382438659668,21.855672843013696,213.1939167089805,169.4825710229531,235.0495895519942,147.62689817993942,128.73385126608105,196.4227215735981,-37010,76206.57731417169,90177.46077069279,200.8598267843436,92.94570307411841,225.163330078125,232.93666076660156,216.1566619873047,241.94332885742188,208.38333129882812,249.71665954589844,199.3766632080078,0.3137532587971128,-15.253664207180302,12.453243822847213,9.094772111286769,3.358471711560444,78.15980000559732,33.02777713503925,216.7759979248047,191.3382438659668,179.50541229248046,173.1159391784668,IONEXCHANG.BO,2023-08-21 22:01:42.730691
220,2022-09-13 00:00:00+05:30,218.0,225.68499755859375,215.11500549316406,221.8699951171875,122300,0.0,0.0,2022-09-13,188.59347076416014,20.97654858292933,209.57001934708947,167.61692218123082,230.5465679300188,146.6403735983015,134.2863666957196,204.22800960363614,-108120,129859.74412302951,93670.18163482306,200.80251353678966,94.8732335147425,220.88999938964844,226.6649932861328,216.09500122070312,231.45999145507812,210.32000732421875,237.2349853515625,205.52500915527344,0.29471005668142225,-6.215056445182794,11.802090274081905,8.255154183396659,3.5469360906852465,77.36878263479247,32.095654995097306,212.77200012207032,188.59347076416014,178.36097747802734,172.5052180480957,IONEXCHANG.BO,2023-08-21 22:01:42.730691
221,2022-09-12 00:00:00+05:30,221.10000610351562,224.0,216.68499755859375,219.0449981689453,121560,0.0,0.0,2022-09-12,185.8235870361328,19.98534899519899,205.8089360313318,165.83823804093382,225.7942850265308,145.85288904573483,143.80471678508206,230.52212274865022,-230420,127430.54601930483,84622.79101277144,200.71211273608336,94.38298665924721,219.90999857584634,223.13499959309894,215.8199971516927,227.2250010172526,212.5949961344401,230.4500020345052,208.50499471028644,0.2906158984466462,-8.058052927792748,10.992475410235016,7.368420160725346,3.62405524950967,76.27657817526968,31.7293549201829,210.00800170898438,185.8235870361328,177.23462158203125,171.94265350341797,IONEXCHANG.BO,2023-08-21 22:01:42.730691
222,2022-09-09 00:00:00+05:30,200.41000366210938,221.39999389648438,200.0749969482422,219.18499755859375,141070,0.0,0.0,2022-09-09,183.22397232055664,18.78184072449097,202.0058130450476,164.44213159606568,220.78765376953857,145.66029087157472,100.42108110316134,229.85262145967332,-108860,147977.26738923587,73920.85226113809,200.63358719075973,93.13955263458034,213.55332946777344,227.0316619873047,205.7066650390625,234.87832641601562,192.22833251953125,248.35665893554688,184.3816680908203,0.3427334577061005,-3.7611606687669417,10.067589785360383,6.462406348347928,3.605183437012455,76.44665642143424,31.474077703097286,208.10000305175782,183.22397232055664,176.1804312133789,171.39196533203125,IONEXCHANG.BO,2023-08-21 22:01:42.730691
223,2022-09-08 00:00:00+05:30,205.0,207.5850067138672,196.50999450683594,199.85000610351562,34620,0.0,0.0,2022-09-08,180.30734634399414,17.3804905115207,197.68783685551483,162.92685583247345,215.06832736703555,145.54636532095273,42.95283536099578,177.91968180887775,-249930,33111.64379035112,55406.748479113645,200.5409116332348,90.6608315085864,201.31500244140625,206.12001037597656,195.0449981689453,212.3900146484375,190.239990234375,217.1950225830078,183.96998596191406,0.28581121408783283,-25.460941558086866,8.71712885930009,5.561110489094814,3.1560183702052758,67.01788208305366,31.413112810860962,204.82500305175782,180.30734634399414,175.1245733642578,170.83577209472656,IONEXCHANG.BO,2023-08-21 22:01:42.730691
224,2022-09-07 00:00:00+05:30,209.7949981689453,212.60499572753906,202.50999450683594,203.91000366210938,31620,0.0,0.0,2022-09-07,178.57358093261718,17.054880775627666,195.62846170824486,161.5187001569895,212.6833424838725,144.46381938136184,75.33236557536242,240.82115129407813,-215310,30856.73068130624,60980.52465130427,200.54175970401573,93.95412606819215,206.34166463216147,210.173334757487,200.07833353678387,216.4366658528646,196.24666341145834,220.26833597819012,189.98333231608075,0.284671912324184,-17.356555461948016,8.760255637279073,4.772105896543494,3.9881497407355786,72.69342344114355,32.74314269670274,205.05700073242187,178.57358093261718,174.51118927001954,170.4362178039551,IONEXCHANG.BO,2023-08-21 22:01:42.730691
225,2022-09-06 00:00:00+05:30,211.2550048828125,212.30499267578125,203.0,208.0500030517578,15610,0.0,0.0,2022-09-06,176.8526924133301,16.071906872350258,192.92459928568036,160.78078554097982,208.9965061580306,144.70887866862958,95.65423693119219,290.7507237220831,-183690,15542.473712763158,68511.47314380377,200.53797929371044,96.38379424701651,207.78499857584634,212.5699971516927,203.26500447591144,217.0899912516276,198.4800059000651,221.87498982747394,193.9600118001302,0.30191342864062914,-8.544791277259606,8.28289159138643,3.7750684613595995,4.507823130026831,79.03069026551219,33.11226441066339,202.7040008544922,176.8526924133301,173.77744079589843,170.0083792114258,IONEXCHANG.BO,2023-08-21 22:01:42.730691
226,2022-09-05 00:00:00+05:30,195.27000427246094,210.5,195.27000427246094,209.5050048828125,100230,0.0,0.0,2022-09-05,174.9276351928711,14.352286651474742,189.27992184434584,160.57534854139635,203.63220849582058,146.2230618899216,109.62147913196884,314.83601652809796,-168080,100494.34979676863,81753.72300156392,200.5338146860659,96.68590435495753,205.09166971842447,214.913335164388,199.68333943684894,220.32166544596353,189.8616739908854,230.14333089192706,184.45334370930988,0.2953596764881834,-2.0732820990601457,7.138495386810206,2.6481126788528915,4.490382707957314,81.35315485841858,33.418548703555246,197.41900024414062,174.9276351928711,172.9364498901367,169.54904968261718,IONEXCHANG.BO,2023-08-21 22:01:42.730691
227,2022-09-02 00:00:00+05:30,204.0800018310547,206.31500244140625,200.89999389648438,202.80999755859375,47260,0.0,0.0,2022-09-02,172.9468147277832,11.84349464259038,184.79030937037356,161.10332008519282,196.63380401296396,149.25982544260242,138.79414101456987,349.51623842676213,-268310,45870.40652466628,77068.56630276275,200.50176596216187,96.39608786871132,203.34166463216147,205.78333536783856,200.36832682291669,208.75667317708334,197.9266560872396,211.19834391276044,194.9533182779948,0.25076448921245753,-8.001142207270274,5.421866802335131,1.5255170018635629,3.8963498004715684,78.68384170325152,33.92690412551969,189.05499877929688,172.9468147277832,172.10495727539063,169.12103500366212,IONEXCHANG.BO,2023-08-21 22:01:42.730691
228,2022-09-01 00:00:00+05:30,192.14500427246094,203.21499633789062,191.0,201.00999450683594,126630,0.0,0.0,2022-09-01,171.58952255249022,9.580210812070572,181.16973336456078,162.00931174041966,190.74994417663137,152.42910092834907,173.8141209913893,351.6028347255456,-315570,121815.84174693104,84868.10624728687,200.49787131420004,96.27583356574618,198.40833028157553,205.81666056315106,193.60166422526044,210.62332661946616,186.1933339436849,218.03165690104169,181.3866678873698,0.26595133101357443,-5.209136187492457,3.8012693086524507,0.5514295517456708,3.24983975690678,77.89441993609145,33.452291976947784,182.3735137939453,171.58952255249022,171.4749349975586,168.7376513671875,IONEXCHANG.BO,2023-08-21 22:01:42.730691
229,2022-08-30 00:00:00+05:30,184.0,197.3000030517578,183.9199981689453,192.14500427246094,134670,0.0,0.0,2022-08-30,170.31586074829102,6.7332660333478405,177.04912678163885,163.58259471494318,183.7823928149867,156.84932868159532,233.65449456831175,308.00352200724376,-442200,123836.72824155207,75631.17237237582,200.49554550521202,93.86615835374126,191.12166849772134,198.32333882649738,184.94333394368488,204.50167338053384,177.74166361490884,211.70334370930988,171.56332906087238,0.22844154765024588,-13.301530702799454,1.8460914648886444,-0.26103038748102425,2.1071218523696684,73.39021603172895,33.202003068156614,176.13790893554688,170.31586074829102,170.7367123413086,168.39246337890626,IONEXCHANG.BO,2023-08-21 22:01:42.730691
230,2022-08-29 00:00:00+05:30,177.0,184.0,174.2100067138672,181.625,35880,10.0,0.0,2022-08-29,169.31156845092772,4.399498040224559,173.71106649115228,164.91207041070317,178.11056453137684,160.5125723704786,313.6670313311538,161.19023648379073,-576870,31187.28533066626,63579.78340508174,200.53607312875673,90.27400980327359,179.94500223795572,185.67999776204425,175.89000447591144,189.73499552408853,170.1550089518229,195.46999104817706,166.10001118977863,0.2636181981576724,-9.330217676414359,0.1879674839872223,-0.7878108505734414,0.9757783345606637,65.68013293629684,33.475184124465926,171.36859436035155,169.31156845092772,170.24232177734376,168.1604148864746,IONEXCHANG.BO,2023-08-21 22:01:42.730691
231,2022-08-26 00:00:00+05:30,169.86971311741485,169.9735229625435,167.03855123212458,167.68499755859375,6580,0.0,0.0,2022-08-26,168.95100479125978,3.5508885280379405,172.50189331929772,165.40011626322183,176.05278184733567,161.8492277351839,5.730262784091768,-45.826771577055055,-612750,5280.433947619257,71677.9079236856,200.5605579080319,76.74104494617457,168.23235725108728,169.42616327004998,166.49119153963105,171.16732898150622,165.29738552066834,172.36113500046892,163.5562198092121,0.24907121755008815,-35.43336580773466,-0.9017206387273973,-1.0317554342136073,0.13003479548621,46.66547669947604,35.41090088974481,168.24368591308593,168.95100479125978,169.9785269165039,168.0190802001953,IONEXCHANG.BO,2023-08-21 22:01:42.730691
232,2022-08-25 00:00:00+05:30,170.73793095838602,171.09654939803966,168.92598911598398,169.40257263183594,10400,0.0,0.0,2022-08-25,169.3145736694336,3.7793443412564796,173.0939180106901,165.5352293281771,176.87326235194655,161.75588498692065,97.09833744580634,-15.023666182657703,-606170,8431.4613338408,88277.27641770219,200.5683657276871,77.73922010726011,169.80837038195318,170.69075164792238,168.5201913658667,171.97893066400886,167.6378100998975,172.86131192997806,166.34963108381103,0.2518767099225656,-30.272768457769825,-0.9103101820836628,-1.0642641330851599,0.1539539510014971,49.82849450649879,35.79355648566234,167.95396423339844,169.3145736694336,170.21464599609374,167.9613246154785,IONEXCHANG.BO,2023-08-21 22:01:42.730691
233,2022-08-24 00:00:00+05:30,167.51041113854254,171.4646028660437,164.30176676970515,169.83197021484375,556750,0.0,0.0,2022-08-24,169.49671173095703,3.8704873328152027,173.36719906377223,165.62622439814183,177.23768639658743,161.75573706532663,57.68842433498662,-36.96133336508163,-595770,452511.0465508147,108238.73018866754,200.58006894560367,70.73379336130633,168.53277995019752,172.7637931306899,165.60095703435135,175.69561604653606,161.36994385385898,179.92662922702843,158.43812093801282,0.2458734483241495,-27.51516232194429,-1.0766699428048412,-1.102752620835534,0.026082678030692863,50.625069908728875,36.50395248819007,167.78126220703126,169.49671173095703,170.31977630615233,167.81835083007812,IONEXCHANG.BO,2023-08-21 22:01:42.730691
234,2022-08-23 00:00:00+05:30,162.50869589147814,169.07699806634085,162.50869589147814,168.29843139648438,12950,0.0,0.0,2022-08-23,169.78242263793945,4.100602820872994,173.88302545881245,165.68181981706644,177.98362827968543,161.58121699619346,-14.568382387248976,-73.3644822942656,-1152520,10430.361209939849,22170.65109813074,201.21086895740794,42.05544194325367,166.6280417847678,170.74738767805744,164.17908550319473,173.1963439596305,160.05973960990508,177.31568985292014,157.61078332833202,-0.0027755939979547334,-50.06036510781914,-1.315636823527342,-1.1092732903432072,-0.2063635331841347,47.871723976687996,37.26899433706609,167.38206787109374,169.78242263793945,170.44283721923827,167.60304092407227,IONEXCHANG.BO,2023-08-21 22:01:42.730691
235,2022-08-22 00:00:00+05:30,166.2788680294457,167.9822769028769,164.77363242991436,166.00045776367188,9030,0.0,0.0,2022-08-22,170.2278579711914,4.40358611511107,174.63144408630248,165.82427185608034,179.03503020141355,161.42068574096928,-37.936989831481114,-81.22669037057673,-1165470,7173.755123319306,25105.72357017846,201.22658163876014,41.45683851471782,166.2521223654877,167.73061230106106,164.52196782809852,169.46076683845024,163.04347789252517,170.9392567740236,161.313323355136,-0.022123723708161725,-62.26417394659543,-1.4506226156211142,-1.0576824070471733,-0.39294020857394085,43.471514434148546,37.46260381173695,167.52928771972657,170.2278579711914,170.75398193359376,167.4091062927246,IONEXCHANG.BO,2023-08-21 22:01:42.730691
236,2022-08-19 00:00:00+05:30,170.57750997343592,170.57750997343592,165.53332187367099,166.23638916015625,19790,0.0,0.0,2022-08-19,170.82122268676758,4.599171999180184,175.42039468594777,166.2220506875874,180.01956668512796,161.6228786884072,-5.477978539705224,-59.39655941469841,-1156440,15744.22918703902,29588.71568189324,201.2383121703608,36.602139033770925,167.4490736690877,169.36482546450443,164.3206373647395,172.49326176885265,162.40488556932277,174.40901356426937,159.27644926497456,-0.023969705027067297,-32.895924141846905,-1.3751506186971767,-0.9594473549036882,-0.41570326379348854,43.829998764469494,37.97464989787443,167.6236602783203,170.82122268676758,171.01888427734374,167.2865170288086,IONEXCHANG.BO,2023-08-21 22:01:42.730691
237,2022-08-18 00:00:00+05:30,169.12417907791658,172.70087390083145,168.08135742213034,168.5390625,29090,0.0,0.0,2022-08-18,171.34522399902343,4.646086806739859,175.9913108057633,166.69913719228356,180.63739761250315,162.0530503855437,68.6141592606618,-15.798861789008354,-1136650,23463.554655275006,33049.837305606794,201.26387564324347,39.11610739683337,169.77376460765393,171.46617179317752,166.8466553144764,174.39328108635505,165.15424812895282,176.08568827187864,162.2271388357753,-0.014398037323869127,-26.72150450270282,-1.2809236447332353,-0.8555215389553159,-0.42540210577791937,47.30111102450096,38.62826665555025,167.78692321777345,171.34522399902343,171.2817105102539,167.17742294311523,IONEXCHANG.BO,2023-08-21 22:01:42.730691
238,2022-08-17 00:00:00+05:30,169.66681888253274,170.3746093632174,167.44434640515826,167.83599853515625,7920,0.0,0.0,2022-08-17,171.79490661621094,4.793101079295,176.58800769550595,167.00180553691592,181.38110877480094,162.20870445762094,4.021827485009865,-38.340993939565166,-1165740,6361.50408321073,35446.40796818974,201.29904541438532,37.106277485385995,168.55165143451063,169.658956463863,166.72869350580388,171.48191439256976,165.6213884764515,172.58921942192214,163.79843054774474,0.01695893882737675,-28.63566647402252,-1.3676550654043922,-0.749171012510836,-0.6184840528935562,46.0946463183929,39.67714278588285,166.24960632324218,171.79490661621094,171.55472900390626,167.00226837158203,IONEXCHANG.BO,2023-08-21 22:01:42.730691
239,2022-08-16 00:00:00+05:30,167.03855626635166,172.28091760325933,167.03855626635166,169.03453063964844,127100,0.0,0.0,2022-08-16,172.22382736206055,4.804000368437826,177.02782773049836,167.41982699362273,181.8318280989362,162.6158266251849,7.656453843806583,-21.566947709335462,-1157820,102818.31789433665,42717.6339394345,201.30883955651373,36.62109763241753,169.45133483641982,171.86411340648797,166.6217520695803,174.69369617332748,164.20897349951215,177.10647474339564,161.37939073267265,0.03267554205215558,-25.37254293115316,-1.3887343716138503,-0.5945499992874468,-0.7941843723264035,47.837996651376784,40.25881482747764,165.71734619140625,172.22382736206055,171.85587036132813,166.87524353027345,IONEXCHANG.BO,2023-08-21 22:01:42.730691
240,2022-08-12 00:00:00+05:30,167.6991603085957,168.58153683172208,165.02842908242752,166.47232055664062,17680,0.0,0.0,2022-08-12,172.43923110961913,4.749748175659173,177.1889792852783,167.68948293395997,181.93872746093749,162.93973475830077,-33.920848817336285,-71.02976421837603,-1284920,14085.54988632615,27692.462950708956,201.46114763217994,19.3215521874522,166.6940954902634,168.3597618980993,164.80665414880474,170.24720323955796,163.14098774096885,171.91286964739385,161.25354639951018,0.08564992943773417,-33.01959556865819,-1.5127180940727385,-0.3960039062058459,-1.1167141878668927,43.61341182190665,40.88523087227204,165.80888671875,172.43923110961913,172.18758819580077,166.73953643798828,IONEXCHANG.BO,2023-08-21 22:01:42.730691
241,2022-08-11 00:00:00+05:30,163.2636661694332,170.912517711431,160.88548619090946,167.05270385742188,18690,0.0,0.0,2022-08-11,172.7964294433594,4.541456255463705,177.3378856988231,168.25497318789567,181.8793419542868,163.713516932432,-51.956697251976095,-81.67028725821793,-1267240,14942.123536850397,31094.191216804655,201.48413119014745,16.143584951000264,166.28356925325411,171.68165231559877,161.65462079507722,176.31060077377566,156.25653773273257,181.70868383612031,151.62758927455567,0.09373021075911912,-33.5184154548927,-1.396195986711433,-0.11682535923912274,-1.2793706274723102,44.36940295567246,40.69845696755548,166.4241943359375,172.7964294433594,172.3424526977539,166.62275100708007,IONEXCHANG.BO,2023-08-21 22:01:42.730691
242,2022-08-10 00:00:00+05:30,165.53332453067458,165.53332453067458,158.54507405541344,160.85247802734375,20790,0.0,0.0,2022-08-10,172.92430419921874,4.40517826519769,177.32948246441643,168.51912593402105,181.73466072961412,164.11394766882336,-136.63074251491037,-166.9768861821814,-1285930,16004.118453895471,35132.20813679322,201.5080572743147,14.336027814062234,161.6436255378106,164.74217702020778,157.75392654494664,168.63187601307175,154.65537506254947,171.73042749546892,150.7656760696855,0.09155341730839346,-50.12237355970227,-1.283016856352873,0.20301729762895487,-1.4860341539818278,32.808556804703855,40.497315839399185,166.99137268066406,172.92430419921874,172.53176300048827,166.5230941772461,IONEXCHANG.BO,2023-08-21 22:01:42.730691
243,2022-08-08 00:00:00+05:30,170.18114331736624,170.91252104724202,164.29704460012564,165.17469787597656,24670,0.0,0.0,2022-08-08,173.40088272094727,3.4403770123476463,176.84125973329492,169.9605057085996,180.28163674564257,166.52012869625196,-83.805553187319,-82.76989483193803,-1265140,19501.237996661745,39914.23055751766,201.5395070655204,14.470150322532746,166.7947545077814,169.29246441543714,162.67698796832076,173.41023095489777,160.179278060665,175.90794086255352,156.06151152120438,0.09874229980500837,-40.1630737325731,-0.5080453220019763,0.5745258361244118,-1.0825711581263882,37.9051706667823,38.96990072683125,169.95370788574218,173.40088272094727,172.81959777832031,166.52545333862304,IONEXCHANG.BO,2023-08-21 22:01:42.730691
244,2022-08-05 00:00:00+05:30,168.9259951304414,171.28529673840845,166.56669352247434,169.4922332763672,146380,0.0,0.0,2022-08-05,173.81965866088868,2.8444998036226896,176.66415846451136,170.975158857266,179.50865826813407,168.13065905364329,-61.96718298932297,-44.56910805635056,-1240470,118735.62889828485,45017.47869773164,201.57291829245386,19.06564125316055,169.11474117908332,171.6627888356923,166.9441856197582,173.83334439501743,164.39613796314922,176.38139205162642,162.2255824038241,0.1609907763559401,-29.19312796411836,0.06617757130925384,0.8451686256560088,-0.778991054346755,44.29457651190218,37.733245340456016,172.0261199951172,173.81965866088868,172.941904296875,166.48345779418946,IONEXCHANG.BO,2023-08-21 22:01:42.730691
245,2022-08-04 00:00:00+05:30,172.88491465944875,174.116463218981,167.03855821007934,169.54885864257812,22010,0.0,0.0,2022-08-04,173.79465026855468,2.8864378071556867,176.68108807571036,170.908212461399,179.56752588286605,168.0217746542433,-59.52464771192157,-28.713240195047184,-1094090,17859.29969052876,26587.941147593338,201.74876790387302,31.585801053340575,170.23462669054615,173.43069517101296,166.3527901621113,177.31253169944782,163.15672168164448,180.50860017991462,159.27488515320962,0.08216728439671309,-29.049254865499027,0.3751423714751354,1.0399163892426975,-0.6647740177675621,44.39107945187449,36.5798197265853,172.5395050048828,173.79465026855468,172.7667498779297,166.4326383972168,IONEXCHANG.BO,2023-08-21 22:01:42.730691
246,2022-08-03 00:00:00+05:30,171.8515362626307,173.5219114464436,164.30177105658493,169.8885955810547,96580,0.0,0.0,2022-08-03,173.8569351196289,2.802209411463522,176.6591445310924,171.0547257081654,179.46135394255595,168.25251629670186,-103.63594761400896,-47.46413050463699,-1072080,78523.73327360886,28770.101511859484,201.7753291730679,28.779901619084555,169.23742602802773,174.17308099947053,164.95294060961186,178.4575664178864,160.01728563816906,183.3932213893292,155.7328002197532,0.103167356821422,-28.186055043144,0.7594502254474378,1.206109893684588,-0.4466596682371502,44.90587662404385,35.374241373470525,173.51247863769532,173.8569351196289,172.51024658203124,166.4427833557129,IONEXCHANG.BO,2023-08-21 22:01:42.730691
247,2022-08-02 00:00:00+05:30,175.42822389985383,178.07536770319106,174.37597023399448,175.66415405273438,7290,0.0,0.0,2022-08-02,173.83829650878906,2.8310845862089584,176.66938109499802,171.0072119225801,179.50046568120698,168.17612733637114,29.953974860691222,56.65061885026689,-975500,6128.584646870602,16331.69357142214,201.8911658777516,44.309071861095816,176.03849732997332,177.70102442595217,174.0016269567556,179.7378947991699,172.33909986077674,181.40042189514875,170.302229487559,0.07895311809913755,-13.511580524386535,1.2065149729491793,1.3177748107438754,-0.11125983779469606,54.96870853517022,33.93646976691059,174.52603454589843,173.83829650878906,172.32480560302736,166.4642529296875,IONEXCHANG.BO,2023-08-21 22:01:42.730691
248,2022-08-01 00:00:00+05:30,173.83333521678452,178.30185292572997,172.88018257518453,175.53675842285156,6790,0.0,0.0,2022-08-01,173.38885040283202,3.213634285071639,176.60248468790365,170.17521611776039,179.8161189729753,166.96158183268875,12.508964495681631,45.303116855020214,-982790,5704.103017211254,18882.470802560023,201.89835944656787,39.327053151932326,175.572931307922,178.26568004065948,172.84400969011404,180.99460165846745,170.15126095737656,183.68735039120492,167.4223393395686,0.05028534361491651,-13.835265919259301,1.1918077930253617,1.3455897701925492,-0.15378197716718756,54.75697017223042,33.20270811016358,174.0022705078125,173.38885040283202,171.97581756591796,166.3746467590332,IONEXCHANG.BO,2023-08-21 22:01:42.730691
249,2022-07-29 00:00:00+05:30,175.8859387046467,176.37667748180147,141.62416691956227,172.0591583251953,85090,0.0,0.0,2022-07-29,172.98942031860352,3.4223012173443594,176.4117215359479,169.56711910125915,179.83402275329223,166.1448178839148,-300.60022905956,-137.03167741753674,-989580,70065.75880040332,22177.062748897213,201.90509573356954,36.042558216526416,163.35333424218635,185.08250156481043,150.32999100257123,198.10584480442554,128.60082367994715,219.83501212704962,115.57748044033204,0.03239958698354766,-22.671113442874386,1.1674669914746119,1.3840352644843459,-0.21656827300973402,48.769162967277865,32.412503249051404,174.00415649414063,172.98942031860352,171.5844567871094,166.2742820739746,IONEXCHANG.BO,2023-08-21 22:01:42.730691
250,2022-07-28 00:00:00+05:30,176.42856512457976,178.35376323261767,172.8801808156941,174.41372680664062,12800,0.0,0.0,2022-07-28,172.721875,3.696989141474838,176.41886414147484,169.02488585852518,180.1158532829497,165.32789671705032,-47.46789293026822,26.90516686425113,-904490,10684.154107458566,10204.888736020686,202.00097743477284,60.09702545955703,175.2158902849841,177.55159975427412,172.07801733735056,180.68947270190768,169.74230786806055,183.02518217119768,166.604434920427,-0.1998457940780299,-43.32402677869417,1.4611054143875606,1.4381773327367795,0.022928081650781085,53.1827406662797,31.12570612625755,175.03375244140625,172.721875,171.35862426757814,166.20355010986327,IONEXCHANG.BO,2023-08-21 22:01:42.730691
251,2022-07-27 00:00:00+05:30,174.24858461679196,177.69788252717902,171.94590386894748,174.9563751220703,9090,0.0,0.0,2022-07-27,172.2787986755371,4.001988883598121,176.28078755913523,168.27680979193897,180.28277644273334,164.27482090834087,-49.5951578711941,22.435176215070015,-891690,7611.02532911669,10085.072393161217,202.01431572926882,50.30041222371974,174.8667205060656,177.78753714318373,172.0355584849522,180.61869916429714,169.11474184783407,183.53951580141526,166.28357982672065,-0.20045092795034122,-39.7447557392105,1.5830242960899739,1.4324453123240843,0.15057898376588952,54.229931285365005,31.545179493088508,175.72455749511718,172.2787986755371,171.0501220703125,166.18458129882814,IONEXCHANG.BO,2023-08-21 22:01:42.730691
252,2022-07-26 00:00:00+05:30,175.4612563062961,176.5795629188439,172.6159392591684,173.0453338623047,15390,0.0,0.0,2022-07-26,171.84775390625,4.159580052107704,176.00733395835772,167.6881738541423,180.1669140104654,163.5285938020346,-41.91790940477789,10.485646101839766,-900780,12745.240205511851,10703.584159172347,202.02360945127862,49.28237274669812,174.08027868010564,175.54461810104286,171.58099444136738,178.0439023397811,170.11665502043016,179.50824176071833,167.6173707816919,-0.21070724281523215,-52.349852708729756,1.6616895560516411,1.3948005663826117,0.2668889896690294,51.06527065985604,32.1656347395411,176.07656555175782,171.84775390625,170.7637026977539,166.1461245727539,IONEXCHANG.BO,2023-08-21 22:01:42.730691
253,2022-07-25 00:00:00+05:30,178.3631949459091,178.72181338502804,174.3240718949039,175.5461883544922,11990,0.0,0.0,2022-07-25,171.5150924682617,4.321650826513286,175.836743294775,167.19344164174842,180.1583941212883,162.87179081523513,27.56086216186523,40.49267716041227,-885390,10073.029343574697,10193.17014758747,202.04047089824797,54.28224590353661,176.1973578781414,178.07064386137887,173.67290237125474,180.59509936826552,171.79961638801726,182.468385351503,169.2751608811306,-0.1751506704091074,-35.85438814479491,1.925436421190824,1.3280783189653544,0.5973581022254695,55.750328630349564,33.12229936695703,176.9740417480469,171.5150924682617,170.53749298095704,166.09705108642578,IONEXCHANG.BO,2023-08-21 22:01:42.730691
254,2022-07-22 00:00:00+05:30,178.81147467539512,179.87316039926267,176.47576032287282,177.20713806152344,6210,0.0,0.0,2022-07-22,171.1968231201172,4.242826296647721,175.4396494167649,166.95399682346948,179.68247571341263,162.71117052682175,75.52120457681568,66.19793356261827,-873400,5266.502853110224,10223.205348590664,202.05248667767665,62.528415652151814,177.85201959455298,179.22827886623315,175.8308787898433,181.24941967094284,174.45461951816313,182.625678942623,172.43347871345344,-0.17126395001575737,-22.6372558332459,1.9876427770067835,1.178738793408987,0.8089039835977965,59.09312306022269,33.464537261393474,177.14768676757814,171.1968231201172,170.291748046875,166.06831481933594,IONEXCHANG.BO,2023-08-21 22:01:42.730691
255,2022-07-21 00:00:00+05:30,178.34904441404146,180.1751415349989,176.95705072027062,177.8677520751953,7780,0.0,0.0,2022-07-21,170.69759521484374,4.082801396945603,174.78039661178934,166.61479381789815,178.86319800873494,162.53199242095255,104.92327215398512,76.67634419152103,-867190,6622.566460661646,11462.380972460773,202.05832407589486,66.78791295382646,178.3333147768216,179.70957883337257,176.4914880186443,181.55140559154987,175.11522396209332,182.92766964810085,173.27339720391603,-0.16455567909356333,-18.675680551561307,1.873591582972523,0.9765127975095379,0.897078785462985,60.4308645905327,32.88540083632869,176.3747802734375,170.69759521484374,169.9039733886719,166.01957168579102,IONEXCHANG.BO,2023-08-21 22:01:42.730691
256,2022-07-20 00:00:00+05:30,176.94762235714245,180.98202238687153,175.3433001277779,176.71641540527344,14750,0.0,0.0,2022-07-20,170.10423049926757,3.8410962991700655,173.94532679843763,166.2631342000975,177.7864230976077,162.42203790092745,115.96777114165869,72.01747607202319,-874970,12474.36438052481,12672.334600410553,202.0654466374894,66.39465667775758,177.68057930664096,180.01785848550404,174.3791362264104,183.3193015657346,172.04185704754732,185.65658074459768,168.74041396731675,-0.17502916287790302,-25.421768847596905,1.634123271340144,0.7522431011437916,0.8818801701963523,58.92645290397563,32.04165176622232,175.5244873046875,170.10423049926757,169.47722290039061,165.86815155029296,IONEXCHANG.BO,2023-08-21 22:01:42.730691
257,2022-07-19 00:00:00+05:30,177.08445619831625,180.62340845189962,174.9846721011767,177.53271484375,19810,0.0,0.0,2022-07-19,169.6649284362793,3.5353205093673803,173.20024894564668,166.12960792691192,176.73556945501406,162.59428741754454,150.21307051508856,76.59662415258578,-860220,16831.095410158727,12721.827155381987,202.0796047827474,68.30900082766286,177.71359846560878,180.44252483004087,174.80378847931794,183.3523348163317,172.07486211488586,186.0812611807638,169.16505212859502,-0.1357322392382414,-18.82189709639168,1.4161610402827876,0.5317730585947034,0.8843879816880842,60.44813658690483,31.132998921492387,174.10324401855468,169.6649284362793,169.1359735107422,165.8536181640625,IONEXCHANG.BO,2023-08-21 22:01:42.730691
258,2022-07-18 00:00:00+05:30,173.95602524597473,178.3254563656126,172.79525290448507,176.41441345214844,16680,0.0,0.0,2022-07-18,169.3537368774414,3.046439276963477,172.40017615440487,166.30729760047794,175.44661543136837,163.26085832351444,148.42395381224577,57.42735942199792,-880030,14082.495571236537,11694.510091687802,202.09803200305456,63.211233827159276,175.84504090741538,178.8948289103457,173.36462544921815,181.37524436854292,170.31483744628784,184.42503237147324,167.8344219880906,-0.11675962938948677,-13.531632503475148,1.0352532233929708,0.31067606317268237,0.7245771602202884,59.10888387006205,30.21149461521692,172.6735107421875,169.3537368774414,168.77415130615233,165.8387074279785,IONEXCHANG.BO,2023-08-21 22:01:42.730691
259,2022-07-15 00:00:00+05:30,176.92874701345997,176.94762545885195,172.02140241407471,173.3426055908203,8700,0.0,0.0,2022-07-15,168.7379592895508,2.7768969034813895,171.5148561930322,165.9610623860694,174.29175309651356,163.184165482588,141.3848903896528,39.96842148842973,-896710,7217.288816133598,11097.513721800617,202.11427648000318,57.38316673791153,174.10387782124897,176.18635322842323,171.260130183646,179.0301008660262,169.17765477647174,181.11257627320046,166.33390713886877,-0.20220942379598622,-28.2858673831201,0.6420258793752964,0.12953177311761022,0.5124941062576862,55.25230783733006,29.59234878481406,172.10067138671874,168.7379592895508,168.6086227416992,165.90344665527343,IONEXCHANG.BO,2023-08-21 22:01:42.730691
260,2022-07-14 00:00:00+05:30,169.82724943918575,176.94761993746525,169.82724943918575,173.6162872314453,12520,0.0,0.0,2022-07-14,168.4421028137207,2.567829263299102,171.0099320770198,165.8742735504216,173.57776134031892,163.3064442871225,151.42898454645618,35.25402137251112,-888010,10402.657633418066,12067.569948217371,202.12377117690568,57.25736848814191,173.4637188693654,177.10018829954507,169.97981780126557,180.5840893676449,166.3433483710859,184.22055879782457,162.85944730298607,-0.16675506779963079,-26.138462311804755,0.431374586189861,0.0014082465531886496,0.42996633963667236,55.68117423876581,29.162353453543826,171.23056335449218,168.4421028137207,168.38722595214844,165.9327963256836,IONEXCHANG.BO,2023-08-21 22:01:42.730691
261,2022-07-13 00:00:00+05:30,172.32339583365493,172.32339583365493,165.8211611544132,169.61019897460938,18430,0.0,0.0,2022-07-13,168.18305130004882,2.26142600709856,170.44447730714737,165.92162529295027,172.70590331424594,163.6601992858517,7.460935415954079,-11.049961421873018,-900530,14959.835251971237,12483.798026917197,202.13731577993568,56.47735242390406,169.2515853208925,172.6820094873718,166.17977480813008,175.75382000013423,162.74935064165078,179.18424416661352,159.67754012888835,-0.24456884111160485,-50.195497049347445,0.12818762369863634,-0.10608333835597944,0.23427096205461578,50.368339164422125,28.69928248331998,170.6662170410156,168.18305130004882,168.02162872314454,165.944640045166,IONEXCHANG.BO,2023-08-21 22:01:42.730691
262,2022-07-12 00:00:00+05:30,173.43226222664993,173.43226222664993,169.0911557381786,170.38404846191406,10060,0.0,0.0,2022-07-12,168.67708892822264,3.38819388211644,172.06528281033908,165.2888950461062,175.45347669245552,161.90070116398977,86.07914043246285,10.848975164294519,-882100,8203.070157060716,11864.788720653687,202.16008131290027,59.62204896416721,170.96915547558083,172.84715521298307,168.50604872451174,175.31026196405216,166.6280489871095,177.1882617014544,164.16494223604042,-0.2552849562758615,-43.068170909240735,0.13261319514145953,-0.16465107886963337,0.2972642740110929,51.46846140352367,29.04122928897627,170.6473419189453,168.67708892822264,167.78239532470704,166.03292510986327,IONEXCHANG.BO,2023-08-21 22:01:42.730691
263,2022-07-11 00:00:00+05:30,168.66175076348026,175.06017543044473,167.37829014119637,173.5502166748047,27650,0.0,0.0,2022-07-11,168.89084091186524,3.627918812709446,172.5187597245747,165.2629220991558,176.14667853728415,161.63500328644633,158.329740732757,24.578644186601174,-872040,22965.177570795026,12780.218361551928,202.17222555795604,57.65308859425317,171.99622741548194,176.6141646897675,168.93227940051915,179.6781127047303,164.31434212623358,184.29604997901586,161.2503941112708,-0.24936907232764058,-13.907056457503312,0.06005752732775704,-0.2389671473724066,0.29902467470016364,56.15739545183365,28.21959367591195,169.90557861328125,168.89084091186524,167.54722015380858,166.08487686157227,IONEXCHANG.BO,2023-08-21 22:01:42.730691
264,2022-07-08 00:00:00+05:30,168.37391514960643,173.0783632138001,168.37391514960643,168.9920654296875,25290,0.0,0.0,2022-07-08,169.01258087158203,3.827842781164425,172.84042365274647,165.1847380904176,176.66826643391087,161.3568953092532,103.45054978485133,6.619259684463148,-899690,20453.359661159695,10233.978559241152,202.20232265094646,51.015735776644334,170.14811459769803,171.92231404578962,167.21786598159596,174.85256266189168,165.44366653350437,176.62676210998328,162.5134179174023,-0.3859342326244689,-46.79941476219523,-0.3455652732991439,-0.3137233160474475,-0.03184195725169636,50.08301193643861,27.33475532338114,168.70516662597657,169.01258087158203,167.30053192138672,166.04094665527344,IONEXCHANG.BO,2023-08-21 22:01:42.730691
265,2022-07-07 00:00:00+05:30,169.32707699575286,172.70087536955012,167.97284019508453,170.7945556640625,5140,0.0,0.0,2022-07-07,169.75576095581056,5.066222938355208,174.82198389416575,164.68953801745536,179.88820683252098,159.62331507910014,154.68158013576,13.291879753843277,-874400,4201.328631226382,7679.133283761515,202.23429453799466,67.04372431962662,170.48942374289905,173.00600729071357,168.27797211624798,175.21745891736464,165.76138856843346,177.73404246517916,163.5499369417824,-0.22751042376380975,-51.74019023751076,-0.41074070188116707,-0.3057628267345234,-0.1049778751466437,52.762515466559655,26.704486879230462,168.24840393066407,169.75576095581056,167.14661071777343,166.13130783081056,IONEXCHANG.BO,2023-08-21 22:01:42.730691
266,2022-07-06 00:00:00+05:30,167.92093314662338,169.86499540005903,166.21280105792573,169.5158233642578,3720,0.0,0.0,2022-07-06,170.178311920166,5.491966243774054,175.67027816394005,164.68634567639197,181.16224440771413,159.1943794326179,72.86654599885696,-3.6637068823472183,-879540,3017.8850610738123,8548.584446895296,202.24044735834295,61.41266519230861,168.5312066074142,170.84961215690265,167.19741781476935,172.1834009495475,164.8790122652809,174.50180649903595,163.54522347263605,-0.19662895588358886,-59.59976695114401,-0.665479634255945,-0.27951835794786245,-0.3859612763080826,51.032604792829765,26.087532011766427,167.19993286132814,170.178311920166,166.94484313964844,166.24412963867186,IONEXCHANG.BO,2023-08-21 22:01:42.730691
267,2022-07-05 00:00:00+05:30,165.3398591165768,173.64932713473135,164.30648382709538,166.67523193359375,21910,0.0,0.0,2022-07-05,170.67140579223633,5.859761108291953,176.5311669005283,164.81164468394437,182.39092800882023,158.95188357565243,60.069701612916425,-4.019995286832428,-883260,17476.841905175563,9931.259293350668,202.2450830154754,50.77677399846516,168.21034763180683,172.11421143651827,162.7713681288823,177.5531909394428,158.86750432417085,181.45705474415425,153.42852482124633,-0.24275225213737822,-81.02204582671733,-0.855603879751186,-0.1830280388708418,-0.6725758408803442,47.03649590896758,25.90112069488429,166.5638641357422,170.67140579223633,166.80866424560546,166.38002532958984,IONEXCHANG.BO,2023-08-21 22:01:42.730691
268,2022-07-04 00:00:00+05:30,168.92599521403088,169.96409368206375,166.66107142927544,167.54815673828125,12990,0.0,0.0,2022-07-04,171.4471435546875,6.3123610350321,177.7595045897196,165.1347825196554,184.0718656247517,158.8224214846233,36.23572469070828,-3.819113587082094,-861350,10415.93635111661,8044.863640394443,202.27478466853196,47.04034277735303,168.05777394987348,169.45447647047152,166.1514542176832,171.3607962026618,164.75475169708517,172.75749872325983,162.8484319648949,-0.2055314833129563,-76.5835502738271,-0.806301615588751,-0.014884078650755722,-0.7914175369379953,48.15434194767416,25.700370045934303,166.50723876953126,171.4471435546875,166.7510025024414,166.52979370117188,IONEXCHANG.BO,2023-08-21 22:01:42.730691
269,2022-07-01 00:00:00+05:30,169.7564801100741,169.7564801100741,164.20267470587285,166.708251953125,5830,0.0,0.0,2022-07-01,172.21438903808593,6.732114213891581,178.9465032519775,165.48227482419435,185.67861746586908,158.75016061030277,-53.30530242544171,-14.463964244508707,-874340,4651.308704985676,7452.0954627139,202.29198524570458,37.905295180001296,166.88913558969065,169.57559647350845,164.0217910693072,172.4429409938919,161.3353301854894,175.1294018777097,158.46798566510594,-0.21301097691139675,-80.85415139977609,-0.8169329533637608,0.1829703055837431,-0.9999032589475039,47.02561656269388,26.140800715118058,166.83376770019532,172.21438903808593,166.72646606445312,166.7279280090332,IONEXCHANG.BO,2023-08-21 22:01:42.730691
270,2022-06-30 00:00:00+05:30,167.04328069410323,168.84577621782896,164.53298027253462,165.5522003173828,9860,0.0,0.0,2022-06-30,173.15999755859374,7.227966695323689,180.38796425391743,165.93203086327006,187.61593094924112,158.70406416794637,-90.42102220517475,-17.731382083814268,-880170,7811.984701624495,8152.292152145955,202.29989727478377,29.782919005598472,166.31031893591546,168.0876575992963,163.77486165400197,170.6231148812098,161.99752299062112,172.40045354459065,159.46206570870763,-0.14077343451479962,-86.73224080289492,-0.7354486198048278,0.4329461203206191,-1.1683947401254469,45.50425472756407,26.653803525367284,166.93663330078124,173.15999755859374,166.64945861816406,166.93224349975586,IONEXCHANG.BO,2023-08-21 22:01:42.730691
271,2022-06-29 00:00:00+05:30,165.51443301847826,168.3172843655455,165.2643476343139,166.33547973632812,4170,0.0,0.0,2022-06-29,173.59316482543946,7.004169711953514,180.59733453739298,166.58899511348594,187.60150424934648,159.58482540153244,-74.50878747765343,-12.013909226587751,-870310,3319.48310074125,8237.36901477632,202.31372141714718,43.295944405660045,166.63903724539583,168.01372685647775,164.96079012524615,169.69197397662742,163.58610051416423,171.06666358770934,161.90785339401455,-0.12654283150897694,-84.95504344240354,-0.506127249534245,0.7250448053519808,-1.2311720548862257,46.33511653563236,27.369029982685138,167.02628479003906,173.59316482543946,166.6506854248047,167.14509963989258,IONEXCHANG.BO,2023-08-21 22:01:42.730691
272,2022-06-28 00:00:00+05:30,167.9209279143939,169.11002512364456,164.584872032938,166.39210510253906,5940,0.0,0.0,2022-06-28,174.10230178833007,6.816415996928944,180.91871778525902,167.2858857914011,187.73513378218794,160.4694697944722,-71.80280075728608,-9.687065690728858,-866140,4730.08203810091,9466.840493285086,202.31944642711855,41.18534853170131,166.6956674197072,168.80646280647642,164.28130971576985,171.22082051041377,162.17051432900064,173.33161589718299,159.75615662506328,-0.10676350129192769,-84.70393535487176,-0.2819989644698353,1.0328378190735372,-1.3148367835433725,46.39562634670651,27.958857035703918,167.345263671875,174.10230178833007,166.6034994506836,167.39301498413087,IONEXCHANG.BO,2023-08-21 22:01:42.730691
273,2022-06-27 00:00:00+05:30,170.95027757305544,172.53572131962179,167.89261754749091,169.18080139160156,8410,0.0,0.0,2022-06-27,174.5449073791504,6.572453907155638,181.11736128630605,167.97245347199475,187.68981519346167,161.39999956483913,-10.36148988530398,20.042783888176846,-860200,6809.207762697289,10651.030107081131,202.3275917861822,38.04953571435194,169.8697134195714,171.8468092916519,167.20370551952104,174.51281719170228,165.22660964744054,176.48991306378278,162.56060174739017,-0.040139723989800175,-74.90510200677248,0.0036491290459821357,1.3615470149593802,-1.357897885913398,49.16809868271265,28.59405540049337,168.32861938476563,174.5449073791504,166.5469708251953,167.57402053833007,IONEXCHANG.BO,2023-08-21 22:01:42.730691
274,2022-06-24 00:00:00+05:30,166.67049706465872,169.90274302531577,165.62296661434442,167.2225799560547,9840,0.0,0.0,2022-06-24,174.65036849975587,6.498356269723516,181.14872476947937,168.15201223003237,187.6470810392029,161.65365596030884,-59.14987261685773,1.6926244033885458,-868610,7874.799951482409,11611.485693177092,202.33823506928255,33.14446431162578,167.58276319857163,169.54255978279883,165.26278337182748,171.86253960954298,163.30298678760028,173.82233619377018,160.98300696085613,-0.008196198240391842,-82.78286008483069,0.09466562744194107,1.7010214864377298,-1.6063558589957887,47.10622563208497,28.499832228432705,167.3122314453125,174.65036849975587,166.36124633789063,167.67877349853515,IONEXCHANG.BO,2023-08-21 22:01:42.730691
275,2022-06-23 00:00:00+05:30,169.48278929111342,169.87915023894755,165.19358063415365,166.00045776367188,9630,0.0,0.0,2022-06-23,174.3259651184082,7.028956309411309,181.3549214278195,167.29700880899688,188.38387773723082,160.26805249958556,-78.1247386555146,-1.9751079215400527,-878450,7650.4165933073,12545.657128600762,202.35143273736486,24.386770137717065,167.0243962122577,168.85521179036175,164.16964218556785,171.7099658170516,162.3388266074638,173.54078139515565,159.48407258077395,-0.015211722987577576,-88.56541120519628,0.40261513983699615,2.1026104511866768,-1.6999953113496806,45.836375817398846,28.75811593769357,167.35281066894532,174.3259651184082,166.23931762695312,167.8027784729004,IONEXCHANG.BO,2023-08-21 22:01:42.730691
276,2022-06-22 00:00:00+05:30,169.89802359185336,169.89802359185336,165.33514241720917,167.9303741455078,15780,0.0,0.0,2022-06-22,173.86212692260742,7.863778631469419,181.72590555407683,165.998348291138,189.58968418554625,158.13456965966859,-84.428470822068,5.2969662047047255,-868820,12681.94210998785,13769.467262424127,202.36480803478045,42.2617451617725,167.72118005152345,170.10721768583772,165.54433651119353,172.28406122616764,163.15829887687926,174.67009886048191,160.98145533654935,-0.009531545680677394,-83.31492770080813,0.911144123292047,2.5276092790240967,-1.6164651557320497,47.511949167087515,29.03946219397223,167.8397705078125,173.86212692260742,166.16164947509765,167.92003570556642,IONEXCHANG.BO,2023-08-21 22:01:42.730691
277,2022-06-21 00:00:00+05:30,167.3499830644093,172.1346392282021,163.69778879026896,171.3088836669922,5640,0.0,0.0,2022-06-21,173.496435546875,8.311458088374023,181.80789363524903,165.18497745850098,190.11935172362305,156.87351937012696,-86.93747457471119,17.309763367621326,-853040,4623.900722089806,14041.348550533196,202.38558217087032,43.34759149128284,169.04710389515444,174.3964190000399,165.95956856210677,177.48395433308758,160.6102534572213,182.83326943797306,157.52271812417362,0.02138887949944304,-72.01267623303677,1.35834258536363,2.931725567957109,-1.573382982593479,50.51489379905956,29.31261306991901,170.15188598632812,173.496435546875,166.1371127319336,168.1272294616699,IONEXCHANG.BO,2023-08-21 22:01:42.730691
278,2022-06-20 00:00:00+05:30,179.21254748033672,179.21254748033672,162.94281252646073,164.09886169433594,18040,0.0,0.0,2022-06-20,172.84172897338868,8.981554268154813,181.8232832415435,163.86017470523387,190.8048375096983,154.87862043707906,-115.08709097614008,15.947376319839822,-858680,14167.447554962555,16395.710507644042,202.39228457576053,47.40766092370996,168.75140723371112,174.5600019409615,158.29026698708552,185.02114218758712,152.48167227983512,190.8297368948375,142.02053203320952,0.014635673546304342,-96.13262643738449,1.5775791849096379,3.325071313605479,-1.747492128695841,43.43314734485227,29.60677555170785,170.82192687988282,172.84172897338868,166.0003677368164,168.31403915405272,IONEXCHANG.BO,2023-08-21 22:01:42.730691
279,2022-06-17 00:00:00+05:30,167.02911514792117,168.73724713983464,163.82990287134524,167.42547607421875,9350,0.0,0.0,2022-06-17,172.43522186279296,9.56323493156066,181.99845679435361,162.8719869312323,191.56169172591427,153.30875199967164,-193.09306151643213,-1.0662893389575503,-840640,7491.739457045536,16952.77624581441,202.41871944112748,52.20631907391856,166.66420869513288,169.49851451892053,164.59117025043113,171.57155296362228,161.7568644266435,174.40585878740993,159.68382598194174,0.020380554553447713,-87.60372360619814,2.54444367428826,3.7619443457794386,-1.2175006714911785,46.27315328249083,29.92356591671122,173.19915771484375,172.43522186279296,166.0482144165039,168.74045944213867,IONEXCHANG.BO,2023-08-21 22:01:42.730691
280,2022-06-16 00:00:00+05:30,182.60994510067442,182.60994510067442,167.14236428029307,168.4352569580078,25200,0.0,0.0,2022-06-16,172.10232467651366,9.858137968111935,181.9604626446256,162.2441867084017,191.81860061273753,152.3860487402898,-147.0831447952495,50.45457095164873,-831290,20313.420378248775,19318.035443006625,202.4312441489643,59.44100452069448,172.72918877965844,178.31601327902382,162.84843245864246,188.1967696000398,157.2616079592771,193.78359409940518,147.3808516382611,-0.012465428198207631,-88.4385639150827,3.4161499198787055,4.066319513652233,-0.6501695937735272,47.141297619173464,31.554582854454285,176.48519592285157,172.10232467651366,166.07850799560546,169.13337753295897,IONEXCHANG.BO,2023-08-21 22:01:42.730691
281,2022-06-15 00:00:00+05:30,176.4710340120995,181.85496191635283,175.46596924048575,179.49095153808594,9790,0.0,0.0,2022-06-15,171.62999267578124,10.261155147469712,181.89114782325095,161.36883752831153,192.15230297072065,151.10768238084182,-20.355174255765277,106.53948417859404,-806090,8409.588855063048,19069.189209196087,202.4640702377965,64.38603072787322,178.93729423164152,182.40861922279728,176.0196265469302,185.3262869075086,172.54830155577443,188.79761189866437,169.6306338710631,0.03235144347357485,-38.888914209597964,4.380990103028495,4.228861912095614,0.15212819093288044,58.25456851033379,32.71933909836886,178.6472595214844,171.62999267578124,166.05963348388673,169.55677780151368,IONEXCHANG.BO,2023-08-21 22:01:42.730691
282,2022-06-14 00:00:00+05:30,171.85152797419715,179.41072483815654,171.85152797419715,174.65908813476562,14620,0.0,0.0,2022-06-14,170.68721542358398,10.36655672005925,181.05377214364324,160.3206587035247,191.42032886370248,149.95410198346548,-87.12407373368842,82.64918522338361,-815880,12220.474609213967,21734.089297729344,202.4726912157694,61.90556864048053,175.3071136490398,178.76269932388243,171.20350245992304,182.86631051299918,167.7479167850804,186.32189618784182,163.64430559596366,0.02244453941076805,-46.617499458975864,4.461080869734843,4.190829864362394,0.27025100537244917,53.8419639418185,32.20298721148204,178.624609375,170.68721542358398,165.70800323486327,169.83706283569336,IONEXCHANG.BO,2023-08-21 22:01:42.730691
283,2022-06-13 00:00:00+05:30,182.10976783113682,182.1286462754051,174.58831339399808,175.98501586914062,26790,0.0,0.0,2022-06-13,170.04100341796874,10.507796044393208,180.54879946236196,159.53320737357552,191.05659550675514,149.02541132918233,-38.69021032583506,109.94455841071898,-801260,22563.055788727357,24112.49296985819,202.48828681121785,65.83648400007965,177.5673251795146,180.54633696503112,173.0060040836241,185.1076580609216,170.0269922981076,188.08666984643813,165.4656712022171,0.026106208885524392,-40.7835030068237,4.97189452183386,4.123267113019281,0.8486274088145791,55.33760097540286,31.91244252313636,180.13078918457032,170.04100341796874,165.3169253540039,170.22469619750976,IONEXCHANG.BO,2023-08-21 22:01:42.730691
284,2022-06-10 00:00:00+05:30,179.1134621262427,185.4930086461988,177.3062433863556,183.8556671142578,31890,0.0,0.0,2022-06-10,169.40469970703126,10.514223964779307,179.91892367181057,158.89047574225194,190.43314763658987,148.37625177747265,55.53921592314454,165.31126394885956,-774470,28059.572635554392,24499.852265140897,202.51554619164102,69.81364613146373,182.21830638227073,187.13036937818586,178.94360411834265,190.40507164211394,174.0315411224275,195.31713463802907,170.75683885849944,0.06985195074832608,-21.733664788292167,5.419975261335253,3.9111102608156365,1.5088650005196165,65.30522519763832,30.94070831470659,181.51239929199218,169.40469970703126,164.76324462890625,170.5708058166504,IONEXCHANG.BO,2023-08-21 22:01:42.730691
285,2022-06-09 00:00:00+05:30,177.31094478618277,180.60925816894402,174.83367814077863,179.24557495117188,13620,0.0,0.0,2022-06-09,168.10283660888672,10.23909951336936,178.34193612225607,157.86373709551737,188.58103563562543,147.624637582148,18.28258911793663,142.10354463692923,-806360,11683.556485273144,23609.92217253752,202.5384200369726,65.08956711888328,178.22950375363152,181.6253293664844,175.84974933831901,184.0050837817969,172.45392372546613,187.4009093946498,170.07416931015362,0.030153628701470696,-32.891764308174984,5.136393657293951,3.5338940106857315,1.6024996466082193,61.53681584249534,29.208565627808074,181.86535034179687,168.10283660888672,164.06423065185547,170.80277221679688,IONEXCHANG.BO,2023-08-21 22:01:42.730691
286,2022-06-08 00:00:00+05:30,182.54387957447213,187.80041054030525,177.4242065358004,179.37770080566406,21590,0.0,0.0,2022-06-08,166.96706924438476,10.197805047673087,177.16487429205785,156.76926419671167,187.36267933973093,146.5714591490386,64.85088799765701,195.84318146555017,-792740,18534.061824727207,26591.51359435361,202.55062124729469,69.46644614925503,181.53410596058993,185.64400538537944,175.2678013808746,191.91030996509477,171.15790195608508,196.0202093898843,164.89159737636976,0.01620850773821159,-32.57197169201467,5.1495233521617365,3.1332690990336767,2.01625425312806,61.71233467468592,27.7537925095154,180.85934448242188,166.96706924438476,163.55414978027343,171.07550765991212,IONEXCHANG.BO,2023-08-21 22:01:42.730691
287,2022-06-07 00:00:00+05:30,181.78419420620466,184.02553079927273,180.10437256424484,182.1899871826172,15440,0.0,0.0,2022-06-07,165.98088150024415,9.883308628956357,175.8641901292005,156.0975728712878,185.74749875815687,146.21426424233144,78.15387373407775,228.05280020742873,-771150,13462.363511969428,28605.87653676021,202.56987863802752,72.42992301244354,182.1066301820449,184.10888779984498,180.1877295648171,186.0277884170728,178.18547194701702,188.03004603487287,176.2665713297892,0.07113410668595016,-25.765215956474577,5.075297864433935,2.6292055357516615,2.4460923286822736,65.45983693653034,25.504914701701683,180.28744812011718,165.98088150024415,163.07313537597656,171.33776763916015,IONEXCHANG.BO,2023-08-21 22:01:42.730691
288,2022-06-06 00:00:00+05:30,187.3285506189848,189.683129052759,179.38714761767625,182.89306640625,50000,0.0,0.0,2022-06-06,164.84346237182618,9.205457732820935,174.04892010464712,155.63800463900523,183.25437783746804,146.4325469061843,104.72442889307534,288.2341285252658,-755710,43763.97463911755,32391.7547929579,202.5819977660507,75.8341837762546,183.98778102556176,188.58841443344727,178.29243299836452,194.2837624606445,173.691799590479,198.88439586853002,167.99645156328177,0.034400511835511995,-24.06350855668032,4.626400697348686,2.0176824535810933,2.6087182437675924,66.39243728985736,23.374718511969125,178.8982940673828,164.84346237182618,162.4498077392578,171.5782748413086,IONEXCHANG.BO,2023-08-21 22:01:42.730691
289,2022-06-03 00:00:00+05:30,175.7019088266378,192.83517097484847,175.44239140033667,185.62042236328125,73110,0.0,0.0,2022-06-03,164.10570831298827,8.221437457159967,172.32714577014823,155.8842708558283,180.5485832273082,147.66283339866834,132.38116862084735,341.93585517664377,-705710,64945.94679145312,29548.699831417987,202.61998620906476,88.46059210105344,184.63266157948883,193.82293175864098,176.43015218412918,202.02544115400062,167.23988200497703,211.21571133315277,159.0373726096174,0.11260070041342339,-17.462315322762613,3.9123366629598024,1.3655028926391952,2.546833770320607,70.00424794202574,21.080661076872524,176.577685546875,164.10570831298827,161.89461669921874,171.81368591308595,IONEXCHANG.BO,2023-08-21 22:01:42.730691
290,2022-06-02 00:00:00+05:30,175.2583673351428,175.81043584849957,172.30924031924556,174.21554565429688,6670,0.0,0.0,2022-06-02,162.93832550048828,6.478587188419276,169.41691268890756,156.459738312069,175.8954998773268,149.98115112364974,85.20401381909535,201.01698402729892,-778820,5561.119805509021,20699.3880914092,202.66808131405443,85.25080556197979,174.11174060734734,175.91424089544913,172.41304536619512,177.61293613660135,170.61054507809334,179.41543642470313,168.91184983694112,0.14078094923114673,-15.465734008214222,2.670237249482142,0.7287944500590434,1.9414427994230983,61.98534547139217,18.61013768523003,171.60050354003906,162.93832550048828,161.29148468017578,171.992001953125,IONEXCHANG.BO,2023-08-21 22:01:42.730691
291,2022-06-01 00:00:00+05:30,176.4757532948812,178.3679177176312,174.21553841184908,176.51821899414062,30710,0.0,0.0,2022-06-01,161.99436950683594,6.11409877933525,168.1084682861712,155.8802707275007,174.22256706550644,149.76617194816544,138.2621267545044,262.0473054908461,-772150,25942.920530979856,24483.955162884242,202.67542721785435,88.3143807047326,176.36722504120698,178.51891167056488,174.36653236478276,180.5196043469891,172.21484573542486,182.671290976347,170.21415305900064,0.10101981615995823,-6.88930279283968,2.1627230209981576,0.24343375020326877,1.9192892707948888,65.25345805629038,17.630850121025958,168.10213317871094,161.99436950683594,160.90304931640625,172.25558319091797,IONEXCHANG.BO,2023-08-21 22:01:42.730691
292,2022-05-31 00:00:00+05:30,171.5495424278432,176.664506736822,171.5495424278432,175.2442169189453,53280,0.0,0.0,2022-05-31,161.05088500976564,5.131957352985093,166.18284236275073,155.91892765678054,171.31479971573583,150.78697030379544,192.34787685792563,259.01511687114055,-802860,44684.55355238345,24119.213820860336,202.7065577247607,77.31683631438595,174.48608869453685,177.4226349612305,172.3076706522517,179.60105300351566,169.37112438555803,182.5375992702093,167.19270634327287,0.049017038017937616,-5.648299452337842,1.2534040507423754,-0.23638856749545345,1.489792618237829,64.28804581656769,16.06063394904625,164.9217987060547,161.05088500976564,160.51442535400392,172.4755174255371,IONEXCHANG.BO,2023-08-21 22:01:42.730691
293,2022-05-30 00:00:00+05:30,167.98227826690493,175.53204358227143,165.24549410009837,171.29002380371094,58230,0.0,0.0,2022-05-30,160.21993865966797,3.9137150430077545,164.13365370267573,156.30622361666022,168.04736874568349,152.39250857365246,227.9097232794002,199.71690426884967,-856140,47734.05968218347,18977.878887979557,202.76337945000725,63.83259785732354,170.6891871620269,176.13288022395545,165.8463307417824,180.97573664419997,160.40263767985385,186.4194297061285,155.55978125960934,-0.02060492172940578,-16.648129842255884,0.1956791484910525,-0.6088367220549107,0.8045158705459632,61.17238152923276,14.580364881977689,161.51590576171876,160.21993865966797,160.2313088989258,172.70389770507813,IONEXCHANG.BO,2023-08-21 22:01:42.730691
294,2022-05-27 00:00:00+05:30,161.35735703077313,165.33985943254166,158.52148619352045,160.73451232910156,17390,0.0,0.0,2022-05-27,159.71622772216796,2.941505288889407,162.65773301105736,156.77472243327855,165.59923829994676,153.83321714438915,51.00839670942398,4.475390883556144,-914370,13376.984715864299,11788.833689428579,202.83471165872461,47.02689995022561,161.5319526517212,164.54241910992198,157.72404587090077,168.35032589074243,154.7135794127,171.3607923489432,150.90567263187955,-0.08877927581147914,-43.11550361976687,-0.7720659748378011,-0.8099656896914015,0.03789971485360033,50.438284707005344,13.125886003264624,158.45164489746094,159.71622772216796,160.02501129150392,172.9726220703125,IONEXCHANG.BO,2023-08-21 22:01:42.730691
295,2022-05-26 00:00:00+05:30,161.84809001904156,161.84809001904156,153.84534301104256,156.72369384765625,12330,0.0,0.0,2022-05-26,159.74430236816406,2.9543869584542466,162.6986893266183,156.7899154097098,165.65307628507256,153.83552845125556,-74.74403718556212,-72.0940090100181,-931760,9247.987788523187,11391.795932819647,202.8632266747574,49.97220855337403,157.47237562591346,161.09940824078436,153.09666123278535,165.47512263391246,149.46962861791445,169.10215524878336,145.09391422478635,-0.09744354000967502,-66.33331547140446,-0.959817071223938,-0.8194406184048015,-0.14037645281913647,45.08512056299299,13.127031595360968,158.4582489013672,159.74430236816406,160.0985269165039,173.34123931884767,IONEXCHANG.BO,2023-08-21 22:01:42.730691
296,2022-05-25 00:00:00+05:30,159.02165639169215,161.84809519540252,151.5190655317026,160.61654663085938,23760,0.0,0.0,2022-05-25,159.94342651367188,2.87317687463874,162.81660338831063,157.07024963903314,165.68978026294937,154.1970727643944,-51.18218014125974,-58.97707024034496,-919430,18263.59349855552,11927.74796889376,202.8853950961698,58.532249507912724,157.99456911932148,164.47007270694036,154.14104304324044,168.3235987830214,147.66553945562157,174.79910237064027,143.81201337954053,-0.07940694495666394,-45.86056644187024,-0.7906478355271531,-0.7843465052000174,-0.006301330327135757,49.94439631910886,13.850050626786341,158.9112335205078,159.94342651367188,160.37532012939454,173.76515853881835,IONEXCHANG.BO,2023-08-21 22:01:42.730691
297,2022-05-24 00:00:00+05:30,156.94073803238072,159.0169204640711,156.30844696091336,158.21475219726562,2440,0.0,0.0,2022-05-24,160.04794311523438,2.936278206296959,162.98422132153132,157.11166490893743,165.9204995278283,154.17538670264045,-54.02595353797517,-59.284445942339254,-943190,1847.5079405196552,10343.78658647832,202.92456636448662,49.617402279735096,157.84670654075003,159.3849661205867,156.67649261742898,160.55518004390777,155.1382330375923,162.09343962374444,153.96801911427124,-0.1344396091582808,-57.764338366155506,-0.9454674542986368,-0.7827711726182335,-0.1626962816804033,46.65021143927811,14.628686506782898,158.91500549316407,160.04794311523438,160.60370025634765,174.1442037963867,IONEXCHANG.BO,2023-08-21 22:01:42.730691
298,2022-05-23 00:00:00+05:30,162.9711251401626,163.65531398729343,155.71391086899018,155.96871948242188,13480,0.0,0.0,2022-05-23,160.32681274414062,3.0167598174058887,163.34357256154652,157.31005292673473,166.3603323789524,154.29329310932886,-45.93202968514183,-43.916407745558615,-945630,10061.828501132934,12467.856247967986,202.92882170976915,55.512192627070064,158.44598144623515,161.17805202348012,153.23664890517688,166.3873845645384,150.5045783279319,169.11945514178336,145.29524578687364,-0.12777058974933136,-68.89612416681554,-0.8928178560188087,-0.7420971021981326,-0.15072075382067607,43.40803509914114,14.298940659463982,159.61902465820313,160.32681274414062,160.77347595214843,174.54132156372071,IONEXCHANG.BO,2023-08-21 22:01:42.730691
299,2022-05-20 00:00:00+05:30,159.88515581717186,166.09483961722927,158.85650373236896,160.7675323486328,26710,0.0,0.0,2022-05-20,160.84444351196288,3.116158584512436,163.96060209647533,157.72828492745043,167.07676068098775,154.612126342938,36.3647536501563,21.242579559889446,-932150,20550.469377726866,13069.36318467675,202.9535269714162,56.162003223540864,161.90629189941035,164.95608006645173,157.71774418159143,169.14462778427065,154.66795601455004,172.19441595131204,150.47940829673112,-0.09832120463158006,-45.112251131009,-0.5906826809104757,-0.7044169137429636,0.11373423283248785,49.34898966712852,13.943829746966687,161.0770690917969,160.84444351196288,160.96410736083985,174.96297576904297,IONEXCHANG.BO,2023-08-21 22:01:42.730691
300,2022-05-19 00:00:00+05:30,156.65762581685289,160.21073344085423,156.65762581685289,158.98861694335938,6500,0.0,0.0,2022-05-19,160.94896087646484,3.1483326771351563,164.0972935536,157.80062819932968,167.24562623073516,154.65229552219452,-47.015120772036575,-34.79693708404217,-958860,4945.712878841925,11199.08663641422,202.9975485556779,41.411206560530495,158.61899206702216,160.58035831719144,157.0272506931901,162.1720996910235,155.06588444302082,164.13346594119278,153.47414306918876,-0.09740340016090543,-53.92891044239212,-0.6675187211045284,-0.7328504719510854,0.06533175084655707,46.8438393473579,12.735208113119027,160.48724365234375,160.94896087646484,161.04847595214844,175.32078750610353,IONEXCHANG.BO,2023-08-21 22:01:42.730691
301,2022-05-18 00:00:00+05:30,168.83161801040387,168.83161801040387,158.5545007392289,160.63540649414062,4390,0.0,0.0,2022-05-18,161.28020706176758,3.2771043836788305,164.5573114454464,158.00310267808877,167.83441582912525,154.72599829440992,65.23290854470486,37.461253177477026,-952360,3374.856481337121,12762.430075807293,203.0087271699158,45.42132593624359,162.67384174792446,166.79318275662,156.51606548544504,172.95095901909943,152.39672447674948,177.07030002779499,146.23894821427007,-0.10426722669491399,-45.76709320041249,-0.58058200202899,-0.7491834096627246,0.16860140763373455,48.92675332455322,12.441637121374086,159.99556579589844,161.28020706176758,161.31904052734376,175.68473342895507,IONEXCHANG.BO,2023-08-21 22:01:42.730691
302,2022-05-17 00:00:00+05:30,164.48578735427833,164.48578735427833,160.14938985795655,161.73484802246094,7800,0.0,0.0,2022-05-17,161.4472457885742,3.3272662939858946,164.7745120825601,158.1199794945883,168.101778376546,154.7927132006024,65.64434371356208,29.369622302997133,-947970,6037.3689855333,15109.323474424837,203.01599768731563,40.058986023229316,162.12334174489862,164.0972936318407,159.76089613551892,166.4597392412204,157.78694424857684,168.43369112816248,155.42449863919714,-0.10350554362457777,-40.31804185190466,-0.6226637795466559,-0.7913337615711581,0.16866998202450223,50.31163064281161,11.595998555579676,159.7992736816406,161.4472457885742,161.5285464477539,176.04056335449218,IONEXCHANG.BO,2023-08-21 22:01:42.730691
303,2022-05-16 00:00:00+05:30,157.53056505916598,164.95291841039972,156.95961812446345,163.25894165039062,5860,0.0,0.0,2022-05-16,161.5387870788574,3.360613548211896,164.8994006270693,158.17817353064552,168.2600141752812,154.8175599824336,70.592825441217,22.111663015277752,-940170,4578.509343104421,17377.312096647718,203.02858656762703,37.83008550968842,161.72382606175128,166.48803399903912,158.49473371310285,169.71712634768755,153.730525775815,174.4813342849754,150.50143342716657,-0.07377497378692974,-32.76433005859963,-0.7753852394675391,-0.8335012570772835,0.058116017609744386,52.207751942909574,11.531612701840553,159.340625,161.5387870788574,161.65660919189452,176.38756927490235,IONEXCHANG.BO,2023-08-21 22:01:42.730691
304,2022-05-13 00:00:00+05:30,159.1679332106478,161.18749488814413,154.4870723057779,157.8184051513672,19340,0.0,0.0,2022-05-13,161.37056884765624,3.3541748727962473,164.7247437204525,158.01639397486,168.07891859324874,154.66221910206374,-55.28580577165566,-46.2928781371386,-946030,14607.087538975995,20577.01278503354,203.03770015913946,34.120280299444076,157.83099078176306,161.17490925774823,154.474486675382,164.5314133641293,151.13056819939683,167.87533184011446,147.77406409301577,-0.0933160213359471,-59.72871332316619,-1.1092668562158678,-0.8480302614797195,-0.26123659473614835,45.36484684904376,11.462274090121497,160.31643371582032,161.37056884765624,161.84488159179688,176.7290545654297,IONEXCHANG.BO,2023-08-21 22:01:42.730691
305,2022-05-12 00:00:00+05:30,159.0169263400646,161.16388501579962,151.5898495813318,156.5302276611328,32590,0.0,0.0,2022-05-12,161.53595581054688,3.2497296397640842,164.78568545031098,158.28622617078278,168.03541509007505,155.0364965310187,-105.90115241138214,-73.1817629295181,-965370,24413.614875796346,22069.494096547925,203.0719256014546,34.34127547845486,156.4279874194214,161.26612525751102,151.6920898230432,166.00202285388923,146.8539519849536,170.84016069197884,142.1180543885754,-0.07242772526891045,-66.11317771665054,-0.9841190155396191,-0.7827211127956823,-0.20139790274393676,43.58626422716856,12.197678951775769,161.20730590820312,161.53595581054688,162.13516998291016,177.13726089477538,IONEXCHANG.BO,2023-08-21 22:01:42.730691
306,2022-05-11 00:00:00+05:30,163.16929674985965,163.16929674985965,150.0515853040479,159.65394592285156,29160,0.0,0.0,2022-05-11,161.81529693603517,3.0294505230597846,164.84474745909495,158.7858464129754,167.87419798215473,155.7563958899156,-95.20117136757125,-56.95747453964309,-932780,22280.07704978594,21483.463901735817,203.1313616128887,35.88526325443347,157.6249426589197,165.1983000137915,152.08058856797976,170.74265410473146,144.50723121310796,178.31601145960326,138.962877122168,-0.1110611342373625,-50.631407410610144,-0.6821149967637723,-0.7323716371096981,0.05025664034592581,47.02424899750261,12.994940858116584,160.96854553222656,161.81529693603517,162.2590802001953,177.58463165283203,IONEXCHANG.BO,2023-08-21 22:01:42.730691
307,2022-05-10 00:00:00+05:30,167.3216779834881,167.3216779834881,158.0967997769894,159.4416046142578,23580,0.0,0.0,2022-05-10,162.16777648925782,3.1715217570179055,165.33929824627572,158.99625473223992,168.51082000329362,155.82473297522202,22.477839475737486,3.2540122451930964,-961940,17992.643254131013,21284.310614723283,203.18109761152354,41.986478329908685,161.6200274582451,165.14325513950078,155.9183769330021,170.84490566474378,152.3951492517464,174.36813334599947,146.6934987265034,-0.12341496027944265,-51.68381325860864,-0.5927621803675436,-0.7449357971961795,0.15217361682863595,46.76179224837632,13.853530603406691,160.5674621582031,162.16777648925782,162.5712628173828,177.97811584472657,IONEXCHANG.BO,2023-08-21 22:01:42.730691
308,2022-05-09 00:00:00+05:30,161.37623302950502,169.86971897842633,158.51676057870426,168.1379852294922,29730,0.0,0.0,2022-05-09,162.41927795410157,3.143273026316732,165.5625509804183,159.27600492778484,168.70582400673504,156.1327319014681,135.3237445135661,61.72677362615788,-938360,23922.703641148597,22107.227454871347,203.22159612430224,49.688003796503004,165.50815492887426,172.49954927904426,161.1465908793222,176.86111332859633,154.1551965291522,183.85250767876633,149.79363247960012,-0.12784305914285546,-8.582817618598213,-0.4484698520083157,-0.7829792014033384,0.33450934939502275,57.77255710749937,12.747395777419603,160.40419921875,162.41927795410157,162.90326354980468,178.35376388549804,IONEXCHANG.BO,2023-08-21 22:01:42.730691
309,2022-05-06 00:00:00+05:30,152.97712616601567,165.15111703300627,149.69296787070581,162.27276611328125,32060,0.0,0.0,2022-05-06,162.3369384765625,3.0040713277728437,165.34100980433533,159.33286714878966,168.3450811321082,156.3287958210168,-67.28324531734742,-39.21693718890608,-968090,24897.66786819017,21653.358408302032,203.26260029305683,51.44910415762309,159.03895033899778,168.38493280728974,152.92678364498929,174.49709950129824,143.58080117669732,183.8430819695902,137.46863448268883,-0.19840780716662568,-37.30009922123825,-1.113398676260772,-0.866606538752094,-0.2467921375086779,50.46499102630421,11.430642885749851,159.01976318359374,162.3369384765625,163.19827056884765,178.6483464050293,IONEXCHANG.BO,2023-08-21 22:01:42.730691
310,2022-05-05 00:00:00+05:30,159.48879090880268,160.4325115650678,154.2983272993446,155.33642578125,22840,0.0,0.0,2022-05-05,162.6703079223633,3.346955358836287,166.01726328119958,159.323352563527,169.36421864003586,155.97639720469073,-157.2280389666023,-77.8549275664302,-1000150,16979.26629050686,20842.28104333,203.31432716383367,51.09125700725585,156.6890882152208,159.079849131097,152.9456648653738,162.823272480944,150.5549039494976,165.2140333968202,146.8114805996506,-0.24946073375315098,-93.28445690997488,-1.3702041719835165,-0.8049085043749244,-0.5652956676085921,38.84695427956601,10.838583457800421,158.82441101074218,162.6703079223633,163.47836669921875,179.00101486206054,IONEXCHANG.BO,2023-08-21 22:01:42.730691
311,2022-05-04 00:00:00+05:30,160.15882930383046,165.15110494000203,156.05836214631745,157.64852905273438,30990,0.0,0.0,2022-05-04,163.2780632019043,3.034114212217979,166.3121774141223,160.24394898968632,169.34629162634025,157.20983477746836,-104.39240159603472,-37.903616727683115,-977310,23380.888514483293,21808.034731535787,203.3574993948227,49.96348380747921,159.61933204635127,163.1803019463851,154.08755915270052,168.71207484003585,150.5265892526667,172.27304474006968,144.99481635901594,-0.14460939386878705,-88.39134211211905,-0.9951079304438224,-0.6635845874727764,-0.331523342971046,41.883134165573516,11.231962191068055,159.8983612060547,163.2780632019043,163.8676513671875,179.41507232666015,IONEXCHANG.BO,2023-08-21 22:01:42.730691
312,2022-05-02 00:00:00+05:30,160.43250860437348,161.20164322904108,158.1439831751572,158.6252899169922,10100,0.0,0.0,2022-05-02,163.4911087036133,2.754755137827686,166.24586384144098,160.7363535657856,169.00061897926867,157.98159842795792,-148.1060268414272,-45.50476654179552,-946320,7667.315152479515,21414.821285798906,203.41337480499308,41.536913243481514,159.32363877373015,160.50329437230312,157.44563431841922,162.38129882761405,156.26597871984626,163.560954426187,154.38797426453533,-0.05273613017532989,-90.17581879917039,-0.7275008232332425,-0.5807037517300149,-0.14679707150322763,43.21365265363957,11.160354309723438,160.9100311279297,163.4911087036133,164.28345489501953,179.8254963684082,IONEXCHANG.BO,2023-08-21 22:01:42.730691
313,2022-04-29 00:00:00+05:30,162.19726822222492,165.24077316695698,159.01693414729024,161.21580505371094,61230,0.0,0.0,2022-04-29,163.31510391235352,3.164046869037768,166.4791507813913,160.15105704331575,169.64319765042904,156.987010174278,-85.83895734338533,-11.79181415771382,-936220,47241.25078474129,24851.697819128753,203.4312254795976,48.21992684601874,161.8245041226527,164.63207409801518,158.40823507834844,168.04834314231945,155.60066510298597,170.85591311768192,152.1843960586817,-0.013602176203877797,-69.92532115827505,-0.47005603891736314,-0.5440044838542079,0.07394844493684471,46.867428231906445,11.97250732947079,161.9434020996094,163.31510391235352,164.62253356933593,180.1747673034668,IONEXCHANG.BO,2023-08-21 22:01:42.730691
314,2022-04-28 00:00:00+05:30,162.9333611191771,165.15111036118375,160.177698605726,161.29600524902344,17620,0.0,0.0,2022-04-28,162.66936264038085,4.604859539169239,167.2742221795501,158.0645031012116,171.87908171871933,153.45964356204237,-54.77659076197932,-9.754764566568241,-874990,13601.256396686922,19254.309577725617,203.533473936493,52.09688194957482,162.20827140531105,164.2388442048961,159.26543244943835,167.1816831607688,157.2348596498533,169.21225596035387,154.2920206939806,-0.06502725596637396,-69.29111951003271,-0.38845313096371115,-0.562491595088419,0.1740384641247078,46.98136188781716,12.704732882797083,162.96450805664062,162.66936264038085,164.78136138916017,180.55895584106446,IONEXCHANG.BO,2023-08-21 22:01:42.730691
315,2022-04-27 00:00:00+05:30,161.48003457203635,162.79180564733818,158.37990890413545,160.7061767578125,37020,0.0,0.0,2022-04-27,162.04981079101563,5.5383136723811415,167.58812446339678,156.51149711863448,173.1264381357779,150.97318344625336,-106.50500818055586,-34.38043395445013,-892610,28472.03413056064,20667.572872985293,203.56293361317043,44.64162908750168,160.62596376976205,162.87201863538866,158.46012189218592,165.03786051296478,156.21406702655932,167.2839153785914,154.0482251489832,-0.09835807810628124,-73.95532512510265,-0.285989531213545,-0.6060012111195959,0.32001167990605095,46.0837724172011,13.182305611762537,163.27688293457032,162.04981079101563,165.11600494384766,180.95248748779298,IONEXCHANG.BO,2023-08-21 22:01:42.730691
316,2022-04-26 00:00:00+05:30,164.01864977299672,165.39176502936272,161.75843481285878,162.70687866210938,8070,0.0,0.0,2022-04-26,161.70157852172852,5.838088586626287,167.53966710835482,155.86348993510222,173.3777556949811,150.02540134847595,-12.109049180665343,0.39939362670096634,-855590,6283.895589916254,18716.457558591457,203.62582871073204,54.506659721371555,163.28569283477694,164.8129508566951,161.17962064019116,166.91902305128087,159.652362618273,168.44628107319903,157.54629042368722,-0.13995319492301575,-64.49369038666103,-0.09238272965328065,-0.6860041310961086,0.5936214014428279,48.677792646382755,14.117284819321577,164.25835571289062,161.70157852172852,165.54341613769532,181.37635971069335,IONEXCHANG.BO,2023-08-21 22:01:42.730691
317,2022-04-25 00:00:00+05:30,166.0948253397885,166.0948253397885,161.37622234718089,163.79214477539062,27130,0.0,0.0,2022-04-25,161.33258361816405,6.002122493848084,167.33470611201213,155.33046112431597,173.3368286058602,149.3283386304679,-3.4191737141598395,1.9869760699049552,-847520,21266.3215175285,21824.598050760258,203.6389234861168,60.690945861692505,163.75439748745336,166.13257262772584,161.4139696351182,168.473000480061,159.03579449484573,170.85117562033346,156.69536664251058,-0.12222604354553346,-57.215297868647944,-0.04014644050835159,-0.8344094814568155,0.7942630409484639,50.10510535901754,14.37007762673519,164.51221618652343,161.33258361816405,165.95138641357423,181.7812158203125,IONEXCHANG.BO,2023-08-21 22:01:42.730691
318,2022-04-22 00:00:00+05:30,163.7968791852179,169.39785901637785,163.26839791791883,166.3213348388672,19590,0.0,0.0,2022-04-22,160.69415664672852,6.393079424991157,167.08723607171967,154.30107722173736,173.48031549671083,147.9079977967462,87.69148923996357,29.756513110992195,-820390,15593.08009863879,21964.167184068196,203.68183862615797,68.67072076181098,166.3291972577213,169.38999659752375,163.26053549906473,172.4586583561803,160.19973615926227,175.51945769598277,157.1310744006057,-0.1843813989705969,-34.21193038218145,-0.07954215055494274,-1.0329752416939313,0.9534330911389886,53.485219615657726,14.642316034719082,164.4669219970703,160.69415664672852,166.30858489990234,182.05970794677734,IONEXCHANG.BO,2023-08-21 22:01:42.730691
319,2022-04-21 00:00:00+05:30,165.73150729267311,166.09483455925914,162.3671408681917,162.85787963867188,15000,0.0,0.0,2022-04-21,160.134765625,6.364188738100282,166.49895436310027,153.77057688689973,172.86314310120056,147.40638814879944,-13.505221895577408,-5.829321018617264,-839980,11690.943108454108,23556.938955425547,203.71091582434002,73.3303845335732,163.7732850220409,165.1794291758901,161.45173548482268,167.50097871310834,160.04559133097348,168.90712286695754,157.72404179375525,-0.21339884341976756,-39.74637155577509,-0.37786231360010447,-1.2713335144786782,0.8934712008785737,49.12701609863417,14.411913554702133,163.18157043457032,160.134765625,166.7293899536133,182.4019482421875,IONEXCHANG.BO,2023-08-21 22:01:42.730691
320,2022-04-20 00:00:00+05:30,163.50903324971898,169.75647369181323,162.3765713593202,165.61354064941406,17190,0.0,0.0,2022-04-20,159.76506271362305,6.412257311107086,166.17732002473014,153.35280540251597,172.58957733583722,146.94054809140889,35.51976202008689,14.982842487409,-824980,13624.520624831166,26523.437917168405,203.73527597004022,68.5149092100944,165.91552856684916,169.45448577437813,162.0745834418851,173.2954308993422,158.53562623435613,176.83438810687116,154.69468110939206,-0.19528638527397013,-27.77344272971008,-0.41297947515229794,-1.4947013146983215,1.0817218395460235,52.79073858570062,14.864207257718979,162.83522338867186,159.76506271362305,167.21502838134765,182.80359573364257,IONEXCHANG.BO,2023-08-21 22:01:42.730691
321,2022-04-19 00:00:00+05:30,166.77903242528566,168.77499232171016,160.5268833141954,163.97618103027344,30180,0.0,0.0,2022-04-19,159.22407455444335,6.348971950494758,165.5730465049381,152.8751026039486,171.92201845543286,146.52613065345383,-8.387766264924391,-3.9830181195425225,-842170,23683.698020220952,29748.16724025271,203.76134408914857,62.01245028786255,164.42601888872633,168.32515446325726,160.0770454557425,172.6741278962411,156.17790988121158,176.57326347077202,151.82893644822775,-0.22869652261865941,-33.503813531677274,-0.7230736758467629,-1.7651317745848274,1.0420580987380645,50.76479174601938,15.348845117416376,162.13592529296875,159.22407455444335,167.63951385498046,183.175751953125,IONEXCHANG.BO,2023-08-21 22:01:42.730691
322,2022-04-18 00:00:00+05:30,159.86627612083518,166.18449293363273,159.46991516649013,163.565673828125,43110,0.0,0.0,2022-04-18,158.87961654663087,6.263893642925062,165.14351018955594,152.6157229037058,171.407403832481,146.35182926078073,-29.775019890392844,-21.434199104021506,-872350,33745.7979525782,31264.284545260645,203.80916559436127,54.80496119274883,163.0733606427493,166.67680611900846,159.96222835186586,169.7879384098919,156.3587828756067,173.39138388615106,153.24765058472326,-0.2666089452265408,-35.151494856734246,-0.9478774449137006,-2.0256462992693436,1.077768854355643,50.269364169487964,16.075858980112418,162.681396484375,158.87961654663087,168.18253051757813,183.59070602416992,IONEXCHANG.BO,2023-08-21 22:01:42.730691
323,2022-04-13 00:00:00+05:30,158.63944127935633,164.18379989729885,157.6013428419408,159.8945770263672,29010,0.0,0.0,2022-04-13,158.75575256347656,6.190415460181137,164.9461680236577,152.56533710329543,171.13658348383885,146.37492164311428,-53.01819063146073,-49.07967117268584,-915460,22198.87548659072,30643.906193431256,203.87838101312317,56.43600397039393,160.5599065885356,163.5184703351304,156.93601327977234,167.14236364389365,153.97744953317755,170.10092739048844,150.3535562244143,-0.302784588397758,-49.886431566920194,-1.180903872599771,-2.295088512858254,1.114184640258483,45.73037961048825,17.208996506900434,162.86258850097656,158.75575256347656,168.60107025146485,184.04954284667969,IONEXCHANG.BO,2023-08-21 22:01:42.730691
324,2022-04-12 00:00:00+05:30,162.9805520149467,162.9805520149467,157.41260598642407,161.1261444091797,30710,0.0,0.0,2022-04-12,158.80978088378907,6.205574833665264,165.01535571745433,152.60420605012382,171.2209305511196,146.39863121645854,-24.720904672694253,-52.53529515233703,-886450,23680.744025687723,32755.163870141387,203.9293460830063,50.041562745293085,160.50643413685017,163.60026228727628,158.03231625875364,166.07438016537282,154.93848810832753,169.16820831579892,152.464370230231,-0.3284313943286532,-44.94320385595865,-1.099808418894412,-2.573634672922875,1.473826254028463,47.06730885964276,17.97385706332277,164.18191223144532,158.80978088378907,168.9963006591797,184.57689407348633,IONEXCHANG.BO,2023-08-21 22:01:42.730691
325,2022-04-11 00:00:00+05:30,167.03382653732785,168.2653894345077,160.6070914188086,162.11705017089844,33290,0.0,0.0,2022-04-11,158.97398834228517,6.312622867957981,165.28661121024314,152.6613654743272,171.59923407820114,146.3487426063692,25.20177324090134,-24.747216378584692,-855740,25828.072687730517,35023.7688312548,203.98191405509732,56.04710997231669,163.66317700807159,166.71926259733456,159.06096458163546,171.3214750237707,156.00487899237248,174.37756061303367,151.40266656593636,-0.3697720212280723,-40.96593644157363,-1.1006086269441937,-2.9420912364299907,1.841482609485797,48.118696512089315,18.519270023893483,165.74471435546874,158.97398834228517,169.36623931884765,185.1260922241211,IONEXCHANG.BO,2023-08-21 22:01:42.730691
326,2022-04-08 00:00:00+05:30,163.73553153354865,170.05845696060103,162.2255727449835,166.7035369873047,38850,0.0,0.0,2022-04-08,159.39630355834962,6.797842185699654,166.19414574404928,152.59846137264995,172.99198792974892,145.8006191869503,60.02580791505745,-2.9064750152030103,-822450,30994.551012585558,37322.69286713586,204.03772343484707,54.478639643638935,166.32918889762973,170.43280505027596,162.59992083465843,174.16207311324726,158.4963046820122,178.26568926589349,154.7670366190409,-0.34599196153295014,-22.55683512626956,-1.1825464512537849,-3.40246188880144,2.2199154375476553,53.238615186280434,19.728284299585443,166.81961059570312,159.39630355834962,169.67842193603516,185.66094589233398,IONEXCHANG.BO,2023-08-21 22:01:42.730691
327,2022-04-07 00:00:00+05:30,169.86499397581437,169.86499397581437,163.40051615621553,164.4716339111328,29880,0.0,0.0,2022-04-07,159.66290435791015,7.192598370420293,166.85550272833044,152.47030598748987,174.04810109875075,145.27770761706955,68.57679160586268,-10.490807752177936,-861300,23519.122380796893,38904.72833077343,204.09589591823422,47.80270503670644,165.91238134772092,168.42424653922632,161.95976871962748,172.37685916731976,159.44790352812208,174.88872435882516,155.49529090002864,-0.3433993370581727,-31.51517982448477,-1.721233784731794,-3.9574407481883536,2.2362069634565596,50.880810112103894,21.12819382273526,165.860791015625,159.66290435791015,170.11734619140626,186.1438005065918,IONEXCHANG.BO,2023-08-21 22:01:42.730691
328,2022-04-06 00:00:00+05:30,168.45413636264956,169.91218304181797,165.42950994533288,166.49119567871094,40290,0.0,0.0,2022-04-06,159.77449951171874,7.287817929814061,167.0623174415328,152.4866815819047,174.35013537134688,145.1988636520906,100.82666351509988,-2.2558120838677054,-831420,32102.440639891764,42751.12981826756,204.14343846451587,46.31532168571799,167.27762955528726,169.12574916524164,164.64307606875656,171.76030265177235,162.79495645880218,173.60842226172673,160.16040297227147,-0.31928707503665044,-23.409124213713078,-2.165028874111215,-4.516492489052493,2.351463614941278,53.13430924876576,22.393905511374687,163.9875030517578,159.77449951171874,170.62771057128907,186.62514526367187,IONEXCHANG.BO,2023-08-21 22:01:42.730691
329,2022-04-05 00:00:00+05:30,169.30348230294462,172.32339996456355,167.02912643408501,168.94015502929688,41730,0.0,0.0,2022-04-05,159.7249542236328,7.242982400547844,166.96793662418065,152.48197182308496,174.2109190247285,145.23898942253712,169.01095910926435,10.79722564944355,-791130,33738.889589844526,45413.30211286151,204.20445281152502,50.37555601921387,169.43089380931517,171.83266118454532,166.53838765406678,174.7251673397937,164.13662027883663,177.12693471502385,161.24411412358825,-0.3200734660687686,-13.579565641620034,-2.8993138387734803,-5.104358392787812,2.2050445540143313,55.923834870960626,23.336200904443608,160.34945983886718,159.7249542236328,171.43270446777345,187.10191299438478,IONEXCHANG.BO,2023-08-21 22:01:42.730691
330,2022-04-04 00:00:00+05:30,162.79180672303227,167.9822701257956,162.31994641369013,167.4915313720703,50870,0.0,0.0,2022-04-04,159.5272445678711,7.029005997364331,166.55625056523542,152.49823857050677,173.58525656259977,145.46923257314242,228.49291508760228,-20.129514852342506,-832860,40775.9513963886,48331.90524361574,204.26373947386955,44.61059169993986,165.931249303852,169.5425521940139,163.88022848190843,171.59357301595747,160.26892559174655,175.20487590611936,158.21790476980297,-0.3292496707945855,-2.3853411673640554,-4.0366774971673465,-5.655619531291395,1.6189420341240481,54.614379107902664,24.013951252023794,156.34242248535156,159.5272445678711,172.1882470703125,187.53795913696288,IONEXCHANG.BO,2023-08-21 22:01:42.730691
331,2022-04-01 00:00:00+05:30,154.77962193553304,163.60813917328147,154.77962193553304,161.90943908691406,56440,0.0,0.0,2022-04-01,159.77851028442382,7.408276896950226,167.18678718137403,152.3702333874736,174.59506407832427,144.96195649052336,178.30113282279703,-65.8281547044316,-883730,43732.9411042191,50220.89370542253,204.33925665964617,37.11784969164356,160.09906673190952,165.418511528286,156.58999429053756,168.92758396965795,151.2705494941611,174.24702876603442,147.76147705278913,-0.3532985929101666,-42.23683395613739,-5.289018373911915,-6.060355039822406,0.771336665910491,49.22389282500239,25.476357407463485,153.59242248535156,159.77851028442382,173.05392211914062,187.98547149658202,IONEXCHANG.BO,2023-08-21 22:01:42.730691
332,2022-03-31 00:00:00+05:30,150.89148509839484,159.96064057670992,148.50859636014158,155.10519409179688,109620,0.0,0.0,2022-03-31,160.23857345581055,7.821742051904166,168.0603155077147,152.4168314039064,175.8820575596189,144.59508935200222,-1.3458130699680133,-109.36106759245492,-940170,81370.25016571116,51842.88185572339,204.43615429843652,30.42385996620156,154.5248103428828,160.54102432562402,149.08898010905568,165.97685455945114,143.07276612631446,171.99306854219236,137.63693589248734,-0.3856078645246078,-71.38601160692072,-6.262506038419303,-6.2531892063000285,-0.00931683211927492,41.33997816037729,26.970529909116138,152.27593078613282,160.23857345581055,173.96612243652345,188.4926268005371,IONEXCHANG.BO,2023-08-21 22:01:42.730691
333,2022-03-30 00:00:00+05:30,149.01347888434054,152.3731363593043,148.1641360934996,148.3009796142578,59630,0.0,0.0,2022-03-30,160.8902130126953,7.913911024057746,168.80412403675305,152.97630198863757,176.7180350608108,145.06239096457983,-146.0629597102494,-152.1105381963946,-1049790,42321.23582782913,44461.03977822645,204.65593775494594,27.012977643571887,149.61275068902057,151.06136528454155,146.85236501873683,153.8217509548253,145.40375042321585,155.27036555034627,142.64336475293211,-0.433970310542752,-96.71875391288395,-6.743863752725247,-6.250859998270209,-0.49300375445503786,31.457715182322715,27.7717655827265,151.45961303710936,160.8902130126953,175.13246704101562,189.07188262939454,IONEXCHANG.BO,2023-08-21 22:01:42.730691
334,2022-03-29 00:00:00+05:30,155.62897798533433,156.46888879937055,147.40916467490626,148.90496826171875,56820,0.0,0.0,2022-03-29,162.10879211425782,7.748025240587557,169.8568173548454,154.36076687367026,177.60484259543293,146.61274163308272,-130.01734101842314,-154.01811841834188,-990160,40491.13305437421,44995.99076582578,204.79284813675008,27.145027652732523,150.92767391199854,154.4461831490908,145.38645902462653,159.98739803646282,141.86794978753426,163.5059072735551,136.32673490016225,-0.37387815880678443,-94.49650431972874,-6.587855707302936,-6.127609059656449,-0.4602466476464864,31.89800162882905,26.51394234281881,152.82611999511718,162.10879211425782,176.37836700439453,189.68723571777343,IONEXCHANG.BO,2023-08-21 22:01:42.730691
335,2022-03-28 00:00:00+05:30,154.77018340331588,158.07320561009396,152.45807073857804,153.7415313720703,62080,0.0,0.0,2022-03-28,163.28018493652343,7.410350736407603,170.69053567293102,155.86983420011583,178.10088640933864,148.4594834637082,-62.9518300635532,-135.22071435447566,-933340,45676.45840299579,46122.20519368867,204.92252569912336,32.13474321183041,154.75760257358078,157.05713440858352,151.4419995370676,160.3727374450967,149.14246770206486,162.67226928009944,145.82686466555168,-0.341851262473242,-87.65870539968533,-6.34778586886361,-6.012547397744827,-0.33523847111878347,35.63376423587451,25.159363469072073,154.137890625,163.28018493652343,177.54131378173827,190.3362322998047,IONEXCHANG.BO,2023-08-21 22:01:42.730691
336,2022-03-25 00:00:00+05:30,152.39200875055235,158.05905594439005,152.39200875055235,155.3269805908203,71520,0.0,0.0,2022-03-25,163.72939529418946,7.06599850576664,170.7953937999561,156.66339678842283,177.86139230572275,149.59739828265617,-65.86761264325828,-140.22797687172113,-871260,53164.76735692255,46233.64189136188,205.05260517717963,32.454748073645746,155.25934842858757,158.1266881066228,152.4596409127851,160.92639562242528,149.59230123474987,163.7937353004605,146.7925937189474,-0.34608150507577945,-80.99204633650096,-6.420573338565163,-5.928737779965131,-0.49183555860003203,36.95397741307412,24.375501334622836,154.34833984375,163.72939529418946,178.59686553955078,190.99216522216796,IONEXCHANG.BO,2023-08-21 22:01:42.730691
337,2022-03-24 00:00:00+05:30,156.42168829067427,157.60133903193122,150.80655364229776,151.0236053466797,63830,0.0,0.0,2022-03-24,164.72620010375977,7.222738954305768,171.94893905806555,157.50346114945398,179.1716780123713,150.28072219514823,-103.5376053178425,-163.8845696291868,-942780,46133.79593169357,44500.86052497171,205.19863098070525,29.8397967377675,153.1438326736362,155.48111170497467,148.6863263153412,159.93861806326967,146.34904728400275,162.27589709460813,141.89154092570774,-0.37944162153748817,-99.08731880424877,-6.572624668460435,-5.805778890315123,-0.7668457781453117,30.48644673601116,23.52708594945138,154.70034790039062,164.72620010375977,179.60239990234376,191.58803039550781,IONEXCHANG.BO,2023-08-21 22:01:42.730691
338,2022-03-23 00:00:00+05:30,156.6198859532296,157.79009034726633,154.3879814242262,155.13351440429688,63160,0.0,0.0,2022-03-23,165.97710189819335,6.883138057977115,172.86023995617046,159.09396384021625,179.7433780141476,152.2108257822391,-96.02264268734368,-150.47288819843735,-878950,46891.83891664107,44092.62667329124,205.340990183962,35.73536865312505,155.77052872526315,157.15307602630008,153.75096710325997,159.17263764830327,152.36841980222303,160.5551849493402,150.34885818021985,-0.3350441732058019,-92.71422447911351,-6.243893965744945,-5.614067445778795,-0.6298265199661506,33.54020921218529,22.48392038392394,156.7133056640625,165.97710189819335,180.70674194335936,192.1968246459961,IONEXCHANG.BO,2023-08-21 22:01:42.730691
339,2022-03-22 00:00:00+05:30,155.43078773246862,157.4173156630532,153.66131151875646,155.4638214111328,57790,0.0,0.0,2022-03-22,167.36484298706054,7.36300907322518,174.72785206028573,160.00183391383536,182.0908611335109,152.63882484061017,-122.19902247126778,-156.2466967118086,-815790,42996.34561420788,43392.82361245379,205.47187907941915,27.800791839702427,155.51414953098083,157.3669875432052,153.61098339890847,159.27015367527756,151.7581453866841,161.12299168750192,149.85497925461175,-0.1933811084953016,-91.14010652034153,-6.133178367704147,-5.456610815787257,-0.6765675519168903,33.79257891498709,21.84103387934024,157.88163146972656,167.36484298706054,181.73275512695312,192.80236297607422,IONEXCHANG.BO,2023-08-21 22:01:42.730691
340,2022-03-21 00:00:00+05:30,161.22995936091996,161.22995936091996,153.60469460310486,154.7937774658203,67740,0.0,0.0,2022-03-21,168.4055305480957,7.056933778810518,175.46246432690623,161.34859676928517,182.51939810571673,154.29166299047466,-150.08394040190134,-152.44049335611533,-873580,50182.027351680845,43491.94311201526,205.5914490548615,39.36600585696595,156.54281047661505,159.48092635012523,151.85566159231013,164.16807523443015,148.91754571879994,167.10619110794033,144.23039683449502,-0.18389824845846747,-94.64629301773162,-5.931032142587185,-5.2874689278080345,-0.6435632147791503,32.839872386725844,21.051168477520118,159.67092590332032,168.4055305480957,182.6925192260742,193.41233673095704,IONEXCHANG.BO,2023-08-21 22:01:42.730691
341,2022-03-17 00:00:00+05:30,165.05673419155752,165.05673419155752,156.65762625477885,157.08702087402344,57340,0.0,0.0,2022-03-17,169.40587463378907,6.414662707045133,175.8205373408342,162.99121192674394,182.23520004787935,156.5765492196988,-151.13816158684222,-134.52752000440813,-805840,43106.97067176045,41819.42205209886,205.73421918576568,47.1107073425995,159.60046044011995,162.54329462546104,154.14418668868237,167.99956837689862,151.20135250334127,170.94240256223972,145.7450787519037,-0.14288814096276195,-98.24999281083075,-5.5163704182008075,-5.126578124113246,-0.38979229408756133,34.411433334992466,20.20054419863691,162.82484130859376,169.40587463378907,183.6081170654297,193.9307225036621,IONEXCHANG.BO,2023-08-21 22:01:42.730691
342,2022-03-16 00:00:00+05:30,165.60880948719813,165.60880948719813,160.90436173666725,161.08839416503906,25760,0.0,0.0,2022-03-16,170.47345886230468,6.021248375789126,176.4947072380938,164.45221048651555,182.51595561388294,158.43096211072643,-117.98517029988017,-117.75481432850461,-748500,19859.10275030609,41497.53489718346,205.85022996038495,43.507624762942605,162.53385512963482,164.16334852260238,159.4589007720715,167.2383028801657,157.82940737910394,168.86779627313325,154.75445302154063,-0.10876309711463616,-93.03494178388657,-5.127746115541271,-5.029130050591355,-0.09861606494991548,37.307190488881695,19.668079454938308,165.81454772949218,170.47345886230468,184.43660949707032,194.51120498657227,IONEXCHANG.BO,2023-08-21 22:01:42.730691
343,2022-03-15 00:00:00+05:30,165.15111009649243,166.09483072561525,160.52688477380426,160.9751434326172,51130,0.0,0.0,2022-03-15,171.19800033569337,5.695535627704668,176.89353596339802,165.5024647079887,182.5890715911027,159.80692908028402,-152.93134163428408,-119.55350959191964,-774260,39389.83171757737,46907.1429339028,205.89823668553166,43.461844066072516,162.5322863106789,164.53768784755354,158.96974189574254,168.1002322624899,156.9643403588679,170.10563379936454,153.40179594393155,-0.007699682016185557,-93.64227000539552,-4.946570762531138,-5.004476034353876,0.057905271822737525,37.17218253383701,19.68227733974449,166.9375762939453,171.19800033569337,185.17648651123048,195.06361175537108,IONEXCHANG.BO,2023-08-21 22:01:42.730691
344,2022-03-14 00:00:00+05:30,170.10565129626357,172.51214189225092,162.79181608102894,164.41029357910156,75910,0.0,0.0,2022-03-14,171.6071029663086,5.194400706466952,176.80150367277554,166.41270225984164,181.9959043792425,161.2183015533747,-79.3363126036752,-96.9177179683845,-723130,59727.93613598592,48786.470737984164,205.9940706085347,42.049722217422925,166.57141718412714,170.35101828722534,160.63069247600336,176.29174299534913,156.85109137290516,180.07134409844733,150.91036666478138,-0.0556900326749045,-77.95258506809196,-4.628509885976143,-5.01895235230956,0.3904424663334165,39.65180560663888,19.697567369535765,167.8426055908203,171.6071029663086,185.9202328491211,195.62087890625,IONEXCHANG.BO,2023-08-21 22:01:42.730691
345,2022-03-11 00:00:00+05:30,174.30520346253647,174.30520346253647,167.03855724217746,170.5633544921875,56430,0.0,0.0,2022-03-11,172.28799743652343,5.0929157863294865,177.3809132228529,167.19508165019394,182.4738290091824,162.10216586386446,25.956398820209646,-75.31068165848623,-647220,46062.26515358582,46051.10438848373,206.1261923890929,59.97306636831994,170.6357050656338,174.23285288909014,166.96620666873113,177.9023512859928,163.3690588452748,181.49949910944915,159.69956044837213,-0.0603156385360008,-61.60063416944954,-4.4894768859348915,-5.1165629688929135,0.627086082958022,44.589602196008414,20.027705654800908,167.9577392578125,172.28799743652343,186.5839517211914,196.15332595825194,IONEXCHANG.BO,2023-08-21 22:01:42.730691
346,2022-03-10 00:00:00+05:30,174.5883190471826,174.5883190471826,169.4025787191705,172.03555297851562,60910,0.0,0.0,2022-03-10,172.86366653442383,5.520465049598924,178.38413158402275,167.3432014848249,183.90459663362168,161.82273643522598,72.45892465360123,-69.7012393754839,-590790,50148.312003436804,46048.3141972082,206.21038712265135,65.49650748415492,172.00881691495624,174.615055110742,169.42931478272988,177.19455724296836,166.82307658694413,179.8007954387541,164.24357445471776,-0.08572265529383098,-56.45213736550421,-4.849433409353651,-5.273334489632418,0.4239010802787675,45.857061382123504,21.012508927681555,168.3484375,172.86366653442383,187.1549969482422,196.62561096191405,IONEXCHANG.BO,2023-08-21 22:01:42.730691
347,2022-03-09 00:00:00+05:30,168.15213723004524,168.15213723004524,165.15583570904082,166.7035369873047,49680,0.0,0.0,2022-03-09,173.4171585083008,5.969727417749723,179.3868859260505,167.44743109055108,185.35661334380023,161.47770367280134,-65.76930676816703,-101.34555810607978,-651700,39634.73087014803,45023.31474565105,206.2979428820181,57.366463413691754,166.67050330879692,168.18517090855303,165.1888693875486,169.66680482980135,163.6742017877925,171.18147242955746,162.19256786654418,-0.10038984522169336,-75.09898936560634,-5.381799818151563,-5.379309759702109,-0.0024900584494540468,40.12703907800228,22.448563647985317,168.16346740722656,173.4171585083008,187.6847073364258,197.12186645507813,IONEXCHANG.BO,2023-08-21 22:01:42.730691
348,2022-03-08 00:00:00+05:30,169.86972124365965,170.81344191723554,164.15549947717432,165.5002899169922,33470,0.0,0.0,2022-03-08,174.1645851135254,6.020506060166208,180.1850911736916,168.14407905335918,186.20559723385782,162.12357299319297,-79.04071946238874,-103.55810069962551,-701380,26509.649347236147,46370.46071452681,206.38085415635132,63.8945900106477,166.82307710380067,169.49065473042702,162.8327122903658,173.4810195438619,160.16513466373945,176.14859717048824,156.17476985030459,-0.14354215467846645,-79.30692311461563,-5.456724936066706,-5.378687245089746,-0.07803769097696023,38.7723761432497,22.787211472952105,168.45035705566406,174.1645851135254,188.30916717529297,197.70650131225585,IONEXCHANG.BO,2023-08-21 22:01:42.730691
349,2022-03-07 00:00:00+05:30,166.8309375369467,169.72344367103273,163.40995013595426,164.9859619140625,50250,0.0,0.0,2022-03-07,175.25764999389648,6.340672452781491,181.59832244667797,168.916977541115,187.93899489945946,162.5763050883335,-106.53585301479905,-111.51145816459072,-734850,39676.42843367274,51335.66355634947,206.43860839789286,67.9076100275488,166.03978524034983,168.6696203447454,162.35612680966693,172.3532787754283,159.72629170527136,174.98311387982386,156.04263327458847,-0.17409643035782907,-81.10560454504395,-5.351472535623259,-5.359177822345505,0.007705286722246463,38.22074673198475,23.151909130608647,169.8848114013672,175.25764999389648,188.9618441772461,198.2027568054199,IONEXCHANG.BO,2023-08-21 22:01:42.730691
350,2022-03-04 00:00:00+05:30,168.15686092855915,174.58831943218823,166.363797461972,172.516845703125,37240,0.0,0.0,2022-03-04,176.3653419494629,6.38673264490776,182.75207459437067,169.97860930455514,189.13880723927844,163.59187665964737,-35.44998366076878,-89.26258489062931,-684600,30746.146569414355,54250.472337018655,206.52671769789882,62.74876885550974,171.15632086576173,175.94884426955144,167.72432229933523,179.38084283597794,162.9317988955455,184.17336623976766,159.499800329119,-0.21945377667079607,-54.76898521080132,-5.084981135742396,-5.361104144026067,0.27612300828367076,43.60713533214124,23.336556537487684,171.35418395996095,176.3653419494629,189.5930990600586,198.71925506591796,IONEXCHANG.BO,2023-08-21 22:01:42.730691
351,2022-03-03 00:00:00+05:30,174.39956937437748,174.39956937437748,166.47703092288626,171.11070251464844,33830,0.0,0.0,2022-03-03,177.08139038085938,6.726318970542413,183.8077093514018,170.35507141031695,190.5340283219442,163.62875243977456,-51.735391038105085,-96.13581195145125,-721840,27703.120054084982,60126.55377891972,206.58037548321667,58.10213714424598,170.6624342706374,174.84783761838852,166.9252991668973,178.5849727221286,162.73989581914617,182.77037606987975,159.00276071540608,-0.2538481209856157,-59.68647682554785,-5.408424169124743,-5.430134896096984,0.02171072697224119,42.19056984663497,23.908480793608085,169.39596252441407,177.08139038085938,190.0504263305664,199.14907272338868,IONEXCHANG.BO,2023-08-21 22:01:42.730691
352,2022-03-02 00:00:00+05:30,171.40326505253714,173.5974127093349,164.86328778388426,168.1379852294922,48440,0.0,0.0,2022-03-02,178.08220596313475,7.259192967089606,185.34139893022436,170.82301299604515,192.60059189731396,163.56382002895555,-98.24982559845621,-110.34257751347816,-755670,38977.994092742636,68232.4122101284,206.6312851380243,54.74431801651822,168.8662285742371,172.86916936458996,164.13504443913934,177.60035349968774,160.13210364878648,181.6032942900406,155.4009195136887,-0.19487501673481308,-70.0825107732752,-5.602099645285108,-5.435562577840044,-0.1665370674450637,39.20351191379588,24.491906473918004,170.2264373779297,178.08220596313475,190.55258026123047,199.6004544067383,IONEXCHANG.BO,2023-08-21 22:01:42.730691
353,2022-02-28 00:00:00+05:30,174.57888131503643,175.81515301358056,169.77533245270754,172.6725616455078,94880,0.0,0.0,2022-02-28,178.8999397277832,6.996444208145931,185.89638393592912,171.90349551963726,192.89282814407505,164.90705131149133,-39.767514998003115,-94.58077713240091,-707230,78405.67894720045,75546.01673947484,206.71055784892235,54.89670813634906,172.7543490372653,175.73336562182308,169.69354506095007,178.79416959813832,166.7145284763923,181.7731861826961,163.65372450007706,-0.15111288992311087,-54.22442342845578,-5.472415035235883,-5.393928310978779,-0.07848672425710479,42.29902299413947,24.9896404827084,171.80716857910156,178.8999397277832,191.11852935791015,200.07509872436523,IONEXCHANG.BO,2023-08-21 22:01:42.730691
354,2022-02-25 00:00:00+05:30,163.49959904003575,181.1943608409054,163.49959904003575,172.33282470703125,50490,0.0,0.0,2022-02-25,179.24911651611328,6.841850502490139,186.0909670186034,172.40726601362314,192.93281752109357,165.56541551113298,-42.059568406015615,-101.4005705298664,-802110,41641.16671801517,74831.10118754343,206.84841473754193,47.74768009729413,172.34226152932413,181.18492401861252,163.49016221774286,190.0370233301938,154.64749972845448,198.87968581948218,145.7954004168732,-0.14492313930823308,-59.55696681884339,-5.670051127958686,-5.374306629914503,-0.2957444980441837,41.979734600403255,26.096237415706014,173.85032348632814,179.24911651611328,191.6132275390625,200.5301136779785,IONEXCHANG.BO,2023-08-21 22:01:42.730691
355,2022-02-24 00:00:00+05:30,166.14201693936693,171.92701450993343,159.5831615534688,162.72573852539062,116890,0.0,0.0,2022-02-24,179.61362915039064,6.6453577496976335,186.25898690008827,172.968271400693,192.9043446497859,166.32291365099536,-201.87387831679968,-149.37425883460176,-852600,91029.70217401003,83128.5848049255,206.9229647124155,41.530023489343584,164.74530486293096,169.90744817239312,157.5635952159285,177.08915781939558,152.40145190646635,182.25130112885773,145.21974225946389,-0.17908145817092402,-90.72427320404435,-5.8037164098831795,-5.300370505403457,-0.5033459044797226,32.12169013920028,27.287957189703448,174.63927307128907,179.61362915039064,192.13935180664063,201.00447479248047,IONEXCHANG.BO,2023-08-21 22:01:42.730691
356,2022-02-23 00:00:00+05:30,180.7980035697564,181.4774835886871,174.49394214968456,175.26307678222656,23040,0.0,0.0,2022-02-23,180.36365127563477,5.361489186709807,185.72514046234457,175.00216208892496,191.08662964905437,169.64067290221516,0.956849247432786,-88.29704127335008,-735710,19325.12974036883,81153.30546265436,207.1450788960937,52.64397194394111,177.07816750686607,179.66239286404758,172.67885142504502,184.06170894586862,170.09462606786352,186.64593430305013,165.69530998604247,-0.23478712920272368,-67.616657868547,-4.940760951278264,-5.174534029283526,0.23377307800526204,40.44908670727772,27.102913108523552,177.05425720214845,180.36365127563477,192.91018310546875,201.47756210327148,IONEXCHANG.BO,2023-08-21 22:01:42.730691
357,2022-02-22 00:00:00+05:30,176.00389874589828,179.2125431506892,173.83333840146483,176.04164123535156,72260,0.0,0.0,2022-02-22,181.0329849243164,5.524344099581046,186.55732902389744,175.50864082473535,192.08167312347848,169.9842967251543,-25.724502399769296,-97.48251962602649,-712670,60878.350683872355,96610.34939322573,207.17669165464807,54.833257150313415,176.36250759583518,178.89167679020554,173.51247204098115,181.74171234505957,170.9833028466108,184.27088153942992,168.13326729175677,-0.22862464579841962,-64.86667570950829,-4.99579430682428,-5.232977298784842,0.23718299196056236,41.063957757974144,28.782758548581196,177.68938293457032,181.0329849243164,193.38496887207032,201.89808395385742,IONEXCHANG.BO,2023-08-21 22:01:42.730691
358,2022-02-21 00:00:00+05:30,176.09827379551345,188.17788623504902,170.8134325531912,182.88833618164062,233400,0.0,0.0,2022-02-21,181.7303955078125,5.737382121932852,187.46777762974534,175.99301338587964,193.2051597516782,170.25563126394678,35.215421298417986,-77.5487560357631,-640410,204284.94998869215,105543.34907056406,207.2738174384968,60.792331930446636,180.62655165662696,190.4396707600627,173.0752170782049,197.99100533848477,163.26209797476915,207.80412444192052,155.7107633963471,-0.3007194154597843,-40.68333562108984,-5.067236627765652,-5.292273046774982,0.2250364190093297,46.87460074969099,30.174531858514857,177.5968994140625,181.7303955078125,193.8042642211914,202.36588638305665,IONEXCHANG.BO,2023-08-21 22:01:42.730691
359,2022-02-18 00:00:00+05:30,173.19161649616728,178.35376956719216,172.79525555397225,176.27757263183594,47160,0.0,0.0,2022-02-18,182.92302322387695,8.016989638992648,190.9400128628696,174.9060335848843,198.95700250186223,166.88904394589167,-50.51093625981723,-112.21196349547267,-873810,39785.092300622404,80857.94884103203,207.522026328435,57.504971758909164,175.8088659176668,178.82247628136133,173.26396226814143,181.3673799308867,170.2503519044469,184.38099029458124,167.70544825492152,-0.36068463785335825,-64.0333379832803,-5.756223849624092,-5.348532151527314,-0.4076916980967784,39.16070498476594,31.67336465382803,174.85067138671874,182.92302322387695,194.09842224121093,202.80514114379883,IONEXCHANG.BO,2023-08-21 22:01:42.730691
360,2022-02-17 00:00:00+05:30,179.31164263206347,179.31164263206347,169.9640909584656,174.8006591796875,88990,0.0,0.0,2022-02-17,184.44500885009765,9.450275453989534,193.89528430408717,174.99473339610813,203.34555975807672,165.54445794211858,-75.64436644745508,-127.92844823441791,-920970,74444.70010996786,91126.16297613444,207.58641745005244,50.189664866896265,174.69213092340553,179.42017088834547,170.0726192147476,184.0396825970034,165.34457924980765,188.76772256194334,160.7250675411497,-0.37933361843045316,-69.24997178610869,-5.900060718164752,-5.246609227003119,-0.6534514911616336,37.26686121631282,31.254596430074468,175.20079345703124,184.44500885009765,194.52366302490233,203.3012551879883,IONEXCHANG.BO,2023-08-21 22:01:42.730691
361,2022-02-16 00:00:00+05:30,176.00390439547218,183.5347912861213,174.39958214157934,178.43870544433594,89660,0.0,0.0,2022-02-16,186.2437400817871,10.839517456666458,197.08325753845358,175.40422262512064,207.92277499512002,164.5647051684542,-42.353206078366036,-110.55725432353708,-831980,76566.2382241336,95296.52869267607,207.71441389078134,57.57145841448646,178.79102629067884,183.18247043977834,174.04726129523638,187.9262354352208,169.65581714613688,192.3176795843203,164.91205215069442,-0.34770033462458755,-56.39996009936352,-5.849367039900471,-5.083246354212711,-0.7661206856877607,40.11896045317503,30.803615266032168,176.6560089111328,186.2437400817871,194.96249328613283,203.79831283569337,IONEXCHANG.BO,2023-08-21 22:01:42.730691
362,2022-02-15 00:00:00+05:30,169.39785071286553,177.32509813384402,166.09482855411883,175.5792236328125,160540,0.0,0.0,2022-02-15,187.69777755737306,11.657075134836653,199.3548526922097,176.0407024225364,211.01192782704635,164.38362728769977,-130.90450539143674,-161.05179318818315,-921640,134898.1193008356,99979.10130981168,207.83002224864586,41.83418589292769,172.99971677359179,179.90460499306474,168.67433541333955,184.22998635331697,161.7694471938666,191.13487457278993,157.44406583361436,-0.377144249894254,-66.49998962706998,-6.054129431824464,-4.891716182790771,-1.1624132490336931,36.577649040483024,30.813603797655066,177.58934631347657,187.69777755737306,195.3675378417969,204.2025553894043,IONEXCHANG.BO,2023-08-21 22:01:42.730691
363,2022-02-14 00:00:00+05:30,173.64459215118754,175.35744736146688,168.54850661980748,169.15719604492188,144760,0.0,0.0,2022-02-14,189.58993759155274,12.618185128992305,202.20812272054505,176.97175246256043,214.82630784953736,164.35356733356812,-226.9959005995292,-193.41763280748077,-1082180,117189.46296126855,91249.3468120557,208.05968391845684,33.67307071381178,171.0210500087321,173.4935933976567,166.6846526559973,177.8299907503915,164.2121092670727,180.3025341393161,159.8757119143379,-0.3660035860002692,-97.76627229680211,-5.942942475928248,-4.601112870532347,-1.3418296053959011,27.66029913847686,29.279560313116384,178.80391540527344,189.58993759155274,195.72700103759766,204.66327972412108,IONEXCHANG.BO,2023-08-21 22:01:42.730691
364,2022-02-11 00:00:00+05:30,182.1380823113152,183.0723709227275,177.51385696601565,178.02818298339844,70640,0.0,0.0,2022-02-11,191.6618766784668,12.487997371929618,204.14987405039642,179.17387930653717,216.63787142232604,166.68588193460755,-117.7007127942529,-144.55594069956163,-937420,60185.096585709834,84764.31777475248,208.31109730719803,30.427895533380365,179.53813695738052,181.56241694874538,176.00390299203355,185.09665091409235,173.97962300066868,187.12093090545721,170.4453890353217,-0.3074004717840318,-90.25592489963425,-5.078072482436625,-4.265655469183371,-0.8124170132532536,33.747865172206474,27.85387640810227,182.44479370117188,191.6618766784668,196.33655029296875,205.1994075012207,IONEXCHANG.BO,2023-08-21 22:01:42.730691
365,2022-02-10 00:00:00+05:30,182.98742339716125,186.5924430960801,181.6898075380013,182.0767364501953,48330,0.0,0.0,2022-02-10,193.1130828857422,12.506670315903378,205.61975320164555,180.60641256983882,218.12642351754894,168.09974225393543,-39.73391835781475,-122.34212428290552,-866780,42113.44482179536,90909.12307201313,208.4069010741608,30.733690789607124,183.4529956947589,185.2161838515165,180.3135482934377,188.3556312528377,178.5503601366801,190.1188194095953,175.4109127353589,-0.2850024827004474,-79.57585037014901,-4.767494121339922,-4.062551215870057,-0.7049429054698653,37.22099935193194,27.339423466061543,184.26711730957032,193.1130828857422,196.78897003173827,205.6404081726074,IONEXCHANG.BO,2023-08-21 22:01:42.730691
366,2022-02-09 00:00:00+05:30,181.57184640734388,187.5172893531218,181.57184640734388,183.1053924560547,41040,0.0,0.0,2022-02-09,194.3352020263672,12.565551509961496,206.9007535363287,181.7696505164057,219.4663050462902,169.2040990064442,-16.80390837478579,-126.59681611628223,-818450,35963.17269683672,103108.04263456757,208.4640154758762,30.142557245652455,184.06484273884016,186.55783907033643,180.6123961245585,190.01028568461808,178.11939979306223,192.50328201611435,174.66695317878057,-0.27152507803926373,-76.77379264486567,-4.6963461198273535,-3.88631548950259,-0.8100306303247633,38.148141138922895,27.407696331741914,185.21933288574218,194.3352020263672,197.2093032836914,206.08556121826172,IONEXCHANG.BO,2023-08-21 22:01:42.730691
367,2022-02-08 00:00:00+05:30,191.09870757270969,191.10815399519007,180.70362523471002,181.65206909179688,85240,0.0,0.0,2022-02-08,195.4601173400879,12.514266208410673,207.97438354849857,182.94585113167722,220.48864975690924,170.43158492326654,-17.219944938243867,-133.55529995374792,-859490,74102.57541202527,119894.26011900028,208.51081150224977,28.886217771206432,184.48794944056567,188.27227364642133,177.86774488594128,194.89247820104572,174.08342068008562,198.67680240690137,167.46321612546123,-0.2779914433899628,-81.17306642907803,-4.635405389379599,-3.683807831921399,-0.9515975574582001,36.06636702557475,27.481220956320776,186.8236572265625,195.4601173400879,197.6110452270508,206.49221054077148,IONEXCHANG.BO,2023-08-21 22:01:42.730691
368,2022-02-07 00:00:00+05:30,188.5553936013783,193.4627382276333,186.38955638190728,187.36158752441406,112710,0.0,0.0,2022-02-07,196.6895492553711,12.292186617257224,208.98173587262832,184.3973626381139,221.27392248988556,172.10517602085665,39.38993027066415,-96.62906219594304,-774250,101063.07758147857,131342.18129574403,208.61415254682174,27.507495895127633,189.07129404465158,191.75303170739588,184.67984986166985,196.1444758903776,181.99811219892555,198.8262135531219,177.60666801594382,-0.26403268690287407,-70.49659624338237,-4.344019041199374,-3.445908442556849,-0.8981105986425248,41.12814899452189,27.560401321251856,187.39177551269532,196.6895492553711,197.81083099365233,206.94486602783203,IONEXCHANG.BO,2023-08-21 22:01:42.730691
369,2022-02-04 00:00:00+05:30,187.04542320378084,194.40644688829587,185.9176845557231,187.13980102539062,180600,0.0,0.0,2022-02-04,197.6431785583496,12.270241796480173,209.91342035482978,185.37293676186943,222.18366215130996,173.10269496538925,8.914457538334137,-101.76489225435508,-886960,161745.9523267229,138911.95722431038,208.72282829954617,34.79122561329531,189.15464415646989,192.39160375721667,183.9028414246439,197.64340648904266,180.6658818238971,200.88036608978945,175.41407909207112,-0.2357390668166767,-71.00849538962123,-4.4674388040718895,-3.221380792896218,-1.2460580111756716,40.83105302097051,28.526615850431835,185.85067749023438,197.6431785583496,198.0745065307617,207.218544921875,IONEXCHANG.BO,2023-08-21 22:01:42.730691
370,2022-02-03 00:00:00+05:30,189.3103722800195,192.99087713529985,185.48357747276606,186.8378143310547,86390,0.0,0.0,2022-02-03,198.45878982543945,12.075933394509544,210.534723219949,186.3828564309299,222.61065661445855,174.30692303642036,-14.933398245511526,-115.69755945535593,-1067560,77246.31381853795,133203.4584487072,208.90113270264544,34.46795100198982,188.43742297970687,191.39126848664768,183.88396882411388,195.94472264224066,180.93012331717307,198.89856814918147,176.37666916158008,-0.2307626308212186,-71.7055023385867,-4.535922423996169,-2.9098662901022996,-1.6260561338938695,40.45053006145259,29.567154574164118,184.3473327636719,198.45878982543945,198.3921630859375,207.531435546875,IONEXCHANG.BO,2023-08-21 22:01:42.730691
371,2022-02-02 00:00:00+05:30,183.5536618909914,191.50921986196252,182.23245877364053,191.12701416015625,108060,0.0,0.0,2022-02-02,199.1455825805664,11.766873971517585,210.912456552084,187.37870860904883,222.67933052360158,175.61183463753125,-26.218052233391695,-124.23079629172173,-981170,98840.86793321135,147192.74460624953,208.98866854497308,30.803763099688638,188.28956426525312,194.3466697568657,185.06990866854372,197.5663253535751,179.01280317693113,203.6234308451877,175.79314758022173,-0.17348857650233102,-61.80572151228446,-4.525134998942008,-2.5033522566288315,-2.0217827423131762,44.22737869386477,30.381821817718865,182.52500610351564,199.1455825805664,198.71199005126954,207.8332374572754,IONEXCHANG.BO,2023-08-21 22:01:42.730691
372,2022-02-01 00:00:00+05:30,179.87315839239773,186.38482499945363,178.3631996197303,184.49266052246094,115560,0.0,0.0,2022-02-01,199.51481399536132,11.616922642569012,211.13173663793035,187.8978913527923,222.74865928049934,176.2809687102233,-65.59855258373511,-195.05619439391063,-1089230,102031.93873697853,159280.71377450906,209.07775237609553,31.19610758595003,183.0802283805483,187.79725714136632,179.77563176164298,191.10185376027164,175.05860300082497,195.81888252108965,171.75400638191965,-0.20902087123020247,-77.11828552288267,-4.865182369747174,-1.9979065710505373,-2.867275798696637,35.59807475232199,30.940851685929907,182.02955322265626,199.51481399536132,198.9988815307617,208.12866928100587,IONEXCHANG.BO,2023-08-21 22:01:42.730691
373,2022-01-31 00:00:00+05:30,180.34502386184187,183.81790897815983,175.53204273647316,179.65609741210938,157400,0.0,0.0,2022-01-31,200.1942932128906,11.076904044882069,211.27119725777268,189.11738916800854,222.34810130265475,178.04048512312647,-99.59762246000732,-252.06131312117026,-1204790,135330.6604942324,173592.9075338917,209.20958234760047,26.302690877333703,179.66868304224747,183.80532334802177,175.5194571063351,187.95454928393414,171.3828168005608,192.09118958970845,167.23359086464842,-0.21635043590020442,-88.28142005911819,-4.573447851842161,-1.281087621376378,-3.292360230465783,28.052010054579483,30.352085523409627,183.12899169921874,200.1942932128906,199.49801544189452,208.43476501464843,IONEXCHANG.BO,2023-08-21 22:01:42.730691
374,2022-01-28 00:00:00+05:30,180.2506452927918,188.64975337102854,177.38644964587454,179.62307739257812,142740,0.0,0.0,2022-01-28,201.11961135864257,9.990639950732222,211.1102513093748,191.12897140791034,221.100891260107,181.13833145717814,-115.075856480498,-244.24178542847133,-1362190,122703.60914336004,183158.46929380653,209.4270185176151,30.516371288732046,181.8864268031604,186.38640396044624,175.12310023529224,193.1497305283144,170.6231230780064,197.64970768560025,163.85979651013824,-0.2284767262851787,-88.35763263238691,-3.6543164149921097,-0.4579975637599321,-3.1963188512321774,28.003456108378387,29.055761091966676,188.54595031738282,201.11961135864257,200.15748748779296,208.82235107421874,IONEXCHANG.BO,2023-08-21 22:01:42.730691
375,2022-01-27 00:00:00+05:30,186.7623029926452,188.74412203401585,174.5788808593751,177.72618103027344,462300,0.0,0.0,2022-01-27,202.01826934814454,8.677273144516423,210.69554249266096,193.34099620362812,219.37281563717738,184.6637230591117,-176.3567219904165,-286.5695309827933,-1504930,393210.2355242656,198272.18433141813,209.6272097840969,30.285352013395666,180.34972797455478,186.12057508973447,171.95533391509372,194.51496914919554,166.18448679991403,200.28581626437523,157.79009274045296,-0.25776568202691563,-92.73580548169431,-2.4189292489955676,0.3410821490481123,-2.76001139804368,25.02800657373946,27.83631504053881,193.96479187011718,202.01826934814454,200.88594512939454,209.2542448425293,IONEXCHANG.BO,2023-08-21 22:01:42.730691
376,2022-01-25 00:00:00+05:30,190.63156885545948,195.79844510796642,184.00664594540376,188.64974975585938,156700,0.0,0.0,2022-01-25,203.08774108886718,6.593660279309527,209.6814013681767,196.49408080955766,216.27506164748624,189.9004205302481,-210.6581447358925,-174.50031753597028,-1042630,141473.38400612297,149537.67153320622,210.3366347577189,46.51290166202903,189.48494693640987,194.96324792741598,183.17144876485332,201.27674609897252,177.69314777384722,206.75504708997863,171.37964960229067,-0.24144976215282188,-86.3029002541052,-0.6137933227730343,1.0310849985590322,-1.6448783213320666,32.11021088779974,26.523065446693415,200.57461242675782,203.08774108886718,201.6434698486328,209.75257659912108,IONEXCHANG.BO,2023-08-21 22:01:42.730691
377,2022-01-24 00:00:00+05:30,207.61854817462992,209.97784985843253,188.55539344951174,189.98985290527344,316560,0.0,0.0,2022-01-24,203.581307220459,5.774615414257851,209.35592263471685,197.80669180620114,215.1305380489747,192.0320763919433,-301.00151341287545,-79.38036100518478,-885930,287829.93241640157,151553.743414977,210.50134860311695,53.54430584421497,196.1743654044059,203.79333735930007,182.37088095037927,217.5968218133267,174.7519089954851,225.21579376822086,160.94842454145848,-0.18577467343068574,-95.11252386577334,0.6308215616552673,1.4423045788920488,-0.8114830172367815,33.18004550146195,26.10683051291765,204.3485534667969,203.581307220459,202.17025482177735,210.14266357421874,IONEXCHANG.BO,2023-08-21 22:01:42.730691
378,2022-01-21 00:00:00+05:30,204.03240243498573,211.28961656541256,204.03240243498573,206.7408905029297,42570,0.0,0.0,2022-01-21,203.9781410217285,5.014068766231472,208.99220978795998,198.96407225549703,214.00627855419145,193.95000348926555,-43.709942063391196,99.39733047250681,-569370,42119.14481616516,117484.69616462087,210.82096752265988,66.78704323643802,207.354303167776,210.6762039005663,203.41898977013946,214.61151729820284,200.09708903734918,217.93341803099312,196.16177563971263,-0.13255072332139298,-51.659331246918505,2.082768011675654,1.6451753332012442,0.43759267847440975,54.102776393764756,26.276187926815645,209.03506774902343,203.9781410217285,202.6225799560547,210.50755310058594,IONEXCHANG.BO,2023-08-21 22:01:42.730691
379,2022-01-20 00:00:00+05:30,211.058405845468,211.058405845468,205.73109881881527,206.71728515625,78860,0.0,0.0,2022-01-20,203.54780349731445,5.1324180288476215,208.68022152616206,198.41538546846684,213.8126395550097,193.2829674396192,-15.864734892542385,114.8354183205491,-611940,78015.8918206751,136326.0840017348,210.82953518084764,61.22470785194803,207.83559660684443,209.9400943948736,204.61278736822086,213.16290363349717,202.5082895801917,215.26740142152633,199.28548034156813,-0.1131610648154886,-44.070625813624126,2.260418960619262,1.5357771635826416,0.7246417970366203,54.07066478585743,26.658823815231127,209.80608520507812,203.54780349731445,202.7711215209961,210.66850448608398,IONEXCHANG.BO,2023-08-21 22:01:42.730691
380,2022-01-19 00:00:00+05:30,207.42979593108,212.14839904871135,203.93803250403963,210.77528381347656,117570,0.0,0.0,2022-01-19,203.03937454223632,5.302751681968546,208.34212622420486,197.73662286026777,213.6448779061734,192.43387117829923,38.8200380428917,140.609592800679,-533080,118594.81798930529,150903.6320469997,210.8455942028891,65.00984776029728,208.95390512207587,213.9697777401121,205.75941119544038,217.1642716667476,200.74353857740414,222.18014428478384,197.54904465076865,-0.10327204379573661,-28.085494741371754,2.4559420057485397,1.3546167143234862,1.1013252914250535,62.28495726775859,26.469518550181068,209.8730895996094,203.03937454223632,202.88767120361328,210.72012603759765,IONEXCHANG.BO,2023-08-21 22:01:42.730691
381,2022-01-18 00:00:00+05:30,215.4042369013088,217.90509084683055,205.73110030442635,207.5194549560547,171990,0.0,0.0,2022-01-18,202.26977081298827,5.237471817125509,207.50724263011378,197.03229899586276,212.7447144472393,191.79482717873725,109.97720791226746,173.1495892766111,-650650,170809.3053616244,158980.8355614233,210.84600595394758,49.67472659501984,210.38521536910386,215.03933043378137,202.86533989137718,222.55920591150806,198.21122482669966,227.21332097618557,190.69134934897298,-0.12660692152940684,-40.910745666979594,2.269408127501663,1.0792853914672227,1.1901227360344402,57.4672701181326,26.265651341665613,209.02185668945313,202.26977081298827,202.91702087402345,210.71352005004883,IONEXCHANG.BO,2023-08-21 22:01:42.730691
382,2022-01-17 00:00:00+05:30,211.8652909668641,214.22459264800958,206.39170818659966,213.42242431640625,172740,0.0,0.0,2022-01-17,201.70471801757813,5.25089131819497,206.9556093357731,196.45382669938317,212.20650065396808,191.20293538118818,132.9046994000717,201.84245137224775,-478660,176434.07953686008,156023.71811137302,210.8747503147422,64.47675542484086,211.34624171700514,216.30077524741063,208.4678907860007,219.17912617841506,203.51335725559522,224.13365970882055,200.6350063245908,-0.1167096143253977,-5.362087228390496,2.3168530780149865,0.7817547074586124,1.535098370556374,73.17606045981833,25.42718171219043,208.63870544433593,201.70471801757813,203.01913116455077,210.76641555786134,IONEXCHANG.BO,2023-08-21 22:01:42.730691
383,2022-01-14 00:00:00+05:30,203.38122947497456,214.60679049398541,203.38122947497456,210.59597778320312,152590,0.0,0.0,2022-01-14,200.85536880493163,4.587730207193582,205.4430990121252,196.26763859773806,210.0308292193188,191.67990839054445,94.40707870933011,169.81497369218746,-651400,153789.1360634287,150921.12775500125,210.85244658217258,70.08556557602608,209.52799925072102,215.6747690264675,204.44920800745663,220.75356026973188,198.30243823171017,226.90033004547834,193.22364698844578,-0.1295943510789237,-18.158512138459365,1.7611401143494732,0.3979801148195189,1.3631599995299544,69.45748389230545,25.175654931893956,207.20236206054688,200.85536880493163,203.01129821777343,210.7486264038086,IONEXCHANG.BO,2023-08-21 22:01:42.730691
384,2022-01-13 00:00:00+05:30,208.46788811948684,209.44936567030868,204.40990079985008,207.05230712890625,77140,0.0,0.0,2022-01-13,200.19594345092773,4.027600844754848,204.2235442956826,196.16834260617287,208.25114514043742,192.14074176141804,61.533654643520514,114.93341981702416,-803990,76437.98334205129,150204.12567789436,210.85444539896002,71.32844146076152,206.9705245330217,209.5311482661933,204.4916833957347,212.0099894034803,201.9310596625631,214.5706131366519,199.4522185252761,-0.145644859643684,-34.18803691022412,1.301337340436362,0.0571901149370303,1.2441472254993315,63.59555213063316,24.904779937728524,206.37000122070313,200.19594345092773,202.99610443115233,210.73220565795899,IONEXCHANG.BO,2023-08-21 22:01:42.730691
385,2022-01-12 00:00:00+05:30,211.148067999446,211.148067999446,203.27742666353305,206.5191192626953,110460,0.0,0.0,2022-01-12,199.7752799987793,3.6998213282613475,203.47510132704065,196.07545867051795,207.174922655302,192.3756373422566,73.71153343039542,103.95489257509433,-881130,109172.89203310387,168645.66126185513,210.86948493371676,71.02110128822197,206.9815379752248,210.68564928691654,202.8150079510036,214.85217931113775,199.11089663931185,218.5562906228295,194.94436661509064,-0.15431441510573427,-33.89389106053096,1.0419310906914347,-0.25384669143780264,1.2957777821292373,62.597567816442,25.680003181625196,205.6499450683594,199.7752799987793,203.1311508178711,,IONEXCHANG.BO,2023-08-21 22:01:42.730691
386,2022-01-11 00:00:00+05:30,204.40989271827894,209.36913480052036,204.40989271827894,205.60369873046875,112830,0.0,0.0,2022-01-11,199.51268920898437,3.3674335605837693,202.88012276956815,196.1452556484006,206.2475563301519,192.77782208781684,83.5913066224045,86.23269254218175,-991590,111020.97148072778,183513.85356904293,210.89426626016012,69.59973167483187,206.460908749756,208.51192478123303,203.55268269899162,211.4201508319974,201.50166666751457,213.47116686347445,198.5934406167502,-0.14143969496947498,-37.732482884911065,0.7465365745737245,-0.577791136970112,1.3243277115438365,60.868454140656986,26.514858982744688,204.46085510253906,199.51268920898437,203.38746490478516,,IONEXCHANG.BO,2023-08-21 22:01:42.730691
387,2022-01-10 00:00:00+05:30,207.61854590173309,210.73753578155845,204.06071496949826,206.24070739746094,70650,0.0,0.0,2022-01-10,199.18262252807617,3.047291466289504,202.22991399436566,196.13533106178667,205.27720546065518,193.08803959549715,122.64090768625734,87.59540277254243,-878760,69732.63363167076,201637.0740911217,210.92523011067786,71.09094379075489,207.01298604950588,209.9652571295135,203.28843631745332,213.68980686156607,200.3361652374457,216.6420779415737,196.61161550539313,-0.12460169994642789,-35.06134303705554,0.4471859726487821,-0.9088730648560711,1.3560590375048531,62.742112041460175,27.816254650668718,203.04244384765624,199.18262252807617,203.57366088867187,,IONEXCHANG.BO,2023-08-21 22:01:42.730691
388,2022-01-07 00:00:00+05:30,202.99432210597936,212.30884052137452,200.5406426011979,206.43417358398438,118830,0.0,0.0,2022-01-07,198.72090759277344,2.5862943551663378,201.30720194793977,196.1346132376071,203.89349630310613,193.54831888244075,174.08912699426833,73.66314416436592,-808110,117397.05490790386,234613.1842059844,210.94246069939675,71.24267820935805,206.42788556885228,212.31512853650665,200.54693061633003,218.1960834890289,194.65968764867566,224.08332645668327,188.7787326961534,-0.12451792099972257,-34.25008996184152,-0.005584757211153146,-1.2478878242322844,1.2423030670211312,63.27907844734384,29.217757677663826,201.41075134277344,198.72090759277344,203.68690734863281,,IONEXCHANG.BO,2023-08-21 22:01:42.730691
389,2022-01-06 00:00:00+05:30,200.068781439379,214.60207395373516,199.59692110579556,203.4520263671875,282810,0.0,0.0,2022-01-06,198.27901077270508,1.8489599726435086,200.1279707453486,196.43005080006157,201.9769307179921,194.58109082741805,301.4536884185899,59.831307260856875,-926940,275363.44952750485,263917.2165305045,210.9705250757653,66.83275944529781,205.88367380890608,212.1704265120166,197.165273664077,220.88882665684568,190.87852096096648,227.1755793599562,182.1601208161374,-0.12702603960588352,-39.51500068704037,-0.6042373652165622,-1.558463590987567,0.9542262257710048,58.05037453754091,30.727068629812408,199.75640869140625,198.27901077270508,203.87197082519532,,IONEXCHANG.BO,2023-08-21 22:01:42.730691
390,2022-01-05 00:00:00+05:30,200.0498969910153,201.01249607464993,196.29389288040932,200.57366943359375,136430,0.0,0.0,2022-01-05,197.983390045166,1.3953530927053073,199.3787431378713,196.5880369524607,200.77409623057662,195.1926838597554,105.54987764161497,-31.609237473912803,-1209750,130958.38508871368,261055.65828125438,211.0835895052085,63.3583639035458,199.29335279621765,202.29281271202598,197.57420951778536,204.01195599045826,194.57474960197703,207.0114159062666,192.85560632354475,-0.10001745871072482,-28.404758515893842,-1.0678426849447362,-1.7970201474303182,0.729177462485582,51.90461727650102,32.352480424433956,198.5852508544922,197.983390045166,204.13215423583983,,IONEXCHANG.BO,2023-08-21 22:01:42.730691
391,2022-01-04 00:00:00+05:30,199.11089987865984,200.0687757526061,197.3508557004088,198.5116424560547,180750,0.0,0.0,2022-01-04,197.79181518554688,1.2791907516514782,199.07100593719835,196.5126244338954,200.35019668884985,195.2334336822439,66.46083228066948,-41.7910717179674,-1346180,171717.2008980866,293579.97657938953,211.16039132094917,62.70891592679568,198.64375796968986,199.93666023897092,197.21874018677363,201.36167802188714,195.92583791749257,202.6545802911682,194.50082013457634,-0.13571473531321332,-38.809501581779266,-1.3617439995466611,-1.9793145130517136,0.6175705135050524,46.72019998383249,31.855282792810087,198.29364013671875,197.79181518554688,204.25332794189453,,IONEXCHANG.BO,2023-08-21 22:01:42.730691
392,2022-01-03 00:00:00+05:30,198.17660829564878,202.89993463790483,192.5190077494539,198.08224487304688,217770,0.0,0.0,2022-01-03,197.8007797241211,1.285115298905428,199.08589502302652,196.51566442521568,200.37101032193195,195.23054912631025,-0.5886698875307451,-53.19694614074691,-1526930,206439.6491559116,324045.67049971526,211.2840467413068,61.56709026491143,197.83372908680187,203.14845042414984,192.7675235356989,208.2146559752528,187.45280219835092,213.5293773126008,182.38659664724796,-0.12518439985645557,-40.976190753635095,-1.514315843945326,-2.1337071414279767,0.6193912974826508,45.58323834802213,31.5091909039759,198.29552612304687,197.8007797241211,204.5858004760742,,IONEXCHANG.BO,2023-08-21 22:01:42.730691
393,2021-12-31 00:00:00+05:30,197.7094784419641,199.85172837403707,197.2376181115537,198.16246032714844,70770,0.0,0.0,2021-12-31,197.57428665161132,1.5947705916990993,199.16905724331042,195.9795160599122,200.76382783500952,194.3847454682131,48.17090581583199,-48.56912081293348,-1309160,67115.07707059801,353447.17583566613,211.44139581486797,65.90814907411465,198.41726893757973,199.59691976360577,196.9828095011224,201.0313792000631,195.80315867509637,202.21103002608913,194.36869923863904,-0.1434331931644813,-40.57143310549018,-1.64442070331188,-2.2885549657986393,0.6441342624867592,45.751905011734344,31.136476562154463,198.2643829345703,197.57428665161132,204.95073699951172,,IONEXCHANG.BO,2023-08-21 22:01:42.730691
394,2021-12-30 00:00:00+05:30,198.1813393861271,199.8705930382127,196.72329268864758,197.5962371826172,761450,0.0,0.0,2021-12-30,197.64789657592775,1.656143083007126,199.30403965893487,195.99175349292062,200.960182741942,194.3356104099135,34.03379354046425,-54.424361865848134,-1379930,720061.4704955157,425030.2005269332,211.49302922487345,65.58884776921991,198.06337430315912,199.40345591767067,196.25615556810556,201.21067465272424,194.916073953594,202.55075626723578,193.10885521854044,-0.14595278850409354,-43.428527799681085,-1.7939788906576553,-2.449588531420329,0.6556096407626737,44.39054527726548,31.632230998481706,198.25871887207032,197.64789657592775,205.32152496337892,,IONEXCHANG.BO,2023-08-21 22:01:42.730691
395,2021-12-29 00:00:00+05:30,201.01248907878184,201.01248907878184,198.19548249385954,199.11561584472656,788880,0.0,0.0,2021-12-29,197.80054321289063,1.7866808598643886,199.58722407275502,196.01386235302624,201.3739049326194,194.22718149316185,93.74325233366542,-42.26068566516643,-618480,751736.7449152746,351272.3830347875,212.09981427196774,84.61662797730666,199.4411958057893,200.68690911771907,197.86990253279677,202.2582023907116,196.624189220867,203.50391570264136,195.05289594787448,-0.08343399897128768,-35.76192364210414,-1.9025127921820228,-2.6134909416109973,0.7109781494289744,47.33174830690592,32.1661203914495,198.04921264648436,197.80054321289063,205.7227001953125,,IONEXCHANG.BO,2023-08-21 22:01:42.730691
396,2021-12-28 00:00:00+05:30,201.29561334508725,201.29561334508725,195.16142924746407,198.5210723876953,804590,0.0,0.0,2021-12-28,197.9994323730469,2.129320503269481,200.12875287631636,195.87011186977742,202.25807337958585,193.74079136650792,38.17324449102046,-55.52855960574321,-1407360,764417.7361017085,251156.2925646657,212.715004238111,75.77140006375397,198.32603832674886,201.49064740603364,195.35646330841047,204.46022242437203,192.19185422912568,207.62483150365682,189.2222792107873,0.02154948355133606,-38.76191926742629,-2.1622789011264842,-2.7912354789682405,0.6289565778417563,46.043188614402126,33.04145761040777,197.3027313232422,197.9994323730469,206.09622497558593,,IONEXCHANG.BO,2023-08-21 22:01:42.730691
397,2021-12-27 00:00:00+05:30,194.8830384584708,202.89994081426045,193.55711209026873,197.92652893066406,331900,0.0,0.0,2021-12-27,198.23300323486328,2.4252046974319814,200.65820793229526,195.8077985374313,203.08341262972723,193.38259383999932,27.863528035313756,-59.85247190220075,-2211950,314384.24430752656,122840.93168040496,213.43573178979761,61.12577343711674,198.12786061173108,202.69860913319343,193.3557804092017,207.4706893357228,188.78503188773936,212.04143785718514,184.01295168521,0.0632041920803656,-41.76191489274844,-2.4035429137625783,-2.9484746234286794,0.544931709666101,44.78890036586413,33.98412846159359,196.84219665527343,198.23300323486328,206.55902557373048,,IONEXCHANG.BO,2023-08-21 22:01:42.730691
398,2021-12-24 00:00:00+05:30,197.9925876825724,199.12504953928195,190.75425230173147,198.13414001464844,99410,0.0,0.0,2021-12-24,197.91874465942382,2.838934544808961,200.75767920423277,195.07981011461487,203.59661374904175,192.2408755698059,-82.0920657882346,-82.65344149915336,-1880050,94262.48831623598,74955.10352362457,213.76753750290672,49.09574751322734,196.00448061855397,201.25470893537647,192.883911697826,204.37527785610445,187.6336833810035,209.62550617292695,184.51311446027552,0.045150156047630376,-40.71433403662142,-2.6174631210850237,-3.084707550845204,0.4672444297601803,45.13568006596843,34.99931245517833,196.54397888183593,197.91874465942382,207.10383544921876,,IONEXCHANG.BO,2023-08-21 22:01:42.730691
399,2021-12-23 00:00:00+05:30,198.1813387658441,198.1813387658441,194.59992058615117,196.5487060546875,34070,0.0,0.0,2021-12-23,198.03930587768554,2.8991239465738463,200.93842982425937,195.1401819311117,203.83755377083324,192.24105798453783,-81.41697908946269,-81.85482342801517,-1979460,32047.32868248971,70128.2573254717,213.8683611618905,51.15052215631399,196.4433218022276,198.286723018304,194.70530483861108,200.0247399819205,192.86190362253467,201.86814119799692,191.12388665891817,-0.07081633646381415,-48.714245376777654,-2.872133824775318,-3.2015186582852486,0.32938483350993053,41.977223417856024,34.98566945303681,196.39864501953124,198.03930587768554,207.44366943359375,,IONEXCHANG.BO,2023-08-21 22:01:42.730691
400,2021-12-22 00:00:00+05:30,196.4920838779465,200.53591593986232,194.50083272025608,195.38320922851562,33040,0.0,0.0,2021-12-22,198.36300201416014,3.0797258001412375,201.44272781430138,195.2832762140189,204.5224536144426,192.20355041387768,-72.26560618017396,-82.05370835632019,-2013530,30894.188307100576,79648.4894862172,213.90672758984022,51.11416806999621,196.8066526295447,199.1124725388333,193.07738931922705,202.84173584915092,190.77156940993845,205.14755575843952,187.04230609962082,-0.07282875368189232,-54.59520384750337,-2.998531095946703,-3.283864866662731,0.28533377071602795,39.60139039116744,35.604320838348535,196.81671142578125,198.36300201416014,207.84541107177733,,IONEXCHANG.BO,2023-08-21 22:01:42.730691
401,2021-12-21 00:00:00+05:30,194.42533554336882,206.20296541710502,194.42533554336882,196.21839904785156,94300,0.0,0.0,2021-12-21,198.73529968261718,3.1498105482751333,201.8851102308923,195.58548913434205,205.03492077916744,192.43567858606693,74.41732383832637,-66.1783140981422,-1980490,88552.52161840483,91837.06478099634,213.94660596721718,49.38449056389218,198.9489000027751,203.4724644621814,191.6948345884452,210.7265298765113,187.1712701290389,215.2500943359176,179.917204714709,-0.24334532631558334,-50.38093527774647,-3.0001418375817934,-3.3551983093417372,0.3550564717599438,40.71275520478895,36.270560791761156,197.9935302734375,198.73529968261718,208.24771911621093,,IONEXCHANG.BO,2023-08-21 22:01:42.730691
402,2021-12-20 00:00:00+05:30,197.23760834546925,201.18235360036243,186.38482128339797,196.43544006347656,204530,0.0,0.0,2021-12-20,199.19795913696288,3.4279542863886534,202.62591342335153,195.77000485057422,206.0538677097402,192.34205056418557,-243.86674851595632,-109.28430143831258,-1886190,192276.57364249165,92658.2005716442,214.05621017159527,51.24983222456493,194.66753831574565,202.95025534809332,188.15272303112886,209.4650706327101,179.87000599878118,217.74778766505779,173.3551907141644,-0.19620592215154842,-50.46515103733061,-3.0390009232828277,-3.443962427281723,0.4049615039988952,40.9925306853483,36.98804997235936,198.55032348632812,199.19795913696288,208.64832855224608,,IONEXCHANG.BO,2023-08-21 22:01:42.730691
403,2021-12-17 00:00:00+05:30,196.397697136318,199.592186223877,196.29388729299825,197.407470703125,52440,0.0,0.0,2021-12-17,199.84865493774413,4.053965364356654,203.9026203021008,195.79468957338747,207.95658566645744,191.74072420903082,-7.194279812204549,-86.43569579856337,-1681660,49542.25599629271,67753.60730393234,214.29570471184203,71.64500425111278,197.7645147400001,199.23514218700194,195.93684325612318,201.06281367087885,194.46621580912134,202.5334411178807,192.63854432524442,-0.2850998347904187,-59.51521655140527,-3.0640821114648986,-3.5452028032814464,0.4811206918165478,42.17923416740438,36.265832966575886,198.66451721191407,199.84865493774413,209.03166809082032,,IONEXCHANG.BO,2023-08-21 22:01:42.730691
404,2021-12-16 00:00:00+05:30,201.86656092397843,202.80555834614728,197.2376123694166,198.6390380859375,70330,0.0,0.0,2021-12-16,200.60976638793946,4.9100754655335965,205.51984185347305,195.69969092240586,210.42991731900665,190.78961545687227,92.1123924412082,-74.32062554783228,-1629220,66858.20812511875,72306.44513084224,214.35476243535547,62.43114103022063,199.56073626716713,201.88386016491765,196.31591418818698,205.1286822438978,193.99279029043646,207.45180614164832,190.7479682114563,-0.3088919470309679,-40.947341992153405,-3.1454984364290794,-3.6654829762355834,0.5199845398065039,43.66772706678429,37.096687513810195,198.7022705078125,200.60976638793946,209.44699981689453,,IONEXCHANG.BO,2023-08-21 22:01:42.730691
405,2021-12-15 00:00:00+05:30,197.71419585893753,202.89993613016026,193.55710762185487,201.26730346679688,69540,0.0,0.0,2021-12-15,201.4801124572754,5.970586772572962,207.45069922984837,195.50952568470242,213.4212860024213,189.53893891212948,45.430899826140056,-81.72651020802031,-1558890,66981.89442195978,73668.50438227311,214.42881607737957,37.698445928759774,199.24144907293734,204.92579052401982,195.58296201571443,208.58427758124273,189.89862056463195,214.2686190323252,186.24013350740904,-0.28258097365396023,-27.55467884555287,-3.3233676638734266,-3.795479111187209,0.4721114473137824,46.95793235985611,38.19625662979243,198.48238525390624,201.4801124572754,209.86959777832033,,IONEXCHANG.BO,2023-08-21 22:01:42.730691
406,2021-12-14 00:00:00+05:30,197.23761213802797,199.5969137186264,196.3977013513363,199.0023651123047,42390,0.0,0.0,2021-12-14,202.1968681335449,6.752892734886287,208.94976086843118,195.44397539865864,215.7026536033175,188.69108266377233,-12.542162566571342,-95.51382895252412,-1628430,40371.15424978366,75340.15687235144,214.4904244960226,33.26326703307757,198.33232672742247,200.26695210350863,197.06773973621853,201.53153909471257,195.13311436013237,203.46616447079873,193.86852736892843,-0.27448995620257166,-39.09596255702164,-3.7595844370667066,-3.9135069730156546,0.153922535948948,43.56496887587098,39.3804079854656,197.57735900878907,202.1968681335449,210.04494110107422,,IONEXCHANG.BO,2023-08-21 22:01:42.730691
407,2021-12-13 00:00:00+05:30,197.54432197332224,201.95621888743545,195.44455216930288,197.00640869140625,38770,0.0,0.0,2021-12-13,202.99619979858397,7.2804163082603255,210.2766161068443,195.71578349032364,217.55703241510463,188.43536718206332,-24.51493019310854,-103.79120415445203,-1670820,36553.22225648703,84082.40752799337,214.53474462145334,21.454039942543375,198.13572658271485,200.82690099612682,194.31523427799425,204.64739330084743,191.62405986458228,207.3385677142594,187.80356755986168,-0.26343837806724135,-55.62562732729514,-4.038048582423784,-3.9519876070028914,-0.0860609754208923,40.433883571591345,39.51431044623899,197.51507263183595,202.99619979858397,210.41119903564453,,IONEXCHANG.BO,2023-08-21 22:01:42.730691
408,2021-12-10 00:00:00+05:30,197.54432505809334,202.04115344482955,193.55711389379795,197.5962371826172,52610,0.0,0.0,2021-12-10,203.77618484497071,7.4388383594056835,211.2150232043764,196.33734648556504,218.65386156378207,188.89850812615936,-16.631677190518978,-115.4197833212887,-1632050,49750.3893397716,95964.70384586995,214.58074010321707,18.30139650298844,197.73150150708156,201.90588912036517,193.42184956933357,206.21554105811316,189.24746195604996,210.38992867139677,184.93781001830197,-0.25516097214194533,-52.99680122249682,-4.13681305158147,-3.9304723631476683,-0.2063406884338015,41.057876908011224,39.658513096302634,196.824267578125,203.77618484497071,210.92750854492186,,IONEXCHANG.BO,2023-08-21 22:01:42.730691
409,2021-12-09 00:00:00+05:30,200.10651871618646,200.10651871618646,194.77450284563545,197.53961181640625,63670,0.0,0.0,2021-12-09,204.60477142333986,7.634603742766676,212.23937516610653,196.97016768057318,219.8739789088732,189.3355639378065,-31.106673277725747,-127.96325522439872,-1684660,60191.97005579744,107518.28247239454,214.64143455870212,11.735416201912429,197.47354445940937,200.17258607318328,194.84057020263228,202.80556032996037,192.14152858885836,205.5046019437343,189.50855433208127,-0.25118982074506563,-61.01364344773072,-4.258671684689318,-3.878887191039218,-0.37978449365010025,40.97185517549269,39.81380825790964,197.23195190429686,204.60477142333986,211.51186004638672,,IONEXCHANG.BO,2023-08-21 22:01:42.730691
410,2021-12-08 00:00:00+05:30,199.12506117056043,200.54536538549897,195.34545528298491,196.74217224121094,56530,0.0,0.0,2021-12-08,205.355029296875,7.641044500595249,212.99607379747025,197.71398479627973,220.63711829806547,190.0729402956845,-40.71082358825565,-138.5470194270832,-1748330,53226.26103923012,119349.86057654381,214.71571721457929,11.257497565609057,197.54433096989828,199.74320665681165,194.5432965542976,202.74424107241234,192.34442086738423,204.9431167593257,189.34338645178354,-0.2652612679172077,-67.69929369671341,-4.344585592758278,-3.7839410676266927,-0.5606445251315857,39.88564299244032,39.34510812291867,197.85386352539064,205.355029296875,212.07884735107422,,IONEXCHANG.BO,2023-08-21 22:01:42.730691
411,2021-12-07 00:00:00+05:30,196.6713716744153,199.03067322713156,193.7600016223824,198.69093322753906,39250,0.0,0.0,2021-12-07,206.13005905151368,7.506389791499032,213.63644884301272,198.62366926001465,221.14283863451175,191.11727946851562,-65.24352586627356,-156.05860119179238,-1691800,37322.198866905484,135880.76046087223,214.78529986688702,12.55850666745367,197.16053602568434,200.56107042898628,195.29039882423712,202.4312076304335,191.88986442093517,205.83174203373545,190.01972721948795,-0.2664786598215301,-61.204636205617355,-4.310218659429495,-3.643779936343796,-0.6664387230856987,41.6190795336978,38.90999101378572,199.12410888671874,206.13005905151368,212.6341323852539,,IONEXCHANG.BO,2023-08-21 22:01:42.730691
412,2021-12-06 00:00:00+05:30,199.59691289541203,201.9562144662798,191.1034272402881,193.55238342285156,61130,0.0,0.0,2021-12-06,206.8267608642578,7.42579879275614,214.25255965701393,199.40096207150168,221.6783584497701,191.97516327874553,-124.14400682582018,-192.80547355585833,-1731050,56624.2459104179,160520.4008593639,214.82867798971114,14.968251791038327,195.53734170980647,199.97125617932483,189.11846895333315,206.39012893579815,184.6845544838148,210.8240434053165,178.26568172734147,-0.27360568554415465,-78.32993849590274,-4.392835657693439,-3.4771702555723714,-0.9156654021210677,34.66963203546577,37.96178661505853,200.02442016601563,206.8267608642578,213.03757293701173,,IONEXCHANG.BO,2023-08-21 22:01:42.730691
413,2021-12-03 00:00:00+05:30,202.8999385796573,202.8999385796573,199.1250560014311,199.63465881347656,34010,0.0,0.0,2021-12-03,207.8006805419922,6.848040807808684,214.64872134980087,200.95263973418352,221.49676215760957,194.10459892637482,-37.94325307080499,-151.99818716604872,-1669920,32493.170227142513,186494.43959660036,214.91836601633386,16.98475320088862,200.55321779818829,201.98137959494548,198.20649701671928,204.32810037641448,196.7783352199621,205.75626217317168,194.43161443849309,-0.266106874524986,-58.05947141155164,-3.9259830359531804,-3.248253905042104,-0.6777291309110764,39.884444084280155,36.940643416429246,199.6422149658203,207.8006805419922,213.59955841064453,,IONEXCHANG.BO,2023-08-21 22:01:42.730691
414,2021-12-02 00:00:00+05:30,203.09340293399492,204.66469147034795,200.06877654176276,200.649169921875,63480,0.0,0.0,2021-12-02,208.31076202392578,6.582567574290517,214.8933295982163,201.72819444963525,221.47589717250682,195.14562687534473,-29.443184414973285,-150.9220775617923,-1635910,60957.02981224704,224994.7569389648,214.95429452149395,16.820544481902928,201.7942126446619,203.51964874756106,198.92373381897588,206.3901275732471,197.19829771607672,208.11556367614625,194.3278188903907,-0.2703174278278519,-54.67839891667635,-3.8677975884691875,-3.0788216223143348,-0.7889759661548528,40.831817627095866,36.75741921011608,199.82435607910156,208.31076202392578,214.06226470947266,,IONEXCHANG.BO,2023-08-21 22:01:42.730691
415,2021-12-01 00:00:00+05:30,206.67481709554423,206.67481709554423,197.23761083547373,203.09339904785156,127970,0.0,0.0,2021-12-01,208.96853485107422,6.4322500468801245,215.40078489795434,202.5362848041941,221.83303494483448,196.10403475731397,-34.07495942117865,-157.86074540910755,-1572430,124380.84131645077,266004.1887206442,215.017338285363,18.179637430904464,202.3352756596232,207.43294048377265,197.99573422370216,211.7724819196937,192.8980693995527,216.87014674384315,188.55852796363166,-0.274710691618697,-46.5324892261865,-3.834613562768027,-2.881577630775621,-0.9530359319924058,43.12998014000793,36.688096902590644,200.2990478515625,208.96853485107422,214.49184631347657,,IONEXCHANG.BO,2023-08-21 22:01:42.730691
416,2021-11-30 00:00:00+05:30,192.51901144079653,205.16486231463907,191.5752907964789,203.19248962402344,193000,0.0,0.0,2021-11-30,209.78060607910157,6.672238245747586,216.45284432484917,203.10836783335398,223.12508257059676,196.4361295876064,-69.22236868660795,-204.00744276118562,-1444460,187678.47787093383,301410.02557169256,215.1242233750458,17.765670163562817,199.97754757838047,208.37980436028204,194.79023284212187,213.56711909654064,186.3879760602203,221.9693758784422,181.2006613239617,-0.17554632666921638,-46.202248956935065,-3.9747472837427438,-2.6433186477775195,-1.3314286359652243,43.22256031612482,36.613442109870945,200.24620056152344,209.78060607910157,214.96181915283202,,IONEXCHANG.BO,2023-08-21 22:01:42.730691
417,2021-11-29 00:00:00+05:30,199.13448721311806,200.06877583143753,187.05015132078748,191.641357421875,200870,0.0,0.0,2021-11-29,210.3666564941406,6.577196248950592,216.9438527430912,203.78946024519,223.5210489920418,197.21226399623941,-160.71284537231847,-346.5680206538103,-1637460,184227.23326115828,329842.91249688226,215.28773979353966,13.196700136194792,192.92009485803337,198.79003839527925,185.7714138846292,205.93871936868342,179.9014703473833,211.8086629059293,172.75278937397914,-0.16796144211595865,-84.69883618012186,-4.10369638804184,-2.3104614887862134,-1.7932348992556264,26.242347390579283,36.1166806303647,200.70202026367187,210.3666564941406,215.3733758544922,,IONEXCHANG.BO,2023-08-21 22:01:42.730691
418,2021-11-26 00:00:00+05:30,200.54064116855014,205.63672699587832,197.46882579816906,200.5453643798828,604270,0.0,0.0,2021-11-26,211.37974014282227,4.883525200430061,216.26326534325233,206.4962149423922,221.14679054368239,201.61268974196216,-116.72795698152316,-243.0384793233861,-1436590,579953.4992120276,366246.8323058132,215.62989196512228,15.788022560170035,201.21697239131007,204.96511898445107,196.7972177867418,209.38487358901932,193.0490711936008,213.13302018216032,188.62931658903256,-0.1770856136687977,-84.29289739308746,-3.0690015942731463,-1.8621527639723068,-1.2068488303008396,33.38672678962085,34.0349471591699,204.26361999511718,211.37974014282227,216.0789010620117,,IONEXCHANG.BO,2023-08-21 22:01:42.730691
419,2021-11-25 00:00:00+05:30,202.82916432221882,206.65594465993206,199.78565945483675,203.0226287841797,78600,0.0,0.0,2021-11-25,212.1368392944336,4.2478189387267475,216.38465823316034,207.88902035570686,220.6324771718871,203.6412014169801,-129.65218009896998,-224.10851655064982,-832320,76368.89466140766,312820.1655792596,216.31637543280812,19.555216508474032,203.15474429964948,206.5238291444622,199.6535439393669,210.0250295047448,196.28445909455417,213.39411434955753,192.78325873427158,-0.1672740316354861,-81.25679212199134,-2.5746884663840888,-1.5604405563970967,-1.014247909986992,35.9168211094195,32.82379520277388,206.68048706054688,212.1368392944336,216.36258331298828,,IONEXCHANG.BO,2023-08-21 22:01:42.730691
420,2021-11-24 00:00:00+05:30,208.56226263859728,209.48710483910273,201.95621812063266,202.82916259765625,737750,0.0,0.0,2021-11-24,212.80876770019532,3.765751681509543,216.57451938170487,209.04301601868576,220.3402710632144,205.27726433717623,-155.57575826333425,-206.55790209982672,-910920,716125.4823005373,371932.9833087226,216.395537249753,19.376317288163094,204.7574951857972,207.55877225096177,200.0278855324917,212.28838190426728,197.22660846732714,215.08965896943184,192.49699881402162,-0.13535402395868787,-94.21873225174535,-2.146780449034395,-1.3068785789003485,-0.8399018701340466,35.569467492160115,31.833344839037977,209.2851531982422,212.80876770019532,216.6707080078125,,IONEXCHANG.BO,2023-08-21 22:01:42.730691
421,2021-11-23 00:00:00+05:30,207.61854689376688,207.61854689376688,202.31484134930992,205.47158813476562,230040,0.0,0.0,2021-11-23,212.9989273071289,3.3028629876172513,216.30179029474616,209.69606431951163,219.6046532823634,206.3932013318944,-256.0653996355161,-206.99259718925492,-173170,226206.27521696917,285884.8585607689,217.1986887505241,24.200992616571142,205.1349921259475,207.95514290258507,202.6514373581281,210.43869767040445,199.83128658149053,213.25884844704203,197.34773181367115,-0.04274611987078419,-82.49606703010495,-1.5473480531634038,-1.0969031113668368,-0.450444941796567,38.24405859949754,31.08439218191253,211.83980407714844,212.9989273071289,216.95448486328124,,IONEXCHANG.BO,2023-08-21 22:01:42.730691
422,2021-11-22 00:00:00+05:30,212.62968995095952,213.9556162660831,207.62325898887966,209.44935607910156,991290,0.0,0.0,2021-11-22,213.48211135864258,2.8144641384872817,216.29657549712988,210.6676472201553,219.11103963561715,207.85318308166802,-205.77541677069806,-119.69544245796301,56870,993640.4585401366,300804.5043967188,217.41924043796746,41.5771976417221,210.34274377802146,213.06222856716326,206.72987128995982,216.6751010552249,204.01038650081802,219.3945858443667,200.39751401275637,-0.05919379518525496,-85.66137202002045,-1.0166871514504976,-0.9842918759176951,-0.032395275532802525,42.74333761119382,29.57287914476754,213.7432861328125,213.48211135864258,217.25845703125,,IONEXCHANG.BO,2023-08-21 22:01:42.730691
423,2021-11-18 00:00:00+05:30,213.34693662501235,217.05575190865233,212.0445975055494,212.62969970703125,199810,0.0,0.0,2021-11-18,213.8260971069336,2.71427512626227,216.54037223319585,211.11182198067132,219.25464735945812,208.39754685440906,37.052898966140994,-54.87142205658791,1048160,203324.9422393146,127595.51586086431,218.12210892090212,53.464865004837634,213.9100163737443,215.7754352419392,210.76428083883627,218.92117077684722,208.89886197064138,220.7865896450421,205.75312643573335,0.08213773056439275,-43.27187309489209,-0.7136259134504144,-0.9761930570344943,0.26256714358407995,46.83096625587285,28.725520830276054,214.3746368408203,213.8260971069336,217.37151458740234,,IONEXCHANG.BO,2023-08-21 22:01:42.730691
424,2021-11-17 00:00:00+05:30,216.54614466051157,217.05574747073214,212.2427664407153,216.04595947265625,103150,0.0,0.0,2021-11-17,214.02970504760742,2.771927059675612,216.80163210728304,211.2577779879318,219.57355916695866,208.48585092825618,146.73590206150345,-34.327398764792164,1247970,106650.99037878118,108663.15926625172,218.2215099707652,55.897228909728305,215.1148244613679,217.98688248202052,213.17390145200366,219.92780549138476,210.30184343135105,222.79986351203738,208.3609204219868,0.14052381154421462,-26.58988685599028,-0.6280188385577503,-1.0418348429305142,0.4138160043727639,51.77570470001392,28.678749380996518,214.68229064941406,214.02970504760742,217.48721466064453,,IONEXCHANG.BO,2023-08-21 22:01:42.730691
425,2021-11-16 00:00:00+05:30,216.94249853097747,217.0557403962169,211.86527703891605,215.6024169921875,135190,0.0,0.0,2021-11-16,214.11015701293945,2.8556134488799603,216.9657704618194,211.2545435640595,219.82138391069938,208.39893011517952,115.84871413240565,-41.85852796097959,1144820,139491.4873905023,109166.20148811935,218.2420275393448,54.87870074420856,214.84114480910682,217.8170125792976,212.62654922199675,220.03160816640766,209.65068145180598,223.00747593659844,207.4360858646959,0.1462817109921362,-28.75575539736989,-0.8453502296119382,-1.145288844023705,0.29993861441176684,51.159633356410424,28.671579712510592,213.9820526123047,214.11015701293945,217.62254455566406,,IONEXCHANG.BO,2023-08-21 22:01:42.730691
426,2021-11-15 00:00:00+05:30,212.903383846032,215.5457901391289,209.5107069661071,214.98899841308594,76560,0.0,0.0,2021-11-15,214.21962890625,2.9560323024564172,217.1756612087064,211.2635966037936,220.13169351116284,208.30756430133715,-11.616551848756696,-70.34410593839527,1009630,78771.23837639004,101584.8800125236,218.27506247120294,56.93559652377948,213.34849850610735,217.1862900461076,211.15120687308578,219.38358167912915,207.31341533308554,223.2213732191294,205.11612370006398,0.08488779683900916,-31.751148311639934,-1.0671097173607222,-1.2202734976266465,0.15316378026592425,50.34297905320328,28.663855921523208,213.31012268066405,214.21962890625,217.86168334960936,,IONEXCHANG.BO,2023-08-21 22:01:42.730691
427,2021-11-12 00:00:00+05:30,214.7908252230447,214.7908252230447,209.97784415871877,212.60610961914062,67830,0.0,0.0,2021-11-12,214.5532341003418,3.3918025074079052,217.9450366077497,211.1614315929339,221.3368391151576,207.769629085526,-52.849912071587326,-87.51619813275309,933070,69015.56848059698,107288.29042155699,218.29851857899445,49.29019850754479,212.45825966696802,214.93867517521727,210.12569411089135,217.27124073129394,207.6452786026421,219.7516562395432,205.31271304656542,0.023869984643028388,-43.38706618574709,-1.2744482966523947,-1.2585644426931275,-0.01588385395926717,47.14082549508741,28.109862880982497,212.83731689453126,214.5532341003418,218.11507232666017,,IONEXCHANG.BO,2023-08-21 22:01:42.730691
428,2021-11-11 00:00:00+05:30,212.62026744457268,215.17303355627476,212.2333385182072,214.16796875,47670,0.0,0.0,2021-11-11,215.18127975463867,4.101056017142205,219.28233577178088,211.08022373749645,223.38339178892306,206.97916772035427,14.0100452800386,-67.62926942709282,1000900,48859.51836289216,116856.47090679698,218.33474714627081,49.139383412192835,213.85811360816066,215.48288869811412,212.54319366004657,216.79780864622822,210.9184185700931,218.42258373618168,209.603498621979,0.12003937844549004,-35.760329837923564,-1.2859162435137534,-1.2545934792033107,-0.031322764310442786,49.06662299992774,27.238936973992473,212.92225036621093,215.18127975463867,218.39252624511718,,IONEXCHANG.BO,2023-08-21 22:01:42.730691
429,2021-11-10 00:00:00+05:30,212.2427717623442,215.64489512711475,211.86528925642233,212.54476928710938,102900,0.0,0.0,2021-11-10,215.2291732788086,4.094186811650422,219.323360090459,211.13498646715817,223.41754690210942,207.04079965550775,-20.856126520216826,-78.00978293001747,953230,104668.33318205061,133855.70904277317,218.35346800082843,45.784389396162254,213.35165122354883,214.83801319067533,211.0584073199829,217.13125709424125,209.5720453528564,218.61761906136775,207.27880144929048,0.1153325792219101,-43.68659802613329,-1.4349345710418788,-1.2467627881256997,-0.1881717829161791,46.9779238083556,26.666907921892818,212.05591430664063,215.2291732788086,218.56588745117188,,IONEXCHANG.BO,2023-08-21 22:01:42.730691
430,2021-11-09 00:00:00+05:30,211.39342451336404,214.69644677138535,211.39342451336404,212.24276733398438,73670,0.0,0.0,2021-11-09,215.4337242126465,4.055020706781096,219.4887449194276,211.3787035058654,223.54376562620868,207.3236827990843,-49.305663263862265,-91.52497337493041,850330,74829.54101441342,141152.5530079538,218.41035418637549,40.19266441692574,212.77754620624458,214.16166789912512,210.8586456411038,216.0805684642659,209.47452394822326,217.46469015714644,207.5556233830825,0.11018101696385256,-45.161308022382954,-1.4441212012887945,-1.1997198423966549,-0.24440135889213965,46.601371699092205,26.050876635016266,212.3078857421875,215.4337242126465,218.55258087158202,,IONEXCHANG.BO,2023-08-21 22:01:42.730691
431,2021-11-08 00:00:00+05:30,212.99774316302242,216.11202411986574,209.60035753740303,212.62496948242188,75130,0.0,0.0,2021-11-08,215.59651641845704,3.984923192964545,219.5814396114216,211.6115932254925,223.56636280438613,207.62667003252795,-32.28539608831462,-96.07888934492703,924000,76449.94284724494,157733.30600633888,218.4539027924493,36.78615545524624,212.77911704656356,215.95787655572408,209.44620997326138,219.29078362902627,206.26745046410085,222.4695431381868,202.93454339079867,0.05672724614482931,-43.29497132138954,-1.4042596309745647,-1.1386195026736199,-0.26564012830094486,46.99391506435267,25.083828616266498,213.7262969970703,215.59651641845704,218.5100192260742,,IONEXCHANG.BO,2023-08-21 22:01:42.730691
432,2021-11-04 00:00:00+05:30,211.28961126328045,214.4133242444062,210.02502907515694,213.03077697753906,22410,0.0,0.0,2021-11-04,215.7777114868164,3.924628619892703,219.7023401067091,211.8530828669237,223.6269687266018,207.928454247031,-50.922028015297535,-106.57702642373361,999130,22847.238740198914,178054.14679611236,218.49618030025044,32.83649136975822,212.48971009903406,214.95439112291118,210.56609595366191,216.87800526828332,208.1014149297848,219.34268629216044,206.17780078441265,0.04391839715285098,-46.265841151058275,-1.3695892013126922,-1.0722094705983836,-0.2973797307143087,47.39388451712954,24.042392288382132,214.1840026855469,215.7777114868164,218.51369995117187,,IONEXCHANG.BO,2023-08-21 22:01:42.730691
433,2021-11-03 00:00:00+05:30,213.84710114133924,216.86700428613491,208.04793382107619,209.83628845214844,102350,0.0,0.0,2021-11-03,215.90629348754882,3.871664259454967,219.7779577470038,212.03462922809385,223.64962200645874,208.1629649686389,-95.75254734595553,-127.83519493632919,976720,102782.21078599157,216855.8738100907,218.50803011531062,36.43110583504049,211.58374218645318,215.11955055183017,206.30048008677144,220.4028126515119,202.76467172139445,223.9386210168889,197.48140962171271,0.021087635459443338,-70.03683549955468,-1.344415083290329,-0.9978645379198063,-0.34655054537052266,43.947173636128674,22.415324286540873,213.9584533691406,215.90629348754882,218.48595458984374,,IONEXCHANG.BO,2023-08-21 22:01:42.730691
434,2021-11-02 00:00:00+05:30,220.34934131503184,220.34934131503184,212.4692680716397,213.80462646484375,125810,0.0,0.0,2021-11-02,216.32318191528321,3.624679801807002,219.9478617170902,212.69850211347622,223.57254151889722,209.0738223116692,32.824010923910336,-60.336164183591336,1079070,128730.59389573678,245374.28956611545,218.59475897150804,46.39777795462579,215.5410786171718,218.61288916270388,210.73281591931175,223.42115186056392,207.66100537377966,226.492962406096,202.85274267591961,-0.015715571493302896,-56.56145319561474,-0.9772059397870123,-0.9112269015771756,-0.06597903820983675,47.54722714950451,20.6630972076349,215.1286651611328,216.32318191528321,218.46830688476564,,IONEXCHANG.BO,2023-08-21 22:01:42.730691
435,2021-11-01 00:00:00+05:30,218.94318588345809,220.3587668266701,212.62969257272707,219.33482360839844,526410,0.0,0.0,2021-11-01,216.62139739990235,3.651814407578247,220.2732118074806,212.9695829923241,223.92502621505884,209.31776858474586,96.05474862984033,-27.904457605466206,1204880,552562.2767915273,274535.2134837101,218.6543806681973,47.039418672056165,217.44109433593187,222.25249609913666,214.52342184519364,225.1701685898749,209.71202008198884,229.9815703530797,206.7943475912506,0.0477608220707059,-37.78242769749676,-0.883081977918863,-0.8947321420247163,0.011650164105853289,53.18223510569082,19.27802446546922,215.65997924804688,216.62139739990235,,,IONEXCHANG.BO,2023-08-21 22:01:42.730691
436,2021-10-29 00:00:00+05:30,207.6185413889217,221.49123195626552,201.0124968901833,214.9134979248047,390060,0.0,0.0,2021-10-29,216.15637969970703,3.8735223168503743,220.0299020165574,212.28285738285666,223.90342433340777,208.4093350660063,-86.94825433066256,-117.86561311010537,678470,401184.93944100954,205028.44765675574,218.61699669021579,33.315497510279855,212.47240892375115,223.932320957319,203.45358589123677,232.95114398983338,191.9936738576689,244.41105602340124,182.97485082515453,0.005050661318008441,-52.79603129831202,-1.2938353821207897,-0.8976446830511795,-0.39619069906961024,48.66702199336274,17.80540903350888,213.1194854736328,216.15637969970703,,,IONEXCHANG.BO,2023-08-21 22:01:42.730691
437,2021-10-28 00:00:00+05:30,217.5276118580923,218.0041953988076,211.2046863240028,211.9030303955078,110530,0.0,0.0,2021-10-28,216.2764678955078,3.870190780411172,220.14665867591899,212.40627711509663,224.01684945633016,208.53608633468545,-68.225304940032,-100.79179691609964,288410,112089.99492770675,155989.3247106923,218.77416441694598,45.026299918720184,213.7039707061061,216.2032550882094,209.4037460134046,220.5034797809109,206.9044616313013,223.0027641630142,202.6042369385998,-0.049030372078109334,-67.35741423218595,-1.3646870537811822,-0.7985970082837769,-0.5660900454974053,45.333131615634116,16.219515491397747,213.1638397216797,216.2764678955078,,,IONEXCHANG.BO,2023-08-21 22:01:42.730691
438,2021-10-27 00:00:00+05:30,218.93845741222617,220.35876153246977,212.45510145609103,215.68734741210938,58760,0.0,0.0,2021-10-27,216.8224105834961,3.9890877926680623,220.81149837616417,212.83332279082802,224.8005861688322,208.84423499815998,-20.36571117507046,-63.397340615179935,398940,60653.51419595866,166964.15715643868,218.8577983586727,44.6102996578416,216.16707013355673,219.87903881102244,211.9753787346437,224.07073020993548,208.263410057178,227.78269888740118,204.07171865826496,-0.04149599180087627,-53.62219565534191,-1.1382361486462003,-0.6570744969094255,-0.4811616517367747,49.04775335204226,15.852595179267642,214.0490478515625,216.8224105834961,,,IONEXCHANG.BO,2023-08-21 22:01:42.730691
439,2021-10-26 00:00:00+05:30,213.94146453828347,220.1417160067099,205.73109791436823,216.46119689941406,227290,0.0,0.0,2021-10-26,217.37873382568358,4.5577778225460435,221.9365116482296,212.82095600313755,226.49428947077567,208.2631781805915,-62.94241598967366,-102.35294940057139,457700,235456.07279989656,193541.81789655867,218.87844722208558,41.20933523904251,214.11133694016408,222.49157596595992,208.08095787361825,228.52195503250576,199.7007188478224,236.9021940583016,193.67033978127657,-0.027179298077308817,-50.81350076876665,-1.2037622543334123,-0.5367840839752318,-0.6669781703581805,49.81992921594574,15.65999269887756,214.2519500732422,217.37873382568358,,,IONEXCHANG.BO,2023-08-21 22:01:42.730691
440,2021-10-25 00:00:00+05:30,220.54751098377943,220.54751098377943,202.90936989451865,206.63235473632812,237860,0.0,0.0,2021-10-25,217.85012283325196,4.93020576449153,222.78032859774348,212.91991706876044,227.71053436223502,207.9897113042689,-169.99560363743728,-171.13045526339587,230410,235217.2950363748,183063.25417072416,218.94091793779793,42.56656828074674,210.0297452048754,217.15012051523217,199.5119794259714,227.6678862941362,192.39160411561463,234.78826160449296,181.8738383367106,-0.046917637740563824,-86.48738719927539,-1.345629153480644,-0.3700395413856866,-0.9755896120949573,38.30617644584689,15.403407608617675,214.49071044921874,217.85012283325196,,,IONEXCHANG.BO,2023-08-21 22:01:42.730691
441,2021-10-22 00:00:00+05:30,216.3290751815656,217.9994647224877,213.02605298880064,215.13526916503906,73520,0.0,0.0,2021-10-22,218.74382629394532,4.378930142675665,223.122756436621,214.36489615126965,227.50168657929666,209.98596600859398,-75.83068333960091,-80.30248619957928,468270,75694.90087011085,170024.74395431147,219.28306340855693,55.00683698416614,215.3869289587758,217.74780492875095,212.7743931950639,220.36034069246284,210.41351722508875,222.721216662438,207.80098146137686,-0.06777102678990328,-60.8125826738843,-0.5388814226382976,-0.12614213836194732,-0.4127392842763503,46.95722570789509,15.127085203722412,216.7226104736328,218.74382629394532,,,IONEXCHANG.BO,2023-08-21 22:01:42.730691
442,2021-10-21 00:00:00+05:30,217.99946055390276,218.1882017955877,212.3465689252245,216.32907104492188,102200,0.0,0.0,2021-10-21,218.93021087646486,4.295795244825524,223.22600612129037,214.63441563163934,227.5218013661159,210.3386203868138,-76.33470133563843,-74.06151712814389,541790,105807.21739289825,193607.20472536163,219.31900954728928,49.5056790319382,215.621280588578,218.89599225193152,213.0543593815683,221.46291345894122,209.7796477182148,224.73762512229473,207.2127265112051,-0.08214142374570679,-51.451695349810194,-0.33524322730195877,-0.022957317292859727,-0.31228591000909905,48.377548949097935,16.02459752758352,218.02777709960938,218.93021087646486,,,IONEXCHANG.BO,2023-08-21 22:01:42.730691
443,2021-10-20 00:00:00+05:30,217.71635535921422,220.66077363717778,212.3371504283691,216.7018585205078,155780,0.0,0.0,2021-10-20,219.19634017944335,4.291037930842018,223.48737811028536,214.90530224860134,227.7784160411274,210.6142643177593,-54.6604988944151,-54.105204080600565,643990,161556.28109180357,215557.20155847745,219.35546868802695,46.056120805190844,216.56659419535154,220.79603796233397,212.4724147535253,224.8902174041602,208.24297098654287,229.11966117114264,204.14879154471663,-0.10342998542522144,-50.09447451474609,-0.18701658315066538,0.055114160209415036,-0.24213074336008042,48.803743584881516,16.991149260972406,219.7953674316406,219.19634017944335,,,IONEXCHANG.BO,2023-08-21 22:01:42.730691
444,2021-10-19 00:00:00+05:30,217.79656551151692,219.69816197406595,213.28085891433582,217.65499877929688,281110,0.0,0.0,2021-10-19,219.4997459411621,4.319810187194714,223.81955612835682,215.17993575396738,228.13936631555154,210.86012556677267,-54.226100874215106,-44.08407206438928,799770,292815.76352656,229057.43167514593,219.40572495327947,46.532317302916844,216.87800655589956,220.4751541974633,214.05785113773317,223.2953096156297,210.46070349616943,226.89245725719343,207.64054807800304,-0.0908635155530387,-46.62434232767723,-0.031121894929043492,0.11564684604943513,-0.14676874097847864,49.85080829009315,18.0320511276989,219.48016357421875,219.4997459411621,,,IONEXCHANG.BO,2023-08-21 22:01:42.730691
445,2021-10-18 00:00:00+05:30,223.1805062148634,223.3786794913509,217.3671834373191,217.79185485839844,143860,0.0,0.0,2021-10-18,219.7234085083008,4.33504619215051,224.0584547004513,215.38836231615028,228.39350089260182,211.05331612399976,25.355406730962763,,1080880,149944.72828872618,213117.84871229238,219.46767445113056,54.24872994242895,219.51257259568948,221.65796175405984,215.64646570002805,225.52406864972127,213.50107654165768,227.66945780809164,209.63496964599625,-0.1420493437130123,-46.1260854544551,0.0750722167000788,0.1523390312940548,-0.077266814593976,49.99759585046312,19.31323629124071,219.2763214111328,219.7234085083008,,,IONEXCHANG.BO,2023-08-21 22:01:42.730691
446,2021-10-14 00:00:00+05:30,227.43666784121922,230.46129413532745,220.35876324035138,221.66110229492188,159980,0.0,0.0,2021-10-14,220.1634178161621,4.568973934517015,224.7323917506791,215.5944438816451,229.30136568519615,211.02546994712807,161.3368706132526,,1224740,169708.92911006385,228911.1288181839,219.49858075750356,54.47977699245704,224.1603865568669,227.96200987338244,217.85947897840637,234.26291745184298,214.05785566189084,238.0645407683585,207.7569480834303,-0.09500478848611896,-32.03917647605143,0.19641715157590056,0.1716557349425488,0.024761416633351768,54.08545355645355,19.968164580132758,218.8176727294922,220.1634178161621,,,IONEXCHANG.BO,2023-08-21 22:01:42.730691
447,2021-10-13 00:00:00+05:30,216.11202219516028,225.9267108929182,215.54578406258298,225.16702270507812,401860,0.0,0.0,2021-10-13,220.26887893676758,4.629307161040272,224.89818609780784,215.63957177572732,229.52749325884812,211.01026461468703,162.6407824122455,,1384720,433041.06005818775,243711.6787452139,219.4533008542048,57.549151356361946,222.21317255352642,228.88056104446986,218.49963421413463,232.59409938386165,211.8322457231912,239.26148787480508,208.1187073837994,-0.09029426654739944,-21.42142071494381,-0.03226282557517379,0.16546538078421083,-0.19772820635938462,58.085112413976496,20.098625815095943,217.7352264404297,220.26887893676758,,,IONEXCHANG.BO,2023-08-21 22:01:42.730691
448,2021-10-12 00:00:00+05:30,218.94318747670147,218.94318747670147,211.0017846635077,215.12583923339844,84960,0.0,0.0,2021-10-12,220.35640869140624,4.741973262054871,225.09838195346111,215.61443542935137,229.84035521551598,210.8724621672965,-61.59557498002869,,982860,87469.48978468901,196379.33341697045,219.1360972624992,49.148484446839376,215.02360379120253,219.04542291889737,211.1040201057036,222.9650066043963,207.08220097800876,226.98682573209115,203.16261729250982,-0.11478971612560063,-57.00670749060779,-0.6698337029949641,0.21489743237405695,-0.884731135369021,47.83984610355192,20.89853291355542,215.82230529785156,220.35640869140624,,,IONEXCHANG.BO,2023-08-21 22:01:42.730691
449,2021-10-11 00:00:00+05:30,215.26268708339626,220.64189193483736,215.26268708339626,216.6357879638672,158500,0.0,0.0,2021-10-11,220.3365905761719,4.765752533474089,225.10234310964597,215.5708380426978,229.86809564312006,210.80508550922372,-15.95467511531523,,1067820,164327.02077690512,223606.79432504077,219.18372484364681,53.246268420974395,217.51345566070026,219.76422423800426,214.38501938656316,222.89266051214136,212.13425080925916,225.14342908944536,209.00581453512206,-0.13599155903370974,-51.655549557698116,-0.4870642010716608,0.4360802162163122,-0.923144417287973,49.53062696185338,22.026491069192815,216.43194885253905,220.3365905761719,,,IONEXCHANG.BO,2023-08-21 22:01:42.730691
450,2021-10-08 00:00:00+05:30,217.05574472845103,222.32643077885035,215.16830346994277,215.4986114501953,236090,0.0,0.0,2021-10-08,220.42624435424804,4.7089962810424115,225.13524063529044,215.71724807320564,229.84423691633287,211.0082517921632,-24.005700349532415,,909320,243484.64612794385,238426.73771207468,219.24145733231686,53.90512306574596,217.66444856632947,220.16059366271617,213.0024663538086,224.82257587523705,210.5063212574219,227.31872097162375,205.844339044901,-0.11546623323333967,-55.68562753283885,-0.39439116523007556,0.6668663205383054,-1.061257485768381,48.248401072050825,23.399246299593482,217.05857849121094,220.42624435424804,,,IONEXCHANG.BO,2023-08-21 22:01:42.730691
451,2021-10-07 00:00:00+05:30,217.99946861099107,219.69816864900565,214.6964463593094,216.24887084960938,131630,0.0,0.0,2021-10-07,220.50221405029296,4.637021347449813,225.13923539774277,215.86519270284316,229.7762567451926,211.22817135539333,-45.73601713087591,,1145410,136225.4470208602,237162.26060810738,219.3721925494858,47.30250097814218,216.88116195264146,219.06587754597354,214.06415525627727,221.88288424233772,211.8794396629452,224.0675998356698,209.062432966581,-0.07835647680814012,-53.02675809184249,-0.15777131624963658,0.9321806919804007,-1.0899520082300374,49.009050688922386,24.877598086178818,215.96575012207032,220.50221405029296,,,IONEXCHANG.BO,2023-08-21 22:01:42.730691
452,2021-10-06 00:00:00+05:30,217.5370327235181,221.20810532204408,214.31895638601722,215.6024169921875,119300,0.0,0.0,2021-10-06,220.72328033447266,4.527676621851453,225.2509569563241,216.19560371262122,229.77863357817557,211.66792709076975,-51.5778326741469,,1013780,123095.89796351008,262396.46400491917,219.43422597949115,45.83387148177706,217.0431595667496,219.767362747482,212.87821381145514,223.93230850277646,210.15401063072275,226.65651168350885,205.98906487542828,-0.04352722354548281,-55.317747592081496,0.0736750846429004,1.2046686940379099,-1.1309936093950095,48.353799966986564,26.650036880169107,216.1790283203125,220.72328033447266,,,IONEXCHANG.BO,2023-08-21 22:01:42.730691
453,2021-10-05 00:00:00+05:30,217.24449158700307,224.13365523855285,217.24449158700307,218.17405700683594,280100,0.0,0.0,2021-10-05,220.69827117919922,4.558725981361347,225.25699716056056,216.1395451978379,229.81572314192192,211.58081921647653,-15.59015169479337,,1133080,292459.49672276265,297221.6055152714,219.50446644945418,50.16384813192035,219.85073461079728,222.45697763459148,215.5678139830417,226.73989826234705,212.9615709592475,229.34614128614126,208.67865033149192,-0.04391714095327842,-46.20402631976924,0.432546234097714,1.4874170963866622,-1.0548708622889482,50.748046245076466,28.558817119850957,217.6229217529297,220.69827117919922,,,IONEXCHANG.BO,2023-08-21 22:01:42.730691
454,2021-10-04 00:00:00+05:30,209.5059745653432,225.5492248698965,205.25923183766733,219.76893615722656,431620,0.0,0.0,2021-10-04,220.71030349731444,4.552025564811387,225.26232906212584,216.15827793250304,229.81435462693722,211.60625236769167,-69.23718913206312,,1413180,453959.7814269504,298412.1327133986,219.56430031129153,50.83777772998725,216.85913095493015,228.45903007219297,208.1690370399638,237.14912398715933,196.56913792270097,248.74902310442215,187.87904400773462,-0.014197602008407195,-40.5518806240703,0.6321887462131599,1.7511348119588992,-1.1189460657457393,52.23387857622361,30.412625034167522,219.3508728027344,220.71030349731444,,,IONEXCHANG.BO,2023-08-21 22:01:42.730691
455,2021-10-01 00:00:00+05:30,211.39342967066628,212.32771831616964,202.99432148394385,210.0344696044922,397450,0.0,0.0,2021-10-01,220.86247940063475,4.569737486456454,225.43221688709122,216.2927419141783,230.00195437354768,211.72300442772183,-244.847327195389,,981560,399505.3390560819,259525.22053501062,219.54906247072398,41.93949750506811,208.45216980153523,213.91001811912662,204.57662128690083,217.78556663376102,199.11877296930945,223.2434149513524,195.24322445467504,-0.08965577016679614,-75.05018302678653,0.7211416106071624,2.030871328395334,-1.3097297177881715,42.7008817435201,32.40903355727767,220.57488098144532,220.86247940063475,,,IONEXCHANG.BO,2023-08-21 22:01:42.730691
456,2021-09-30 00:00:00+05:30,223.04837617563444,224.87918209782595,212.80900160237996,217.3152618408203,330800,0.0,0.0,2021-09-30,221.7387237548828,4.032850625057334,225.77157437994015,217.70587312982548,229.80442500499748,213.67302250476814,-156.27238259152918,,1379010,344037.06997873465,224530.1909047428,220.2494877249269,49.207151587782214,218.33448184700873,223.8599620916375,211.78978159619152,230.4046623424547,206.26430135156275,235.93014258708348,199.71960110074554,-0.1427792823537728,-75.5128533646973,1.7827993079322653,2.3583037578423767,-0.5755044499101114,49.574798780445484,32.79662533683218,223.46927185058593,221.7387237548828,,,IONEXCHANG.BO,2023-08-21 22:01:42.730691
457,2021-09-29 00:00:00+05:30,224.1336552881162,225.8323553450435,221.77435365350442,222.82188415527344,117980,0.0,0.0,2021-09-29,222.25588302612306,4.098400432635813,226.35428345875886,218.15748259348726,230.45268389139468,214.05908216085143,-25.50131466655816,,1709810,125810.16908642423,194653.47113624483,220.44100496339018,53.27018728413347,223.47619771794044,225.17804178237645,221.12004009083736,227.53419940947953,219.41819602640135,229.23604347391554,217.06203839929827,-0.14199837417085898,-47.2871813097069,2.3979830439914167,2.502179870319904,-0.10419682632848737,55.899021977460336,34.87948716550443,223.7788116455078,222.25588302612306,,,IONEXCHANG.BO,2023-08-21 22:01:42.730691
458,2021-09-28 00:00:00+05:30,227.04031039057,230.17345538721324,221.67996973602405,226.81381225585938,211950,0.0,0.0,2021-09-28,222.438729095459,4.205165367633642,226.64389446309264,218.23356372782536,230.84905983072628,214.02839836019172,80.35417408977601,,1827790,230065.99432612958,211864.29664869994,220.38426044912742,58.07920298527397,226.22241245969886,230.76485518337367,222.27136953218448,234.71589811088805,217.72892680850967,239.25834083456286,213.7778838809953,-0.09398154091997324,-23.54727785259522,2.606952704734823,2.528229076902026,0.07872362783279696,61.14390774079177,35.54809951639011,223.54476623535157,222.438729095459,,,IONEXCHANG.BO,2023-08-21 22:01:42.730691
459,2021-09-27 00:00:00+05:30,224.50642974419114,227.68676375048494,222.91153952974787,225.88897705078125,126880,0.0,0.0,2021-09-27,222.23983993530274,4.079539810533594,226.31937974583633,218.16030012476915,230.39891955636992,214.08076031423556,68.47271570417188,,1615840,137163.23538121037,207313.8722293425,220.09665502909024,51.47195811398182,225.495760110338,228.07998069092815,223.30475647019108,230.27098433107508,220.72053588960094,232.85520491166523,218.529532249454,-0.06930404229579432,-28.49921632230368,2.441853477072357,2.508548169943827,-0.06669469287147001,60.34731812994281,36.26814358657469,222.73599853515626,222.23983993530274,,,IONEXCHANG.BO,2023-08-21 22:01:42.730691
460,2021-09-24 00:00:00+05:30,223.56741212862718,231.21155501357958,222.90681056573806,224.5064239501953,381290,0.0,0.0,2021-09-24,221.53936309814452,4.590714765003038,226.13007786314756,216.94864833314148,230.7207926281506,212.35793356813844,98.0597043652591,,1488960,409669.56384995696,224851.5314413755,219.9372812612404,51.386088585186556,226.20826317650435,229.50971578727064,221.2049713394291,234.51300762434587,217.90351872866282,237.81446023511216,212.90022689158758,-0.08899355177117348,-35.90195991123083,2.284560910685286,2.525221843161694,-0.24066093247640774,59.18175328953585,37.543598075423056,221.98385314941407,221.53936309814452,,,IONEXCHANG.BO,2023-08-21 22:01:42.730691
461,2021-09-23 00:00:00+05:30,226.02108803988952,226.02108803988952,216.48950403685765,218.8629608154297,160300,0.0,0.0,2021-09-23,220.81977615356445,5.189981694573441,226.0097578481379,215.629794458991,231.19973954271134,210.43981276441755,-25.786953153601505,,1107670,167901.7815973898,178647.02333923013,219.525427931184,39.74004963290042,220.45785096405893,224.42619789126022,214.89461388822835,229.9894349670908,210.92626696102707,233.95778189429208,205.36302988519648,-0.04629286170206228,-65.94724622735141,2.1847247346763936,2.585387076280796,-0.4006623416044022,54.05666005004227,38.91716444802899,222.4009765625,220.81977615356445,,,IONEXCHANG.BO,2023-08-21 22:01:42.730691
462,2021-09-22 00:00:00+05:30,225.45014123475318,226.3938618534465,219.42447586837457,221.6516571044922,179620,0.0,0.0,2021-09-22,220.5170783996582,5.478633558029661,225.99571195768786,215.03844484162855,231.47434551571752,209.5598112835989,27.07070781747028,,1267970,190535.18522378014,181333.33377469023,219.55152116953786,39.695103951541064,222.48999827543776,225.55552068250094,218.586134697429,229.4593842605097,215.52061229036582,232.52490666757288,211.61674871235707,-0.02880086514771197,-57.61303166667097,2.579597897836294,2.6855526616818963,-0.10595476384560243,57.36519975323692,41.5599884431529,223.3824493408203,220.5170783996582,,,IONEXCHANG.BO,2023-08-21 22:01:42.730691
463,2021-09-21 00:00:00+05:30,217.67861115602315,224.11477857702323,217.67861115602315,222.7699737548828,116180,0.0,0.0,2021-09-21,220.01667098999025,5.816211023453146,225.8328820134434,214.2004599665371,231.64909303689655,208.38424894308395,15.956536469929828,,1447590,123861.84299360825,179032.87091241774,219.4545515368408,40.28769066179895,221.52112116264308,225.36363116926302,218.92746374826294,227.95728858364316,215.084953741643,231.7997985902631,212.49129632726286,0.013956760274433721,-55.13035008952437,2.7714260570827776,2.7120413526432965,0.05938470443948107,58.70453068279276,43.52338536744241,224.43564147949218,220.01667098999025,,,IONEXCHANG.BO,2023-08-21 22:01:42.730691
464,2021-09-20 00:00:00+05:30,221.7743548749295,230.92844238763243,219.98129138276298,222.1282501220703,184260,0.0,0.0,2021-09-20,219.32586746215821,6.274417010180014,225.60028447233822,213.0514504519782,231.87470148251825,206.77703344179818,77.51787129225632,,1331410,195877.4195697197,192825.6278921201,219.3524877278301,50.27682598882517,224.3459946308219,228.71069787888084,217.76354687401138,235.29314563569136,213.39884362595245,239.6578488837503,206.81639586914193,-0.029563577838516597,-57.94372723335563,2.8648956808964954,2.697195176533426,0.1677005043630695,58.18652693980429,46.192854940450964,222.82754211425782,219.32586746215821,,,IONEXCHANG.BO,2023-08-21 22:01:42.730691
465,2021-09-17 00:00:00+05:30,223.75617027468087,229.99887311376028,219.88690987734057,226.592041015625,225540,0.0,0.0,2021-09-17,,,,,,,99.52823556457584,,1515670,244578.19714512993,192062.67997272022,219.21000770054025,58.75149166750647,225.49260800224195,231.09830612714333,220.98634289072362,235.60457123866166,215.38064476582224,241.21026936356304,210.8743796543039,,-38.37404546905913,3.004357667936574,2.6552700504426583,0.3490876174939159,63.32682635564015,48.33359855882778,222.08766479492186,,,,IONEXCHANG.BO,2023-08-21 22:01:42.730691
466,2021-09-16 00:00:00+05:30,229.70159798459468,231.11717894440125,221.97724685125579,223.77032470703125,161190,0.0,0.0,2021-09-16,,,,,,,98.0562012029985,,1290130,172619.59737266018,178933.80067961777,218.71510292644018,67.4832695519678,225.6215835008961,229.2659201505364,220.12598805739094,234.76151559404155,216.48165140775063,238.40585224368186,210.98605596424548,,-43.992097377851316,2.6977749320099917,2.567998146069179,0.12977678594081254,61.320622681709594,50.85246335723764,220.17285766601563,,,,IONEXCHANG.BO,2023-08-21 22:01:42.730691
467,2021-09-15 00:00:00+05:30,215.16829908318442,228.75787010737207,213.46959910515255,226.91761779785156,320890,0.0,0.0,2021-09-15,,,,,,,36.04253469222144,,1451320,348476.83273984987,180512.35150635714,218.4606988406159,62.65339901429524,223.04836233679205,232.62712556843155,217.33885456621204,238.33663333901157,207.76009133457254,247.91539657065107,202.05058356399252,,-32.03017597660268,2.5422770515259003,2.535553949583976,0.00672310194192427,65.0093730548197,52.88581542875088,219.55283203125,,,,IONEXCHANG.BO,2023-08-21 22:01:42.730691
468,2021-09-14 00:00:00+05:30,220.3587670287037,220.64188609761248,213.89427495542836,214.72947692871094,125770,0.0,0.0,2021-09-14,,,,,,,-80.74970897888501,,1130430,129246.33567482063,138521.23119798396,217.51911106084935,58.88790521526524,216.4218793272506,218.94948369907283,212.2018725568887,223.16949046943472,209.67426818506647,225.69709484125696,205.45426141470458,,-78.35366060192769,1.9947126114840046,2.5338731740984946,-0.53916056261449,55.359822339595475,55.58160247629797,217.18975524902345,,,,IONEXCHANG.BO,2023-08-21 22:01:42.730691
469,2021-09-13 00:00:00+05:30,217.01800576971496,220.35877051560672,214.79082447244235,218.42886352539062,73360,0.0,0.0,2021-09-13,,,,,,,-69.13847539964256,,1256200,76686.49009643128,140839.9550787748,217.6464011740434,66.00198492583215,217.85948617114659,220.92814786985082,215.36020182668645,223.42743221431095,212.29154012798222,226.4960939130152,209.79225578352208,,-59.989954008504995,2.463788488065717,2.6686633147521173,-0.20487482668640045,60.025380710659896,58.79580444297368,217.9268005371094,,,,IONEXCHANG.BO,2023-08-21 22:01:42.730691
470,2021-09-09 00:00:00+05:30,221.11374950515443,221.11374950515443,215.16830657504758,217.01800537109375,119490,0.0,0.0,2021-09-09,,,,,,,-54.42003412404184,,1182840,124101.44565325425,156878.32132436067,217.62500635708943,64.84577700052914,217.76668715043192,220.36506772581626,214.4196247957094,223.71213008053877,211.82124422032507,226.3105106559231,208.47418186560256,,-58.178538586541855,2.6626840972273556,2.719882021423717,-0.057197924196361605,,62.529946796304,218.80351867675782,,,,IONEXCHANG.BO,2023-08-21 22:01:42.730691
471,2021-09-08 00:00:00+05:30,213.46960352180656,221.77434794176014,212.53532931458432,220.67019653320312,126710,0.0,0.0,2021-09-08,,,,,,,-31.79578267575842,,1302330,133814.78007708926,165072.5402421373,217.6533002508415,,218.32662459651587,224.11791987844742,214.8789012512716,227.5656432236917,209.08760596934005,233.35693850562325,205.63988262409578,,,3.0159352014676983,2.7341815024728073,0.281753698994891,,66.66414278630708,220.9117889404297,,,,IONEXCHANG.BO,2023-08-21 22:01:42.730691
472,2021-09-07 00:00:00+05:30,222.48685925419946,222.48685925419946,213.37523782509487,215.10223388671875,123470,0.0,0.0,2021-09-07,,,,,,,-38.82019023295088,,1175620,127103.02325769905,172886.98028339932,217.49642352603558,,216.98811032200436,220.60098281891385,211.48936138980926,226.09973175110895,207.87648889289977,229.71260424801844,202.37773996070467,,,3.0628221795454067,2.6637430777240843,0.39907910182132245,,71.11635385246424,222.30943908691407,,,,IONEXCHANG.BO,2023-08-21 22:01:42.730691
473,2021-09-06 00:00:00+05:30,221.77434648421522,225.3557645217754,216.56972782251256,218.41470336914062,134080,0.0,0.0,2021-09-06,,,,,,,8.871817276692761,,1299090,140150.73649976566,184332.96953982435,217.62421147945537,,220.11339857114285,223.65706931977314,214.8710326205103,228.8994352704057,211.32736187188002,232.44310601903598,206.08499592124747,,,3.6248052806085695,2.563973302268753,1.0608319783398166,,76.13813047734521,224.58475341796876,,,,IONEXCHANG.BO,2023-08-21 22:01:42.730691
474,2021-09-03 00:00:00+05:30,229.21558797603038,229.22031118735492,221.8923208174859,222.8124542236328,123060,0.0,0.0,2021-09-03,,,,,,,63.015139677224255,,1433170,131221.76804109072,195378.52779983904,217.5755749769756,,224.64169540949123,227.39107000149656,220.06307963162755,231.96968577936025,217.31370503962222,234.71906037136557,212.73508926175853,,,3.963164600661429,2.2987653076837984,1.6643992929776306,,81.50880477373018,225.4690185546875,,,,IONEXCHANG.BO,2023-08-21 22:01:42.730691
475,2021-09-02 00:00:00+05:30,230.267830248712,234.04271271180565,217.05574162788426,227.55935668945312,158630,0.0,0.0,2021-09-02,,,,,,,,,1556230,172754.56547658128,211417.71773952612,217.26214922491778,,226.21927034304767,235.38279905821108,218.3958279742897,243.20624142696906,209.23229925912628,252.36977014213247,201.4088568903683,,,3.9032072883827027,1.8826654844393904,2.0205418039433125,,85.25223943903634,223.28241577148438,,,,IONEXCHANG.BO,2023-08-21 22:01:42.730691
476,2021-09-01 00:00:00+05:30,228.38039297319594,235.3450558462572,223.66651302376422,227.658447265625,195520,0.0,0.0,2021-09-01,,,,,,,,,1714860,213022.00594523022,221083.5058052623,216.40131718093446,,228.8900053785488,234.1134977333334,222.43495491084042,240.56854820104178,217.21146255605584,245.79204055582636,210.75641208834745,,,3.2998062852953183,1.3775300334535623,1.922276251841756,,89.28363061705838,219.7934814453125,,,,IONEXCHANG.BO,2023-08-21 22:01:42.730691
477,2021-08-31 00:00:00+05:30,219.60379700576118,233.47648797328668,214.36614440780835,226.4788055419922,319800,0.0,0.0,2021-08-31,,,,,,,,,1519340,346621.53184864944,223098.8807702703,215.10813617379068,,224.77381264102905,235.18148087424976,216.07113730877143,243.88415620650738,205.66346907555072,254.2918244397281,196.9607937432931,,,2.4675141672453833,0.8969609704931232,1.5705531967522601,,89.89950415377726,216.82359313964844,,,,IONEXCHANG.BO,2023-08-21 22:01:42.730691
478,2021-08-30 00:00:00+05:30,214.69643879088227,225.45484798566463,213.28085787577754,222.83602905273438,230040,0.0,0.0,2021-08-30,,,,,,,,,1199540,245323.008274498,192218.21800067552,212.4773012266406,,220.52391163805885,227.76696540034015,215.59297529045307,232.69790174794593,208.34992152817176,239.94095551022724,203.41898518056598,,,1.4807183045354861,0.5043226713050581,0.976395633230428,,90.71515119354028,213.85653381347657,,,,IONEXCHANG.BO,2023-08-21 22:01:42.730691
479,2021-08-27 00:00:00+05:30,210.16658503074234,216.48951048033592,209.03412313529836,211.8794403076172,189370,0.0,0.0,2021-08-27,,,,,,,,,969500,192021.3453633682,178942.0204322199,210.4090800168133,,212.46769130775047,215.90125948020258,208.44587213516502,219.92307865278804,205.0123039627129,223.35664682524015,200.99048479012745,,,0.5536437359999695,0.26022376299745115,0.2934199730025184,,92.7554414259784,211.08010864257812,,,,IONEXCHANG.BO,2023-08-21 22:01:42.730691
480,2021-08-26 00:00:00+05:30,215.16358182175873,216.55557552003378,209.03884410943036,210.11468505859375,91330,0.0,0.0,2021-08-26,,,,,,,,,780130,91837.35691309547,175672.18919943282,210.11987663054057,,211.9030348960193,214.76722568260826,207.25049427200483,219.41976630662273,204.38630348541588,222.28395709321168,199.7337628614014,,,0.4373767976061629,0.1868687697468215,0.25050802785934134,,96.24059058257808,,,,,IONEXCHANG.BO,2023-08-21 22:01:42.730691
481,2021-08-25 00:00:00+05:30,213.28086606044727,214.69644702987503,211.4925114037273,212.8090057373047,114470,0.0,0.0,2021-08-25,,,,,,,,,871460,116581.91837478057,196630.89727101714,210.12042071319027,,212.99932139030236,214.50613137687742,211.30219575072968,216.2032570164501,209.79538576415462,217.71006700302516,208.09826012458194,,,0.45569461619359686,0.12424176278198615,0.3314528534116107,,100.0,,,,,IONEXCHANG.BO,2023-08-21 22:01:42.730691
482,2021-08-24 00:00:00+05:30,208.95389932511716,213.75272511910416,207.14668063418702,211.6435089111328,213890,0.0,0.0,2021-08-24,,,,,,,,,756990,216643.14199507624,216643.14199507624,209.71386008793712,,210.84763822147465,214.5485958087623,207.94255132384515,217.4536827063918,204.24159373655752,221.15464029367942,201.33650683892802,,,0.2068927471454174,0.04137854942908348,0.1655141977163339,,,,,,,IONEXCHANG.BO,2023-08-21 22:01:42.730691
483,2021-08-23 00:00:00+05:30,208.5622654611064,216.1120307266668,203.84366217013115,208.9539031982422,543100,0.0,0.0,2021-08-23,,,,,,,,,543100,,,208.9539031982422,,209.63653203168005,215.42940189322894,203.1610333366933,221.9049005882157,197.3681634751444,227.6977704497646,190.89266478015765,,,0.0,0.0,0.0,,,,,,,IONEXCHANG.BO,2023-08-21 22:01:42.730691
>>>>>>> Stashed changes
